1228093.6283524972	2.748720545232424e+28
1842830.640617852	2.7499750952924237e+28
2456812.9965465423	2.7316967363369587e+28
3068956.630517936	2.6969488325024632e+28
3678321.6675543757	2.6928322290509067e+28
4283554.837982116	2.6868200029630274e+28
4884227.772125292	2.6568442547338426e+28
5479971.943358835	2.639923481834674e+28
6070786.827092514	2.642367250552771e+28
6655841.623716718	2.6246048032137736e+28
7235355.319540292	2.5933524199304025e+28
7808562.447723652	2.5865915052967984e+28
8374561.2117889505	2.583768993470644e+28
8934512.958186362	2.555650770688452e+28
9486464.129484704	2.537207449229259e+28
10030203.163565531	2.5387437469264416e+28
10566095.58692803	2.524355009936268e+28
11094056.868431853	2.4919831981210796e+28
11612461.415651722	2.481634046852256e+28
12121358.941966861	2.47981668325934e+28
12619325.61312212	2.4533337545490942e+28
13105999.371280313	2.4284912778985817e+28
13581276.539780784	2.4278300580793897e+28
14043812.007072724	2.4206552482833696e+28
14493392.44828484	2.387563100987858e+28
14929227.946548343	2.371269177957145e+28
15351220.289279936	2.373550751865266e+28
15758614.484782603	2.355446956788002e+28
16151571.565640293	2.3247387462619565e+28
16529580.443556335	2.3138826528288423e+28
16893075.421899945	2.31748203206537e+28
17242019.879352883	2.293375865461995e+28
17576510.923673104	2.2664650643641474e+28
17897165.030529276	2.2598464694470725e+28
18203892.77407445	2.2609788117334212e+28
18497352.017248303	2.2363197498594157e+28
18777307.48989322	2.2122915542571226e+28
19044417.060650606	2.208007423596013e+28
19314088.64663306	2.208801294110467e+28
19568201.080579687	2.1782375543071654e+28
19808922.08904866	2.1589127716565383e+28
20034695.52002226	2.157453726589294e+28
20246379.895628255	2.148513293374323e+28
20443275.82259996	2.1192985261195174e+28
20624122.08417367	2.1044477218591312e+28
20790735.028192244	2.106237964697721e+28
20942020.407066748	2.0890294692908063e+28
21077563.168687217	2.061321615644682e+28
21197765.29118105	2.0508568500888662e+28
21301348.111797996	2.0521343624447142e+28
21389455.24084239	2.0312905791346865e+28
21462267.76228458	2.008487378299587e+28
21519123.679415945	2.0003055039977604e+28
21559979.698970035	2.0020040262759237e+28
21585378.993429787	1.978428659428741e+28
21595454.402489427	1.9570827311601633e+28
21590360.299448457	1.9514957796058614e+28
21570670.269836307	1.9543179076756575e+28
21536487.112108137	1.9299240147417015e+28
21488267.680992804	1.9118311640634206e+28
21426374.982716978	1.9061068412066568e+28
21351354.392637484	1.9119426632141826e+28
21263322.662744876	1.887651664528888e+28
21163041.78160597	1.8703620510064847e+28
21050633.634406354	1.8621399412686512e+28
20926594.69383397	1.8650557394921268e+28
20792120.88965433	1.8460185520182393e+28
20646697.771798763	1.8218193584383205e+28
20491914.68189344	1.8154617072604499e+28
20326778.41789003	1.816461560425276e+28
20152854.2464833	1.8004968241871e+28
19970373.724094402	1.7800359388053536e+28
19779600.60644299	1.767985366285086e+28
19580971.097685628	1.7683133716684065e+28
19374967.684143376	1.7538877092302242e+28
19161884.25164916	1.7280713733104708e+28
18942058.518809408	1.7133343953344765e+28
18716652.14321194	1.7083854923450744e+28
18484573.92124579	1.6981544711377581e+28
18247386.967179712	1.6725805908547804e+28
18006217.08743955	1.653201595165748e+28
17759827.64556008	1.6457273376123963e+28
17509657.75593572	1.6400239947576752e+28
17256125.704514325	1.6131344211230973e+28
17000108.671711486	1.592625307630117e+28
16741558.810337825	1.581896027449639e+28
16481744.249016851	1.575203628577024e+28
16220813.399148636	1.5587616140850533e+28
15959064.880186431	1.533540559599462e+28
15697839.353872877	1.5147222381346882e+28
15437359.96632844	1.5047327620950778e+28
15178584.670844642	1.497497610468046e+28
14922122.07462464	1.475684071436255e+28
14668696.077020615	1.4527020142705568e+28
14419243.726700788	1.4356723389937612e+28
14173906.452703856	1.4254131241205437e+28
13934591.816770233	1.4157610433996903e+28
13701185.59760432	1.3946453153618852e+28
13474281.891811525	1.3733016556541063e+28
13256015.318714745	1.3567602129180818e+28
13046328.325624801	1.346545394981613e+28
12846378.915865747	1.3373241886504405e+28
12656900.396621602	1.320057962726405e+28
12479377.496493967	1.2972427022751934e+28
12313702.82449597	1.2804649549832624e+28
12162692.051515568	1.2691504569353703e+28
12025725.304113679	1.25916198008588e+28
11904850.359832333	1.2422751592932967e+28
11800014.337720104	1.2201141906653891e+28
11712707.628042288	1.2011827223448647e+28
11642233.279676197	1.186004913015276e+28
11590500.310983129	1.1759678992785116e+28
11556857.796996554	1.1624113388918652e+28
11542330.590049827	1.1450608741107576e+28
11547283.977195676	1.124514443665586e+28
11571558.116779264	1.1080970508969122e+28
11615310.667390693	1.0973824202379006e+28
11678730.98114688	1.086919428685028e+28
11760897.518897105	1.0717474403743315e+28
11862935.864700612	1.0539415438369627e+28
11982986.45789104	1.0363880873083765e+28
12121013.806196246	1.0221624837570973e+28
12275315.09697409	1.0116213821952993e+28
12447528.945537744	1.0006842139525606e+28
12635529.424998384	9.869812376453093e+27
12837741.80999135	9.701860110793676e+27
13053427.503150275	9.540209615188786e+27
13282641.224545669	9.413159772499565e+27
13775834.874881452	9.20636493234664e+27
14310635.228738101	8.94506635766456e+27
14881522.653613104	8.671294166132267e+27
15482914.1585168	8.482161517984724e+27
16112622.20279493	8.254166723212833e+27
16765472.89520937	7.994904965973387e+27
17438163.831091855	7.811967597034767e+27
18128174.130066164	7.598173991644109e+27
18832865.218282636	7.382742723393682e+27
19550006.19258214	7.183075977966564e+27
20277494.564171385	7.010625931601512e+27
21011774.824607275	6.831791746200199e+27
21752691.089839898	6.636911154988928e+27
22498177.925158743	6.48265762985055e+27
23246822.74567363	6.305344266232124e+27
23997541.824130654	6.160871196116015e+27
24749577.648921605	5.99377713353691e+27
25500632.084911153	5.855261715601545e+27
26250853.263846494	5.692307207424926e+27
27000225.708871398	5.573954202314857e+27
27748641.936678633	5.433560094067533e+27
28496112.42257442	5.307290020150418e+27
29241595.236922354	5.167242080758679e+27
29984424.171225965	5.059954520865011e+27
30727655.763660204	4.96167945383778e+27
31468498.17198145	4.844334337822172e+27
32207965.628552206	4.7223669240100105e+27
32943610.89391993	4.6145565912479653e+27
33677210.875160076	4.5377473575409863e+27
34407176.6457232	4.454436712143975e+27
35136509.71183678	4.3626347688028233e+27
35863836.84061146	4.263284167242604e+27
36588744.738375485	4.174254046576055e+27
37313754.11466929	4.1097899451538853e+27
38039033.75915324	4.044337540302956e+27
38766341.221864104	3.9686785993059395e+27
39494415.0428893	3.88374734459147e+27
40222859.22830449	3.7949491441826577e+27
40952497.50991996	3.705198084374897e+27
41682609.77734	3.621411949649305e+27
42411812.45891291	3.528428919570267e+27
43142118.2170046	3.430365024961358e+27
43873087.35489217	3.327547084820471e+27
44605940.05566972	3.2373826173289206e+27
45341033.48766986	3.1569373015913855e+27
46079174.95235782	3.0862025932808853e+27
