1228093.6283524972	2.565468790130985e+29
1842830.640617852	2.5526778754785577e+29
2456812.9965465423	2.5401381746462702e+29
3068956.630517936	2.5235918061104733e+29
3678321.6675543757	2.5120740525777096e+29
4283554.837982116	2.4975067828593696e+29
4884227.772125292	2.4833987086030743e+29
5479971.943358835	2.4698788612758297e+29
6070786.827092514	2.458635151643258e+29
6655841.623716718	2.444506769273709e+29
7235355.319540292	2.4280018720049894e+29
7808562.447723652	2.415778219412026e+29
8374561.2117889505	2.4031367104151073e+29
8934512.958186362	2.387746708734687e+29
9486464.129484704	2.3737087498500977e+29
10030203.163565531	2.3607804250268513e+29
10566095.58692803	2.3459455843305605e+29
11094056.868431853	2.330375683372103e+29
11612461.415651722	2.3152046577371286e+29
12121358.941966861	2.3027545766935233e+29
12619325.61312212	2.285823070244702e+29
13105999.371280313	2.2703929168110408e+29
13581276.539780784	2.257141268887516e+29
14043812.007072724	2.243479471955108e+29
14493392.44828484	2.2259865816730963e+29
14929227.946548343	2.211394949319709e+29
15351220.289279936	2.198802210850856e+29
15758614.484782603	2.18354809445819e+29
16151571.565640293	2.166944794339922e+29
16529580.443556335	2.1536073460408432e+29
16893075.421899945	2.141153351062888e+29
17242019.879352883	2.128050393543385e+29
17576510.923673104	2.110267019738602e+29
17897165.030529276	2.0995914891653362e+29
18203892.77407445	2.0869453593561842e+29
18497352.017248303	2.073512527036603e+29
18777307.48989322	2.057698867599112e+29
19044417.060650606	2.046779959895244e+29
19314088.64663306	2.032081841897532e+29
19568201.080579687	2.017491737910114e+29
19808922.08904866	2.0041684306720017e+29
20034695.52002226	1.990675625570382e+29
20246379.895628255	1.9776165171768114e+29
20443275.82259996	1.96097823207145e+29
20624122.08417367	1.9477818141726876e+29
20790735.028192244	1.9356911480146357e+29
20942020.407066748	1.921140810568641e+29
21077563.168687217	1.9058546177229584e+29
21197765.29118105	1.891855665386026e+29
21301348.111797996	1.879998791654574e+29
21389455.24084239	1.866005296167102e+29
21462267.76228458	1.852392783235052e+29
21519123.679415945	1.8399777946958025e+29
21559979.698970035	1.8288677877125663e+29
21585378.993429787	1.815988449314574e+29
21595454.402489427	1.802078654889541e+29
21590360.299448457	1.7919955951853907e+29
21570670.269836307	1.7821942691845225e+29
21536487.112108137	1.7713254701059823e+29
21488267.680992804	1.760690538383747e+29
21426374.982716978	1.752301438293825e+29
21351354.392637484	1.743903333827152e+29
21263322.662744876	1.732988506854967e+29
21163041.78160597	1.7219383950877417e+29
21050633.634406354	1.7107764920681583e+29
20926594.69383397	1.7022878003634806e+29
20792120.88965433	1.6889827510607654e+29
20646697.771798763	1.676104695295004e+29
20491914.68189344	1.664343273461072e+29
20326778.41789003	1.6536017031669978e+29
20152854.2464833	1.6404449070468774e+29
19970373.724094402	1.625702741218409e+29
19779600.60644299	1.6125861978233036e+29
19580971.097685628	1.6015282080494407e+29
19374967.684143376	1.5879537161145506e+29
19161884.25164916	1.5716292505073232e+29
18942058.518809408	1.556842751726034e+29
18716652.14321194	1.5446710312077294e+29
18484573.92124579	1.5303541005350816e+29
18247386.967179712	1.5130053817458642e+29
18006217.08743955	1.4971502313296178e+29
17759827.64556008	1.4836280915650848e+29
17509657.75593572	1.469081393865311e+29
17256125.704514325	1.4526688468855093e+29
17000108.671711486	1.4356456026711124e+29
16741558.810337825	1.4217073546174585e+29
16481744.249016851	1.4069209886933185e+29
16220813.399148636	1.3918130250225232e+29
15959064.880186431	1.376147484166515e+29
15697839.353872877	1.3608976864682017e+29
15437359.96632844	1.346667197519935e+29
15178584.670844642	1.3327109333152643e+29
14922122.07462464	1.3180187653404254e+29
14668696.077020615	1.3044518211541468e+29
14419243.726700788	1.290922648554124e+29
14173906.452703856	1.2764919167330741e+29
13934591.816770233	1.2634209739054432e+29
13701185.59760432	1.2497998969881602e+29
13474281.891811525	1.2380076520733926e+29
13256015.318714745	1.2251761025049331e+29
13046328.325624801	1.210978964386709e+29
12846378.915865747	1.1977633262293648e+29
12656900.396621602	1.1847923528901076e+29
12479377.496493967	1.1729036919268075e+29
12313702.82449597	1.1599299258334418e+29
12162692.051515568	1.1466698647426749e+29
12025725.304113679	1.1333137885111365e+29
11904850.359832333	1.1200575572813482e+29
11800014.337720104	1.1076028715082485e+29
11712707.628042288	1.0946783955653952e+29
11642233.279676197	1.0818857586764036e+29
11590500.310983129	1.069046896419503e+29
11556857.796996554	1.0559716134477515e+29
11542330.590049827	1.0438413341749753e+29
11547283.977195676	1.0313323065024782e+29
11571558.116779264	1.0186353329720386e+29
11615310.667390693	1.0066822582658083e+29
11678730.98114688	9.947285732867283e+28
11760897.518897105	9.826352091601599e+28
11862935.864700612	9.697012227460192e+28
11982986.45789104	9.57937598933755e+28
12121013.806196246	9.460287904006725e+28
12275315.09697409	9.342564656311562e+28
12447528.945537744	9.223431177998186e+28
12635529.424998384	9.106655149655759e+28
12837741.80999135	8.99363886008037e+28
13053427.503150275	8.874507865462423e+28
13282641.224545669	8.76376756850195e+28
13775834.874881452	8.540792323739832e+28
14310635.228738101	8.32488430524157e+28
14881522.653613104	8.121537970939172e+28
15482914.1585168	7.907312594254724e+28
16112622.20279493	7.7033842308344514e+28
16765472.89520937	7.525193675218366e+28
17438163.831091855	7.319273065585329e+28
18128174.130066164	7.118474427557658e+28
18832865.218282636	6.948083924570411e+28
19550006.19258214	6.76548090043495e+28
20277494.564171385	6.588417090622263e+28
21011774.824607275	6.416496707114585e+28
21752691.089839898	6.2656024873295024e+28
22498177.925158743	6.093093520339066e+28
23246822.74567363	5.922876095471104e+28
23997541.824130654	5.78118114984202e+28
24749577.648921605	5.637111269646043e+28
25500632.084911153	5.486457360422554e+28
26250853.263846494	5.336666879822392e+28
27000225.708871398	5.214476869605889e+28
27748641.936678633	5.090834587350874e+28
28496112.42257442	4.954508371698647e+28
29241595.236922354	4.820987637447429e+28
29984424.171225965	4.709384381236734e+28
30727655.763660204	4.607711833034333e+28
31468498.17198145	4.499867028796526e+28
32207965.628552206	4.396944964908416e+28
32943610.89391993	4.29398425339646e+28
33677210.875160076	4.201327807836757e+28
34407176.6457232	4.106255474792244e+28
35136509.71183678	4.002977981292889e+28
35863836.84061146	3.901751902673391e+28
36588744.738375485	3.8089808109067226e+28
37313754.11466929	3.723050230223575e+28
38039033.75915324	3.6362507770702144e+28
38766341.221864104	3.5452138186067463e+28
39494415.0428893	3.450225101380924e+28
40222859.22830449	3.3623687116938695e+28
40952497.50991996	3.2785499342503223e+28
41682609.77734	3.2018306852187215e+28
42411812.45891291	3.1205702198237643e+28
43142118.2170046	3.0365080644467653e+28
43873087.35489217	2.9521564713014917e+28
44605940.05566972	2.8731048980882277e+28
45341033.48766986	2.7985520398904777e+28
46079174.95235782	2.7279972935902687e+28
