1228093.6283524972	1.0066887357895435e-19
1842830.640617852	1.000078465896369e-19
2456812.9965465423	9.93163766657768e-20
3068956.630517936	9.84757711958469e-20
3678321.6675543757	9.791641601082904e-20
4283554.837982116	9.721963326635379e-20
4884227.772125292	9.671376502752616e-20
5479971.943358835	9.603839736139309e-20
6070786.827092514	9.54738868788377e-20
6655841.623716718	9.486946119249702e-20
7235355.319540292	9.426996860863763e-20
7808562.447723652	9.37643532559393e-20
8374561.2117889505	9.329451473995756e-20
8934512.958186362	9.261271206585417e-20
9486464.129484704	9.207198822744587e-20
10030203.163565531	9.142621532235337e-20
10566095.58692803	9.089355622103161e-20
11094056.868431853	9.011066213296031e-20
11612461.415651722	8.953711353289143e-20
12121358.941966861	8.8962973328525e-20
12619325.61312212	8.813189983410984e-20
13105999.371280313	8.749967573061097e-20
13581276.539780784	8.682186131773496e-20
14043812.007072724	8.619545623536289e-20
14493392.44828484	8.544623382902543e-20
14929227.946548343	8.480451296747895e-20
15351220.289279936	8.403985334664472e-20
15758614.484782603	8.348108174118077e-20
16151571.565640293	8.281890609295277e-20
16529580.443556335	8.202158656347468e-20
16893075.421899945	8.15469117582958e-20
17242019.879352883	8.098255971187883e-20
17576510.923673104	8.026890896044843e-20
17897165.030529276	7.95747206454244e-20
18203892.77407445	7.91626646457565e-20
18497352.017248303	7.847328869014813e-20
18777307.48989322	7.769598109557854e-20
19044417.060650606	7.730420609694697e-20
19314088.64663306	7.64954305586265e-20
19568201.080579687	7.585943996171551e-20
19808922.08904866	7.51790532243547e-20
20034695.52002226	7.45576494621206e-20
20246379.895628255	7.401823027968032e-20
20443275.82259996	7.319001365685903e-20
20624122.08417367	7.274435694563617e-20
20790735.028192244	7.218736515406277e-20
20942020.407066748	7.15122629983541e-20
21077563.168687217	7.085653168972253e-20
21197765.29118105	7.029945873684047e-20
21301348.111797996	6.983852090160703e-20
21389455.24084239	6.930000866324527e-20
21462267.76228458	6.855932245342993e-20
21519123.679415945	6.795073602892498e-20
21559979.698970035	6.75885285773264e-20
21585378.993429787	6.691436608794301e-20
21595454.402489427	6.62654475526983e-20
21590360.299448457	6.577435416024868e-20
21570670.269836307	6.523730762259404e-20
21536487.112108137	6.47155426068243e-20
21488267.680992804	6.399818338565825e-20
21426374.982716978	6.356200270328405e-20
21351354.392637484	6.295255566906785e-20
21263322.662744876	6.246817534957103e-20
21163041.78160597	6.176011832099765e-20
21050633.634406354	6.131171025852492e-20
20926594.69383397	6.081737935291044e-20
20792120.88965433	6.010967728353791e-20
20646697.771798763	5.961861910525147e-20
20491914.68189344	5.890787487903773e-20
20326778.41789003	5.836210260094348e-20
20152854.2464833	5.780742541834247e-20
19970373.724094402	5.698715237761614e-20
19779600.60644299	5.640641757097654e-20
19580971.097685628	5.575514368924499e-20
19374967.684143376	5.504195149907576e-20
19161884.25164916	5.423966811649099e-20
18942058.518809408	5.3482066022666486e-20
18716652.14321194	5.2766951074176585e-20
18484573.92124579	5.2061008442904196e-20
18247386.967179712	5.1242528439805764e-20
18006217.08743955	5.042015853491513e-20
17759827.64556008	4.9766556045985986e-20
17509657.75593572	4.913311534116694e-20
17256125.704514325	4.829350826184987e-20
17000108.671711486	4.747953531117672e-20
16741558.810337825	4.68147939257598e-20
16481744.249016851	4.617436964052864e-20
16220813.399148636	4.543079158591563e-20
15959064.880186431	4.478996791068208e-20
15697839.353872877	4.405068117854399e-20
15437359.96632844	4.3500468797152193e-20
15178584.670844642	4.2979171293398585e-20
14922122.07462464	4.2340294139206473e-20
14668696.077020615	4.170436746342832e-20
14419243.726700788	4.112441008599553e-20
14173906.452703856	4.069717065781679e-20
13934591.816770233	4.0100688190064866e-20
13701185.59760432	3.950873299849685e-20
13474281.891811525	3.894770956535404e-20
13256015.318714745	3.8281365150526205e-20
13046328.325624801	3.7761808635939544e-20
12846378.915865747	3.7254570270016355e-20
12656900.396621602	3.664243184711532e-20
12479377.496493967	3.595552635936385e-20
12313702.82449597	3.540783768617222e-20
12162692.051515568	3.47238670025909e-20
12025725.304113679	3.4224728042625106e-20
11904850.359832333	3.356202695134762e-20
11800014.337720104	3.292539540739396e-20
11712707.628042288	3.224553724528303e-20
11642233.279676197	3.1758072910804525e-20
11590500.310983129	3.117448772007267e-20
11556857.796996554	3.070488517434033e-20
11542330.590049827	3.010104165449005e-20
11547283.977195676	2.951046361457547e-20
11571558.116779264	2.89506207056953e-20
11615310.667390693	2.846170408292581e-20
11678730.98114688	2.796574905815094e-20
11760897.518897105	2.74639015993676e-20
11862935.864700612	2.6858795501557724e-20
11982986.45789104	2.6326089836719563e-20
12121013.806196246	2.5830685017036098e-20
12275315.09697409	2.5439256826634624e-20
12447528.945537744	2.4891853288817497e-20
12635529.424998384	2.441520117300513e-20
12837741.80999135	2.395265829660388e-20
13053427.503150275	2.3491721348322908e-20
13282641.224545669	2.303259883609652e-20
13775834.874881452	2.2044289273698007e-20
14310635.228738101	2.120508850563099e-20
14881522.653613104	2.0397211600191304e-20
15482914.1585168	1.9677609025879877e-20
16112622.20279493	1.888551384848767e-20
16765472.89520937	1.8123901724991997e-20
17438163.831091855	1.7450604498834323e-20
18128174.130066164	1.6768680350114655e-20
18832865.218282636	1.6075194676956867e-20
19550006.19258214	1.5441174252271818e-20
20277494.564171385	1.4848915149782543e-20
21011774.824607275	1.4284242134880435e-20
21752691.089839898	1.3698830926771567e-20
22498177.925158743	1.3170001134395886e-20
23246822.74567363	1.2658071516668707e-20
23997541.824130654	1.2150975576089962e-20
24749577.648921605	1.1646686579362518e-20
25500632.084911153	1.1199138514012273e-20
26250853.263846494	1.0759113238540545e-20
27000225.708871398	1.031550316919748e-20
27748641.936678633	9.867578015574644e-21
28496112.42257442	9.438900758750155e-21
29241595.236922354	9.027157188430261e-21
29984424.171225965	8.62951168988881e-21
30727655.763660204	8.215361371855555e-21
31468498.17198145	7.834165545684575e-21
32207965.628552206	7.471461574450155e-21
32943610.89391993	7.148100287276925e-21
33677210.875160076	6.820091573869038e-21
34407176.6457232	6.535209051541974e-21
35136509.71183678	6.2251620166807866e-21
35863836.84061146	5.9410227760084025e-21
36588744.738375485	5.681016856513773e-21
37313754.11466929	5.412457504308353e-21
38039033.75915324	5.161928964171587e-21
38766341.221864104	4.901972678431732e-21
39494415.0428893	4.662672824530649e-21
40222859.22830449	4.451202504610735e-21
40952497.50991996	4.2483063019783314e-21
41682609.77734	4.056447104926835e-21
42411812.45891291	3.87268608777853e-21
43142118.2170046	3.687945330236348e-21
43873087.35489217	3.503442781944105e-21
44605940.05566972	3.3293430824539174e-21
45341033.48766986	3.1597046007728416e-21
46079174.95235782	2.9988752731888127e-21
