1228093.6283524972	6.751397010946252e-20
1842830.640617852	6.718182698809485e-20
2456812.9965465423	6.677382265235772e-20
3068956.630517936	6.622218640046188e-20
3678321.6675543757	6.591517129231262e-20
4283554.837982116	6.554033243133599e-20
4884227.772125292	6.516491554832531e-20
5479971.943358835	6.475902204367852e-20
6070786.827092514	6.445458547619335e-20
6655841.623716718	6.406878371592407e-20
7235355.319540292	6.36434192797849e-20
7808562.447723652	6.334782070085634e-20
8374561.2117889505	6.30960167644201e-20
8934512.958186362	6.25737293405245e-20
9486464.129484704	6.221988262799172e-20
10030203.163565531	6.183988020756824e-20
10566095.58692803	6.146541895399175e-20
11094056.868431853	6.08838310635922e-20
11612461.415651722	6.051517353642325e-20
12121358.941966861	6.015911556585732e-20
12619325.61312212	5.953967213056827e-20
13105999.371280313	5.91014523836741e-20
13581276.539780784	5.868688288698194e-20
14043812.007072724	5.827514832650815e-20
14493392.44828484	5.773727154282671e-20
14929227.946548343	5.730039636662269e-20
15351220.289279936	5.685888115338778e-20
15758614.484782603	5.649419923214432e-20
16151571.565640293	5.601894269164023e-20
16529580.443556335	5.553070190209576e-20
16893075.421899945	5.528208552404683e-20
17242019.879352883	5.489053813669072e-20
17576510.923673104	5.447183419741064e-20
17897165.030529276	5.402268580141066e-20
18203892.77407445	5.3772677395236657e-20
18497352.017248303	5.335023005121915e-20
18777307.48989322	5.284566243844206e-20
19044417.060650606	5.2607043975362243e-20
19314088.64663306	5.211673810530794e-20
19568201.080579687	5.167753409333199e-20
19808922.08904866	5.123152173963447e-20
20034695.52002226	5.086978412525736e-20
20246379.895628255	5.054242960212504e-20
20443275.82259996	4.9942489567255787e-20
20624122.08417367	4.968311891891919e-20
20790735.028192244	4.9365325959009526e-20
20942020.407066748	4.890254940298275e-20
21077563.168687217	4.8476513453683773e-20
21197765.29118105	4.8120577963125733e-20
21301348.111797996	4.785923429748816e-20
21389455.24084239	4.7495859299635147e-20
21462267.76228458	4.7042290620291583e-20
21519123.679415945	4.667116151817871e-20
21559979.698970035	4.6480658703919453e-20
21585378.993429787	4.6058532340311366e-20
21595454.402489427	4.570317377438954e-20
21590360.299448457	4.542570831428172e-20
21570670.269836307	4.512937968906153e-20
21536487.112108137	4.4813041837073174e-20
21488267.680992804	4.431282143704213e-20
21426374.982716978	4.412256868818183e-20
21351354.392637484	4.3772555221361514e-20
21263322.662744876	4.345727347873971e-20
21163041.78160597	4.30835521522452e-20
21050633.634406354	4.2760009208267394e-20
20926594.69383397	4.25070293968809e-20
20792120.88965433	4.202478391293019e-20
20646697.771798763	4.1664010120674295e-20
20491914.68189344	4.124253862322263e-20
20326778.41789003	4.089591855796322e-20
20152854.2464833	4.0518374737692446e-20
19970373.724094402	4.000456635304487e-20
19779600.60644299	3.960988198716466e-20
19580971.097685628	3.91798361638522e-20
19374967.684143376	3.869320435394966e-20
19161884.25164916	3.811059378362772e-20
18942058.518809408	3.759417264207216e-20
18716652.14321194	3.7110423539432703e-20
18484573.92124579	3.6609635542389644e-20
18247386.967179712	3.605352047959508e-20
18006217.08743955	3.550992539641124e-20
17759827.64556008	3.503060610910574e-20
17509657.75593572	3.4558120073546317e-20
17256125.704514325	3.400490131090813e-20
17000108.671711486	3.344069670357728e-20
16741558.810337825	3.297713863740786e-20
16481744.249016851	3.2539952249153394e-20
16220813.399148636	3.202830790284991e-20
15959064.880186431	3.1596552051212503e-20
15697839.353872877	3.10973923348585e-20
15437359.96632844	3.0726841332616115e-20
15178584.670844642	3.037479801580095e-20
14922122.07462464	2.9949268768570893e-20
14668696.077020615	2.9530859527738526e-20
14419243.726700788	2.915466360475336e-20
14173906.452703856	2.888459061721778e-20
13934591.816770233	2.8487785981769525e-20
13701185.59760432	2.810575932786504e-20
13474281.891811525	2.7736071291175204e-20
13256015.318714745	2.728542218856208e-20
13046328.325624801	2.692673119783224e-20
12846378.915865747	2.6566610666545e-20
12656900.396621602	2.6143756550503222e-20
12479377.496493967	2.5677231558718907e-20
12313702.82449597	2.5296737511900544e-20
12162692.051515568	2.4809884295333097e-20
12025725.304113679	2.4450720241836154e-20
11904850.359832333	2.397555262962196e-20
11800014.337720104	2.3531441850718898e-20
11712707.628042288	2.3046150088444804e-20
11642233.279676197	2.2701176421454947e-20
11590500.310983129	2.2273483587922977e-20
11556857.796996554	2.1922091593588492e-20
11542330.590049827	2.1502414643057563e-20
11547283.977195676	2.1089525793082425e-20
11571558.116779264	2.0685117019428815e-20
11615310.667390693	2.0337013383266505e-20
11678730.98114688	1.9971715698231603e-20
11760897.518897105	1.9607466318185473e-20
11862935.864700612	1.9184665941206436e-20
11982986.45789104	1.880643404391282e-20
12121013.806196246	1.845349707939763e-20
12275315.09697409	1.8172461350841205e-20
12447528.945537744	1.7763933262533583e-20
12635529.424998384	1.7426213873741713e-20
12837741.80999135	1.710480517329872e-20
13053427.503150275	1.6780097476280706e-20
13282641.224545669	1.6453879618723613e-20
13775834.874881452	1.5722345148565353e-20
14310635.228738101	1.5130053429516595e-20
14881522.653613104	1.4558685495719747e-20
15482914.1585168	1.4033982239180613e-20
16112622.20279493	1.3465764135842818e-20
16765472.89520937	1.29312972846019e-20
17438163.831091855	1.2443216492215092e-20
18128174.130066164	1.1947133674160968e-20
18832865.218282636	1.1458253438821688e-20
19550006.19258214	1.1005742982000723e-20
20277494.564171385	1.0576353962207704e-20
21011774.824607275	1.0174733074644248e-20
21752691.089839898	9.769513930311776e-21
22498177.925158743	9.387377724650693e-21
23246822.74567363	9.019591234245735e-21
23997541.824130654	8.663622310348818e-21
24749577.648921605	8.310782966145556e-21
25500632.084911153	7.991066084724521e-21
26250853.263846494	7.678667323256932e-21
27000225.708871398	7.370788221773219e-21
27748641.936678633	7.060974136181098e-21
28496112.42257442	6.75502332707619e-21
29241595.236922354	6.4643840877246656e-21
29984424.171225965	6.190773310716988e-21
30727655.763660204	5.9086673695720765e-21
31468498.17198145	5.6556273829440504e-21
32207965.628552206	5.393070963855778e-21
32943610.89391993	5.177558989690435e-21
33677210.875160076	4.944147545343243e-21
34407176.6457232	4.7558154089521046e-21
35136509.71183678	4.533864260355922e-21
35863836.84061146	4.336074952455402e-21
36588744.738375485	4.152908297158091e-21
37313754.11466929	3.967892106942556e-21
38039033.75915324	3.795343372915215e-21
38766341.221864104	3.610775024292175e-21
39494415.0428893	3.437620343866668e-21
40222859.22830449	3.2854771345510274e-21
40952497.50991996	3.1411657385223843e-21
41682609.77734	3.004521919589804e-21
42411812.45891291	2.8731451499866088e-21
43142118.2170046	2.736957287340093e-21
43873087.35489217	2.600748461444372e-21
44605940.05566972	2.4721609263988998e-21
45341033.48766986	2.3477347106462885e-21
46079174.95235782	2.229965830058479e-21
