1228093.6283524972	4.430255197804533e-20
1842830.640617852	4.4026609242752844e-20
2456812.9965465423	4.374244631117539e-20
3068956.630517936	4.340098155474326e-20
3678321.6675543757	4.3179406164960165e-20
4283554.837982116	4.289558872338242e-20
4884227.772125292	4.26843048684187e-20
5479971.943358835	4.239717452085175e-20
6070786.827092514	4.217875698730581e-20
6655841.623716718	4.191500841045884e-20
7235355.319540292	4.1619526213194146e-20
7808562.447723652	4.14376688382959e-20
8374561.2117889505	4.1233800016201506e-20
8934512.958186362	4.0918003876913376e-20
9486464.129484704	4.0666009810262736e-20
10030203.163565531	4.0379611209284224e-20
10566095.58692803	4.01055794815307e-20
11094056.868431853	3.9748192221627313e-20
11612461.415651722	3.9477130727997384e-20
12121358.941966861	3.921646729346165e-20
12619325.61312212	3.8815234993037595e-20
13105999.371280313	3.8540470437807796e-20
13581276.539780784	3.8218906744119855e-20
14043812.007072724	3.7945815156636516e-20
14493392.44828484	3.760655455796109e-20
14929227.946548343	3.7310806246954523e-20
15351220.289279936	3.6993202541235716e-20
15758614.484782603	3.673660780150752e-20
16151571.565640293	3.645009673397797e-20
16529580.443556335	3.610410090430697e-20
16893075.421899945	3.59181572217835e-20
17242019.879352883	3.566718763467557e-20
17576510.923673104	3.535239315454771e-20
17897165.030529276	3.5073176971618274e-20
18203892.77407445	3.488912574281806e-20
18497352.017248303	3.4577261727166105e-20
18777307.48989322	3.423128106047386e-20
19044417.060650606	3.405720980909274e-20
19314088.64663306	3.36793606312645e-20
19568201.080579687	3.3408199528173174e-20
19808922.08904866	3.3106785173349286e-20
20034695.52002226	3.280466533522014e-20
20246379.895628255	3.255991324737181e-20
20443275.82259996	3.2178690760138734e-20
20624122.08417367	3.1979244695275946e-20
20790735.028192244	3.1720172363318355e-20
20942020.407066748	3.1408362173822364e-20
21077563.168687217	3.1102103087705144e-20
21197765.29118105	3.085777289834163e-20
21301348.111797996	3.0662763932767364e-20
21389455.24084239	3.0403058259264277e-20
21462267.76228458	3.0083999327461976e-20
21519123.679415945	2.981094667742641e-20
21559979.698970035	2.965317271670625e-20
21585378.993429787	2.9351142490904446e-20
21595454.402489427	2.9071260973949284e-20
21590360.299448457	2.88562928596297e-20
21570670.269836307	2.8630321128139555e-20
21536487.112108137	2.8404332007089307e-20
21488267.680992804	2.8087470188832996e-20
21426374.982716978	2.792691485832171e-20
21351354.392637484	2.7686700319992684e-20
21263322.662744876	2.745454044084731e-20
21163041.78160597	2.7163687993953126e-20
21050633.634406354	2.6953357482008105e-20
20926594.69383397	2.6738205848453303e-20
20792120.88965433	2.6402510286133044e-20
20646697.771798763	2.6157542013162046e-20
20491914.68189344	2.5851784075813486e-20
20326778.41789003	2.561090928820991e-20
20152854.2464833	2.5338139708304723e-20
19970373.724094402	2.4971486006702596e-20
19779600.60644299	2.4685624209153833e-20
19580971.097685628	2.4389692418154027e-20
19374967.684143376	2.4048595276734703e-20
19161884.25164916	2.3670452044129087e-20
18942058.518809408	2.3327208472917626e-20
18716652.14321194	2.2998387435152728e-20
18484573.92124579	2.266655021789382e-20
18247386.967179712	2.2282609590727997e-20
18006217.08743955	2.191017061276023e-20
17759827.64556008	2.1600483755899054e-20
17509657.75593572	2.1288325176575632e-20
17256125.704514325	2.09213792220402e-20
17000108.671711486	2.05570390807841e-20
16741558.810337825	2.0256116030742766e-20
16481744.249016851	1.9950540122934378e-20
16220813.399148636	1.9617712938453606e-20
15959064.880186431	1.9336491722027017e-20
15697839.353872877	1.9012879490620518e-20
15437359.96632844	1.875570526207205e-20
15178584.670844642	1.8508756498409683e-20
14922122.07462464	1.8227783449260215e-20
14668696.077020615	1.7956530878608672e-20
14419243.726700788	1.7703302376648356e-20
14173906.452703856	1.7503779900823652e-20
13934591.816770233	1.7248362101355543e-20
13701185.59760432	1.700002991970455e-20
13474281.891811525	1.678687832975711e-20
13256015.318714745	1.652179406651951e-20
13046328.325624801	1.6298386633081454e-20
12846378.915865747	1.6076582820808467e-20
12656900.396621602	1.5817078509794904e-20
12479377.496493967	1.5557450388806473e-20
12313702.82449597	1.533856471766224e-20
12162692.051515568	1.504168611508973e-20
12025725.304113679	1.4823043146243948e-20
11904850.359832333	1.453878075360238e-20
11800014.337720104	1.4290549585079493e-20
11712707.628042288	1.401373700464685e-20
11642233.279676197	1.3800092631541225e-20
11590500.310983129	1.3542241481554633e-20
11556857.796996554	1.3328518175602957e-20
11542330.590049827	1.3088732552305223e-20
11547283.977195676	1.2853096082272782e-20
11571558.116779264	1.2619547672826488e-20
11615310.667390693	1.240922676950088e-20
11678730.98114688	1.2184379377052268e-20
11760897.518897105	1.1970883989771816e-20
11862935.864700612	1.1721572273165252e-20
11982986.45789104	1.1500893658396755e-20
12121013.806196246	1.1290096918715766e-20
12275315.09697409	1.1118428211392682e-20
12447528.945537744	1.0870635891195609e-20
12635529.424998384	1.0667743948746393e-20
12837741.80999135	1.0478486904489923e-20
13053427.503150275	1.0288909396067134e-20
13282641.224545669	1.0091104632380503e-20
13775834.874881452	9.637355039151261e-21
14310635.228738101	9.284430281369949e-21
14881522.653613104	8.942572669010424e-21
15482914.1585168	8.620536837561306e-21
16112622.20279493	8.270482607382216e-21
16765472.89520937	7.961897361569935e-21
17438163.831091855	7.653265911206626e-21
18128174.130066164	7.34108750616795e-21
18832865.218282636	7.048839094875806e-21
19550006.19258214	6.765613393685618e-21
20277494.564171385	6.503361742156278e-21
21011774.824607275	6.2505136552726725e-21
21752691.089839898	6.008070699509922e-21
22498177.925158743	5.762822184286098e-21
23246822.74567363	5.523909338542962e-21
23997541.824130654	5.3079066451788926e-21
24749577.648921605	5.085064729980447e-21
25500632.084911153	4.881717149397721e-21
26250853.263846494	4.6803250708547096e-21
27000225.708871398	4.489379425174571e-21
27748641.936678633	4.294521529425469e-21
28496112.42257442	4.100864409607255e-21
29241595.236922354	3.913435596986364e-21
29984424.171225965	3.739962681623914e-21
30727655.763660204	3.5620027002414334e-21
31468498.17198145	3.393125579765805e-21
32207965.628552206	3.231118474051661e-21
32943610.89391993	3.0900302423353762e-21
33677210.875160076	2.947247770109794e-21
34407176.6457232	2.8224472028071286e-21
35136509.71183678	2.6808375010347345e-21
35863836.84061146	2.5518803017002784e-21
36588744.738375485	2.4346865427031394e-21
37313754.11466929	2.316402129801122e-21
38039033.75915324	2.2040672261166243e-21
38766341.221864104	2.087966885580908e-21
39494415.0428893	1.9785840522413715e-21
40222859.22830449	1.8829895582302227e-21
40952497.50991996	1.7925979989576437e-21
41682609.77734	1.7096504113560607e-21
42411812.45891291	1.6310560534123395e-21
43142118.2170046	1.5516707315647872e-21
43873087.35489217	1.4732491240548213e-21
44605940.05566972	1.3992345979849214e-21
45341033.48766986	1.3272709962025944e-21
46079174.95235782	1.2592636218684331e-21
