1228093.6283524972	3.0072953577261256e-19
1842830.640617852	2.987591398773381e-19
2456812.9965465423	2.9691669120026665e-19
3068956.630517936	2.9452701832909807e-19
3678321.6675543757	2.928392915631725e-19
4283554.837982116	2.9115496512381087e-19
4884227.772125292	2.8931754693340917e-19
5479971.943358835	2.8739149461883047e-19
6070786.827092514	2.8605514762537693e-19
6655841.623716718	2.841185489670208e-19
7235355.319540292	2.8220069130227314e-19
7808562.447723652	2.8089426918523603e-19
8374561.2117889505	2.7948101582835296e-19
8934512.958186362	2.7733497795694053e-19
9486464.129484704	2.7578668851419005e-19
10030203.163565531	2.7390414000740985e-19
10566095.58692803	2.7211594112163803e-19
11094056.868431853	2.6990805590945085e-19
11612461.415651722	2.6824933969969136e-19
12121358.941966861	2.6643240571454357e-19
12619325.61312212	2.6381059050350715e-19
13105999.371280313	2.621288582663464e-19
13581276.539780784	2.5996202183826137e-19
14043812.007072724	2.579219537406302e-19
14493392.44828484	2.5586280105798132e-19
14929227.946548343	2.540294997671381e-19
15351220.289279936	2.5158260315394277e-19
15758614.484782603	2.4986168339215527e-19
16151571.565640293	2.4815184882097944e-19
16529580.443556335	2.4574233745058365e-19
16893075.421899945	2.4421736887953375e-19
17242019.879352883	2.4248126662478594e-19
17576510.923673104	2.407784474149661e-19
17897165.030529276	2.3859546504200763e-19
18203892.77407445	2.3719717781035434e-19
18497352.017248303	2.352940695507049e-19
18777307.48989322	2.3317781301650724e-19
19044417.060650606	2.3189089453982556e-19
19314088.64663306	2.2930847635226825e-19
19568201.080579687	2.2759636309709744e-19
19808922.08904866	2.2568842381020804e-19
20034695.52002226	2.236520032510922e-19
20246379.895628255	2.2205705392948793e-19
20443275.82259996	2.1966650292713176e-19
20624122.08417367	2.183878070221364e-19
20790735.028192244	2.1661012222937419e-19
20942020.407066748	2.1455304701681578e-19
21077563.168687217	2.1274843125439138e-19
21197765.29118105	2.1108416159415802e-19
21301348.111797996	2.0965888679087477e-19
21389455.24084239	2.0802330793142086e-19
21462267.76228458	2.0600094400920083e-19
21519123.679415945	2.0418015864804618e-19
21559979.698970035	2.0301309098129747e-19
21585378.993429787	2.010389635537468e-19
21595454.402489427	1.9939412841701303e-19
21590360.299448457	1.9794907409874734e-19
21570670.269836307	1.9608067768040395e-19
21536487.112108137	1.9472924767582714e-19
21488267.680992804	1.927852871661712e-19
21426374.982716978	1.914063410610324e-19
21351354.392637484	1.8958103384509195e-19
21263322.662744876	1.8809290648307821e-19
21163041.78160597	1.862766024408108e-19
21050633.634406354	1.8478319315312224e-19
20926594.69383397	1.8306940027987226e-19
20792120.88965433	1.8103881351695316e-19
20646697.771798763	1.7953752732921232e-19
20491914.68189344	1.774307150478176e-19
20326778.41789003	1.756840687907167e-19
20152854.2464833	1.7395479619553284e-19
19970373.724094402	1.7169983221564608e-19
19779600.60644299	1.6980241149432643e-19
19580971.097685628	1.6770976574025543e-19
19374967.684143376	1.6545238020902172e-19
19161884.25164916	1.6307994084030764e-19
18942058.518809408	1.6082545789755495e-19
18716652.14321194	1.5854822216199694e-19
18484573.92124579	1.5628700802481446e-19
18247386.967179712	1.5389322659662185e-19
18006217.08743955	1.5150050758362723e-19
17759827.64556008	1.4936189531115519e-19
17509657.75593572	1.4717968385384676e-19
17256125.704514325	1.4481736243110003e-19
17000108.671711486	1.4248937409112426e-19
16741558.810337825	1.4038661138076198e-19
16481744.249016851	1.3823552804726122e-19
16220813.399148636	1.3596486470792797e-19
15959064.880186431	1.341761362397434e-19
15697839.353872877	1.3199058113614303e-19
15437359.96632844	1.3017539577280608e-19
15178584.670844642	1.2838811584414255e-19
14922122.07462464	1.2656887146119465e-19
14668696.077020615	1.247687130693727e-19
14419243.726700788	1.230177259103823e-19
14173906.452703856	1.2162827706791593e-19
13934591.816770233	1.1973322946143098e-19
13701185.59760432	1.181415614608742e-19
13474281.891811525	1.1664648157485584e-19
13256015.318714745	1.1472991621772387e-19
13046328.325624801	1.1313585607321971e-19
12846378.915865747	1.1149778252556128e-19
12656900.396621602	1.0976615062155905e-19
12479377.496493967	1.0791056023119334e-19
12313702.82449597	1.063544308565713e-19
12162692.051515568	1.0426930428467372e-19
12025725.304113679	1.0266353441087602e-19
11904850.359832333	1.0070004458390056e-19
11800014.337720104	9.899027297329793e-20
11712707.628042288	9.705369589942947e-20
11642233.279676197	9.561097599185402e-20
11590500.310983129	9.377145687918207e-20
11556857.796996554	9.226396569613462e-20
11542330.590049827	9.059752523845256e-20
11547283.977195676	8.896091762078594e-20
11571558.116779264	8.732332252010398e-20
11615310.667390693	8.582259265580001e-20
11678730.98114688	8.422868518016295e-20
11760897.518897105	8.274404656826721e-20
11862935.864700612	8.10633096594996e-20
11982986.45789104	7.955462429376451e-20
12121013.806196246	7.808245142357535e-20
12275315.09697409	7.686230547830189e-20
12447528.945537744	7.512046573447673e-20
12635529.424998384	7.373177558999092e-20
12837741.80999135	7.246149986444621e-20
13053427.503150275	7.11456194922309e-20
13282641.224545669	6.977358526023645e-20
13775834.874881452	6.667788841982711e-20
14310635.228738101	6.42500603831126e-20
14881522.653613104	6.190822692685006e-20
15482914.1585168	5.9638487404794e-20
16112622.20279493	5.727633093989232e-20
16765472.89520937	5.508982583897556e-20
17438163.831091855	5.298008206800106e-20
18128174.130066164	5.0866442154758345e-20
18832865.218282636	4.883939810826342e-20
19550006.19258214	4.6902447453694326e-20
20277494.564171385	4.505905658689672e-20
21011774.824607275	4.335445457855398e-20
21752691.089839898	4.160675318242003e-20
22498177.925158743	3.995899655905726e-20
23246822.74567363	3.8364748771046053e-20
23997541.824130654	3.687468225428061e-20
24749577.648921605	3.5350404069286743e-20
25500632.084911153	3.393647651957019e-20
26250853.263846494	3.262377998825148e-20
27000225.708871398	3.1255204453092986e-20
27748641.936678633	2.9900162156699313e-20
28496112.42257442	2.858705131576177e-20
29241595.236922354	2.732411384403875e-20
29984424.171225965	2.611832308647351e-20
30727655.763660204	2.4869947074599198e-20
31468498.17198145	2.3722643368082004e-20
32207965.628552206	2.2592246932455005e-20
32943610.89391993	2.1639280271172605e-20
33677210.875160076	2.061836483670774e-20
34407176.6457232	1.9760385569612557e-20
35136509.71183678	1.8791885003858393e-20
35863836.84061146	1.7931429605638284e-20
36588744.738375485	1.7121663230708097e-20
37313754.11466929	1.629661996708549e-20
38039033.75915324	1.5522422971965642e-20
38766341.221864104	1.4721079727839087e-20
39494415.0428893	1.3978733500830185e-20
40222859.22830449	1.3328809573592177e-20
40952497.50991996	1.2698656406946677e-20
41682609.77734	1.2111085777402084e-20
42411812.45891291	1.1564988202097854e-20
43142118.2170046	1.1012969779751022e-20
43873087.35489217	1.0470615274464044e-20
44605940.05566972	9.954619521719065e-21
45341033.48766986	9.452916987812097e-21
46079174.95235782	8.971773514346791e-21
