1228093.6283524972	8.163775734989381e-21
1842830.640617852	8.147188966798967e-21
2456812.9965465423	8.098656926630262e-21
3068956.630517936	7.984822065129739e-21
3678321.6675543757	7.963796001728265e-21
4283554.837982116	7.933921064014176e-21
4884227.772125292	7.863578438250385e-21
5479971.943358835	7.804825254063128e-21
6070786.827092514	7.797550350981316e-21
6655841.623716718	7.75452349654758e-21
7235355.319540292	7.665317752077508e-21
7808562.447723652	7.64043101574761e-21
8374561.2117889505	7.632490200540448e-21
8934512.958186362	7.548956014215878e-21
9486464.129484704	7.49536256816448e-21
10030203.163565531	7.47556876509013e-21
10566095.58692803	7.44113387929773e-21
11094056.868431853	7.333647898172599e-21
11612461.415651722	7.294684396180728e-21
12121358.941966861	7.277467834044807e-21
12619325.61312212	7.187939520192906e-21
13105999.371280313	7.114498571541234e-21
13581276.539780784	7.08925014997332e-21
14043812.007072724	7.062025485575465e-21
14493392.44828484	6.961061174410952e-21
14929227.946548343	6.905341319043767e-21
15351220.289279936	6.882144853885496e-21
15758614.484782603	6.838812653805286e-21
16151571.565640293	6.748446587828863e-21
16529580.443556335	6.693640697890695e-21
16893075.421899945	6.698482994309474e-21
17242019.879352883	6.636639771478014e-21
17576510.923673104	6.554622066001886e-21
17897165.030529276	6.5150941464418955e-21
18203892.77407445	6.518787749600375e-21
18497352.017248303	6.444220110541598e-21
18777307.48989322	6.361854185960455e-21
19044417.060650606	6.35025604364715e-21
19314088.64663306	6.321826224007248e-21
19568201.080579687	6.23916795461963e-21
19808922.08904866	6.17616911912765e-21
20034695.52002226	6.152977940229853e-21
20246379.895628255	6.128985893388501e-21
20443275.82259996	6.030532451660562e-21
20624122.08417367	5.9944113582275314e-21
20790735.028192244	5.985499206241569e-21
20942020.407066748	5.928720863935041e-21
21077563.168687217	5.8494298598553814e-21
21197765.29118105	5.81224044031971e-21
21301348.111797996	5.8112155899095946e-21
21389455.24084239	5.755932573827008e-21
21462267.76228458	5.6796419135156666e-21
21519123.679415945	5.644199010071227e-21
21559979.698970035	5.6491666688959846e-21
21585378.993429787	5.576546481148212e-21
21595454.402489427	5.5100811063964116e-21
21590360.299448457	5.48957901114496e-21
21570670.269836307	5.481122532015273e-21
21536487.112108137	5.417124018222659e-21
21488267.680992804	5.354748499701067e-21
21426374.982716978	5.3337783694483306e-21
21351354.392637484	5.330540690839727e-21
21263322.662744876	5.264031118645417e-21
21163041.78160597	5.200987685532569e-21
21050633.634406354	5.176607789734824e-21
20926594.69383397	5.165969486868037e-21
20792120.88965433	5.098827114005096e-21
20646697.771798763	5.037191992636232e-21
20491914.68189344	4.99239030846391e-21
20326778.41789003	4.9838036627307736e-21
20152854.2464833	4.929293034455191e-21
19970373.724094402	4.850927860368369e-21
19779600.60644299	4.803575838038245e-21
19580971.097685628	4.777957276648214e-21
19374967.684143376	4.720969385483983e-21
19161884.25164916	4.62697738844024e-21
18942058.518809408	4.5660429561598155e-21
18716652.14321194	4.528452739246993e-21
18484573.92124579	4.47813273404437e-21
18247386.967179712	4.389320355087339e-21
18006217.08743955	4.315273266307965e-21
17759827.64556008	4.272965041024102e-21
17509657.75593572	4.239985929423338e-21
17256125.704514325	4.1478387369668155e-21
17000108.671711486	4.071217904932148e-21
16741558.810337825	4.025076186063812e-21
16481744.249016851	3.989092160662418e-21
16220813.399148636	3.923945588861569e-21
15959064.880186431	3.854284840193199e-21
15697839.353872877	3.7881261810431194e-21
15437359.96632844	3.751665615930055e-21
15178584.670844642	3.7240637732929814e-21
14922122.07462464	3.654925017765726e-21
14668696.077020615	3.586217654492523e-21
14419243.726700788	3.532579410982602e-21
14173906.452703856	3.502963291402326e-21
13934591.816770233	3.462028268090063e-21
13701185.59760432	3.399707721341689e-21
13474281.891811525	3.342088802097502e-21
13256015.318714745	3.283738871257228e-21
13046328.325624801	3.2477890161691034e-21
12846378.915865747	3.2145783402234016e-21
12656900.396621602	3.155744145182952e-21
12479377.496493967	3.0848140220755255e-21
12313702.82449597	3.0346056734485823e-21
12162692.051515568	2.9817868006968964e-21
12025725.304113679	2.9470195665952567e-21
11904850.359832333	2.884388256505436e-21
11800014.337720104	2.81742437026064e-21
11712707.628042288	2.7528959942445553e-21
11642233.279676197	2.7103316718773247e-21
11590500.310983129	2.6674295559470535e-21
11556857.796996554	2.626726367949203e-21
11542330.590049827	2.5695854928557407e-21
11547283.977195676	2.5095460455792446e-21
11571558.116779264	2.4580484098470092e-21
11615310.667390693	2.4217306938101794e-21
11678730.98114688	2.3849659790736316e-21
11760897.518897105	2.3382377173256805e-21
11862935.864700612	2.2795561690900734e-21
11982986.45789104	2.2283615930998486e-21
12121013.806196246	2.185308876854804e-21
12275315.09697409	2.1564771300037612e-21
12447528.945537744	2.1117075294397593e-21
12635529.424998384	2.06931234755467e-21
12837741.80999135	2.0243318898955215e-21
13053427.503150275	1.980269442672381e-21
13282641.224545669	1.9412884669320957e-21
13775834.874881452	1.86134365921904e-21
14310635.228738101	1.785764234661392e-21
14881522.653613104	1.711865459036722e-21
15482914.1585168	1.6568816255321906e-21
16112622.20279493	1.5868197100368434e-21
16765472.89520937	1.5166261442455653e-21
17438163.831091855	1.4640804814632803e-21
18128174.130066164	1.4034986786750832e-21
18832865.218282636	1.3431746270774241e-21
19550006.19258214	1.2894536323522398e-21
20277494.564171385	1.2413158335322553e-21
21011774.824607275	1.194234294605726e-21
21752691.089839898	1.1431513956595737e-21
22498177.925158743	1.1018106377979267e-21
23246822.74567363	1.0568216967468738e-21
23997541.824130654	1.0166108887670597e-21
24749577.648921605	9.739961975821724e-22
25500632.084911153	9.390121177388541e-22
26250853.263846494	8.997209570755536e-22
27000225.708871398	8.656752505026105e-22
27748641.936678633	8.28703094653874e-22
28496112.42257442	7.946864798680402e-22
29241595.236922354	7.589000812914684e-22
29984424.171225965	7.279245702895328e-22
30727655.763660204	6.962520691678013e-22
31468498.17198145	6.65129419528784e-22
32207965.628552206	6.343630823538818e-22
32943610.89391993	6.080045537380223e-22
33677210.875160076	5.839575287530886e-22
34407176.6457232	5.623854532751749e-22
35136509.71183678	5.382362426341766e-22
35863836.84061146	5.146555588057752e-22
36588744.738375485	4.933289323798224e-22
37313754.11466929	4.734288507712794e-22
38039033.75915324	4.541789864280127e-22
38766341.221864104	4.339123172165481e-22
39494415.0428893	4.137498134945753e-22
40222859.22830449	3.9586766367292016e-22
40952497.50991996	3.775263348246084e-22
41682609.77734	3.606495999656629e-22
42411812.45891291	3.441757039925916e-22
43142118.2170046	3.273091361021565e-22
43873087.35489217	3.0997204767563847e-22
44605940.05566972	2.9420310449465805e-22
45341033.48766986	2.793168040511658e-22
46079174.95235782	2.6568662724219678e-22
