1053810.4620850945	1.0167536659813259e+30
1581361.3154494457	1.0098888462884799e+30
2108999.7060217913	1.0030596254884892e+30
2636306.5849783104	9.956273560115222e+29
3162633.663578506	9.883715257676033e+29
3686781.653420771	9.810685212921101e+29
4208398.556458264	9.738033415614018e+29
4729037.535270787	9.665279079198987e+29
5246827.918847731	9.593976542568981e+29
5762831.075955636	9.520190875509176e+29
6277740.935240957	9.449557123262145e+29
6788896.898613205	9.379491495431819e+29
7297851.978493399	9.304574745388217e+29
7804211.482270326	9.233040648851234e+29
8307876.805778961	9.16532758509448e+29
8807890.510786336	9.092779584724029e+29
9305345.892012827	9.022898445600977e+29
9800416.112084221	8.95000344433914e+29
10292083.230328057	8.871849826618471e+29
10780351.087511018	8.80005223837996e+29
11263942.615709651	8.73261139873634e+29
11745023.474646613	8.669576070314215e+29
12222536.923650507	8.602300722109651e+29
12696280.44940722	8.526345724887333e+29
13165775.739013635	8.446679425682149e+29
13631423.658958001	8.369432163672286e+29
14093045.016957834	8.300740820555322e+29
14550163.170906365	8.241061627730357e+29
15003104.82066962	8.176015021576465e+29
15451495.965439722	8.103933390381836e+29
15895177.756162403	8.03125152418292e+29
16334098.468235092	7.953550246790818e+29
16768488.149111716	7.880083853357595e+29
17197940.15457665	7.815162672933595e+29
17622671.705019645	7.751460847439845e+29
18042910.165768713	7.68508053418468e+29
18457423.581312753	7.618830148586774e+29
18867316.179573607	7.548931580733851e+29
19297605.423989784	7.472351705313906e+29
19722327.770828675	7.401536901866034e+29
20141789.688356895	7.329623133835355e+29
20555028.246392656	7.262899847091174e+29
20963214.870338947	7.197553046869048e+29
21365699.240137216	7.12940774993412e+29
21762876.91230183	7.059384735563388e+29
22153868.290887713	6.986463978113546e+29
22540137.10805682	6.912952928599086e+29
22920299.955497965	6.845783226154687e+29
23295662.412131578	6.785032924762282e+29
23665245.71814119	6.727212409130787e+29
24029469.25547878	6.671333954460193e+29
24388655.86743148	6.604818414849835e+29
24742397.751632724	6.533864602188437e+29
25091579.79422579	6.461842325820558e+29
25435639.952829964	6.396713430928393e+29
25774567.480561145	6.336470049714258e+29
26108017.17882842	6.2845045035761184e+29
26437391.993349116	6.2314254294080396e+29
26762410.91549863	6.1773798159860194e+29
27081728.988563493	6.116276189854544e+29
27396872.23407081	6.052151443535049e+29
27707858.398115143	5.9859235696883424e+29
28013910.812487427	5.927919037132347e+29
28315961.343560275	5.8737358007384754e+29
28612493.320401143	5.824655150133204e+29
28905911.969872188	5.778476284220465e+29
29194536.756215196	5.7296290007580746e+29
29479376.347032852	5.6770230831826135e+29
29760347.67622852	5.619958931231018e+29
30037801.830526814	5.559038797805692e+29
30310778.64737229	5.4978078680086226e+29
30580058.789348327	5.443276963349052e+29
30844756.701909646	5.3933221432855855e+29
31106131.694571085	5.3478849163478164e+29
31364004.659003604	5.306947791555453e+29
31617694.239302143	5.262748684848543e+29
31867746.865600646	5.2139335157177494e+29
32113933.22547084	5.159669677314916e+29
32356554.363065295	5.1048585233136204e+29
32596105.196173362	5.049705628517328e+29
32832614.605602156	4.99893806753869e+29
33064888.0005664	4.9519794715910465e+29
33295122.589352336	4.9087662845082764e+29
33521390.648957275	4.868702307310551e+29
33744423.741412446	4.828819245934093e+29
33964715.562477484	4.7881660029621556e+29
34181751.7896611	4.743288274308652e+29
34395805.2426455	4.6932223886175774e+29
34606837.04645659	4.642400932291946e+29
34814608.18047505	4.590636171363885e+29
35020554.64209554	4.543687253643625e+29
35223444.95488764	4.496923961293398e+29
35424492.14371323	4.455710280804561e+29
35622886.074123755	4.416935776628915e+29
35818423.31628237	4.379470222235643e+29
36011232.50655134	4.340483905947627e+29
36201834.840855375	4.299272904628824e+29
36389265.37648156	4.2527756829951275e+29
36575105.82553248	4.203624066184194e+29
36759270.12006631	4.1541543691373785e+29
36940200.51772865	4.107089724588415e+29
37119356.30961291	4.06303831426868e+29
37297099.85628909	4.020980693592266e+29
37472381.87318762	3.9817225398759815e+29
37645893.88512378	3.9456818656075844e+29
37818738.036719315	3.910705591247382e+29
37988762.06840649	3.876885132628804e+29
38158057.79176923	3.842081525218695e+29
38324823.47369652	3.8030131058585386e+29
38490811.45104633	3.760106426591173e+29
38655598.22535412	3.715643227861647e+29
38819534.27090541	3.671686464439339e+29
38981937.13555036	3.6296469967788576e+29
39143148.37056416	3.589972289659557e+29
39303663.843082115	3.5520480612681194e+29
39461976.049863495	3.5168369855196874e+29
39619788.82629234	3.483583676415784e+29
39776495.81096856	3.451744022194896e+29
39932046.8622634	3.421202925867433e+29
40085753.03533663	3.391051805398883e+29
40239427.016422585	3.358291892611515e+29
40391171.10471049	3.323528002345932e+29
40542499.54319541	3.286716104986817e+29
40692201.275060065	3.248183987718585e+29
40841938.83020247	3.2106375829562015e+29
40990361.80140401	3.1740688656855884e+29
41138768.93162945	3.138738883597676e+29
41285837.50161791	3.1059019165350876e+29
41577679.07916458	3.044675606180284e+29
41868972.08685687	2.9892552464272962e+29
42157105.4557829	2.936460174831822e+29
42443997.559254475	2.880396222929631e+29
42730927.18406658	2.8181248714689402e+29
43019030.298345864	2.7535703468164792e+29
43309110.93534477	2.6922047444470102e+29
43600914.575384766	2.63559748433539e+29
43894725.74478624	2.5834899996064744e+29
44192452.68153828	2.5350547415927586e+29
44494972.04190604	2.4874426569506922e+29
44801921.481226675	2.4374695874573387e+29
45113510.515254736	2.3840096595390263e+29
45431048.511012815	2.3283799241099738e+29
45756146.65386499	2.2726976852612177e+29
46085036.61287468	2.219690041810924e+29
46418452.67574092	2.170637902182699e+29
46754049.456811756	2.125195787770306e+29
47092554.91699298	2.0829347681275098e+29
47436486.61747622	2.0417135493614605e+29
47784260.9947041	2.000105083857139e+29
48138397.06523265	1.9571288762310767e+29
48499552.688761994	1.9136489776777037e+29
48871237.23224121	1.8690648138849076e+29
49258535.37215657	1.8235316807943455e+29
49663076.07478618	1.7787977690553313e+29
50076391.25586028	1.7363716423590512e+29
50492950.69026963	1.696568750367749e+29
50913251.640511036	1.6589742897160796e+29
51338114.75706914	1.623667806061212e+29
51766138.084755756	1.5899805309380396e+29
52199567.81823006	1.556138053120385e+29
52640465.45396421	1.521550098400607e+29
53090786.47571535	1.4871781486349005e+29
53554307.1639434	1.4533671156081847e+29
54026298.35829954	1.4200432682313603e+29
54503728.33898613	1.3868989823089539e+29
54983052.07625345	1.3540070000930931e+29
55465764.87077411	1.321981310620482e+29
55951849.78148623	1.2913915970759523e+29
56441205.9478711	1.262227434527987e+29
56935112.94666938	1.234745003223452e+29
57434754.29015084	1.208865680262154e+29
57943214.61793434	1.1841217883691747e+29
58464438.02774469	1.1601090650670264e+29
58996978.97367288	1.13629144960221e+29
59534325.55433882	1.1123172799117398e+29
60077018.71972343	1.0881580708677747e+29
60622213.4037516	1.0646054353563712e+29
61170422.43650112	1.0418284706646802e+29
61719542.302013226	1.0198283135260046e+29
62270818.73478138	9.987989794018286e+28
62825570.638156556	9.78452032647346e+28
63382877.48098851	9.58597642949247e+28
63945930.50241744	9.391166342031143e+28
64517454.732963555	9.195795625842998e+28
65102021.68174196	8.997799068135648e+28
65695672.73580506	8.801204665727096e+28
66294750.751850635	8.609446673588043e+28
66899258.73606972	8.426225084438292e+28
67507000.31740116	8.251427583870833e+28
68117270.68045437	8.084699791092237e+28
68729931.88999173	7.926636343632577e+28
69344277.9741804	7.778049069794853e+28
69960197.05125195	7.634713368900561e+28
70578823.52023162	7.498311790967083e+28
71202352.13116208	7.363706948641361e+28
71833954.56203145	7.230851682523707e+28
72475758.61189726	7.096027019341084e+28
