1053810.4620850945	5.7314651749586445e+29
1581361.3154494457	5.6891846718161416e+29
2108999.7060217913	5.645636136251596e+29
2636306.5849783104	5.5992659259052046e+29
3162633.663578506	5.559926098973261e+29
3686781.653420771	5.52260327093825e+29
4208398.556458264	5.4798736248019565e+29
4729037.535270787	5.440384456681448e+29
5246827.918847731	5.3946060265301635e+29
5762831.075955636	5.3494851911669286e+29
6277740.935240957	5.310613016311383e+29
6788896.898613205	5.273927870903309e+29
7297851.978493399	5.23529229425678e+29
7804211.482270326	5.194526088040954e+29
8307876.805778961	5.1494876177904254e+29
8807890.510786336	5.105529765759585e+29
9305345.892012827	5.065074830567792e+29
9800416.112084221	5.028606875276853e+29
10292083.230328057	4.989399116071134e+29
10780351.087511018	4.947728770528092e+29
11263942.615709651	4.907503433553007e+29
11745023.474646613	4.8652356624770676e+29
12222536.923650507	4.8228561673315584e+29
12696280.44940722	4.7845414390142025e+29
13165775.739013635	4.746821460295146e+29
13631423.658958001	4.703626112745097e+29
14093045.016957834	4.664632465099136e+29
14550163.170906365	4.626121392442026e+29
15003104.82066962	4.5853877570973284e+29
15451495.965439722	4.544595698920543e+29
15895177.756162403	4.506348625259195e+29
16334098.468235092	4.466195833309522e+29
16768488.149111716	4.424761766728958e+29
17197940.15457665	4.3868920237609995e+29
17622671.705019645	4.350474142579102e+29
18042910.165768713	4.310806455128538e+29
18457423.581312753	4.272850035397516e+29
18867316.179573607	4.235546668015514e+29
19297605.423989784	4.192634404051695e+29
19722327.770828675	4.149225823921649e+29
20141789.688356895	4.1104066990894476e+29
20555028.246392656	4.075244229768955e+29
20963214.870338947	4.036843242211666e+29
21365699.240137216	3.996528997049535e+29
21762876.91230183	3.958204010854562e+29
22153868.290887713	3.917936004900132e+29
22540137.10805682	3.8760784859245096e+29
22920299.955497965	3.838703277146359e+29
23295662.412131578	3.804274075349421e+29
23665245.71814119	3.768939626227049e+29
24029469.25547878	3.7330858477093566e+29
24388655.86743148	3.696851605738148e+29
24742397.751632724	3.660789166279404e+29
25091579.79422579	3.62185740914376e+29
25435639.952829964	3.584283480801223e+29
25774567.480561145	3.550577634594501e+29
26108017.17882842	3.5208176240626116e+29
26437391.993349116	3.489772137381678e+29
26762410.91549863	3.457410083314686e+29
27081728.988563493	3.4246096078466274e+29
27396872.23407081	3.390003944238065e+29
27707858.398115143	3.352644658752005e+29
28013910.812487427	3.3182518237705205e+29
28315961.343560275	3.2875952550851544e+29
28612493.320401143	3.2595683728943615e+29
28905911.969872188	3.233792008029569e+29
29194536.756215196	3.2050905100443524e+29
29479376.347032852	3.174687086593217e+29
29760347.67622852	3.143023474856712e+29
30037801.830526814	3.1095444869953626e+29
30310778.64737229	3.0754118322122647e+29
30580058.789348327	3.0442725245710156e+29
30844756.701909646	3.0167646604885488e+29
31106131.694571085	2.9912581257253357e+29
31364004.659003604	2.9673812291965623e+29
31617694.239302143	2.941637300090346e+29
31867746.865600646	2.9140632862268407e+29
32113933.22547084	2.8848727932346172e+29
32356554.363065295	2.8547658476894095e+29
32596105.196173362	2.8236247996650325e+29
32832614.605602156	2.7949210645673887e+29
33064888.0005664	2.768587712103408e+29
33295122.589352336	2.7447980041565118e+29
33521390.648957275	2.723370522641301e+29
33744423.741412446	2.702017721609221e+29
33964715.562477484	2.6794916147169247e+29
34181751.7896611	2.6542093797458653e+29
34395805.2426455	2.6264283085657956e+29
34606837.04645659	2.5967674210903196e+29
34814608.18047505	2.5663910320954002e+29
35020554.64209554	2.539029845772828e+29
35223444.95488764	2.5124475123033915e+29
35424492.14371323	2.4879963863105285e+29
35622886.074123755	2.4658186246783866e+29
35818423.31628237	2.4447575437166954e+29
36011232.50655134	2.4227823371570834e+29
36201834.840855375	2.3991670026258737e+29
36389265.37648156	2.3730560647254087e+29
36575105.82553248	2.3448987420026306e+29
36759270.12006631	2.3162600507292233e+29
36940200.51772865	2.2892844271955845e+29
37119356.30961291	2.264262444472328e+29
37297099.85628909	2.240414572590682e+29
37472381.87318762	2.2182650426450832e+29
37645893.88512378	2.1980323436719597e+29
37818738.036719315	2.1786800690528e+29
37988762.06840649	2.160386649912347e+29
38158057.79176923	2.1407845719660504e+29
38324823.47369652	2.11891165517815e+29
38490811.45104633	2.0946131277315807e+29
38655598.22535412	2.0688526945031975e+29
38819534.27090541	2.0433956428132818e+29
38981937.13555036	2.0193163442194814e+29
39143148.37056416	1.9971016323794067e+29
39303663.843082115	1.9755437635255423e+29
39461976.049863495	1.9557189879927277e+29
39619788.82629234	1.9371285474900802e+29
39776495.81096856	1.9197154015267804e+29
39932046.8622634	1.903174231582643e+29
40085753.03533663	1.8873515618871653e+29
40239427.016422585	1.869708488037762e+29
40391171.10471049	1.8498808757739423e+29
40542499.54319541	1.8281686664694224e+29
40692201.275060065	1.805448217733958e+29
40841938.83020247	1.783620463896411e+29
40990361.80140401	1.7627796855387813e+29
41138768.93162945	1.7428210604396013e+29
41285837.50161791	1.7241537471308463e+29
41577679.07916458	1.6898143160475947e+29
41868972.08685687	1.65932867382457e+29
42157105.4557829	1.6317622587670937e+29
42443997.559254475	1.6022151023552816e+29
42730927.18406658	1.5648958155205864e+29
43019030.298345864	1.527102691021122e+29
43309110.93534477	1.4921580587480104e+29
43600914.575384766	1.4604918328992197e+29
43894725.74478624	1.4315321630231666e+29
44192452.68153828	1.4055396937530239e+29
44494972.04190604	1.3807586307795788e+29
44801921.481226675	1.3554245436262533e+29
45113510.515254736	1.324253444707763e+29
45431048.511012815	1.291198303117585e+29
45756146.65386499	1.2590017539711896e+29
46085036.61287468	1.229243674560461e+29
46418452.67574092	1.2020302454880395e+29
46754049.456811756	1.1771706133686945e+29
47092554.91699298	1.1547010741651188e+29
47436486.61747622	1.1334786738027223e+29
47784260.9947041	1.1123309391613402e+29
48138397.06523265	1.089045253828602e+29
48499552.688761994	1.0641548453706359e+29
48871237.23224121	1.0379820773106362e+29
49258535.37215657	1.0113657976986411e+29
49663076.07478618	9.859457667529806e+28
50076391.25586028	9.621005766670242e+28
50492950.69026963	9.400817704890659e+28
50913251.640511036	9.19628622656096e+28
51338114.75706914	9.009015373079027e+28
51766138.084755756	8.833390849561108e+28
52199567.81823006	8.659225027141594e+28
52640465.45396421	8.473582614290534e+28
53090786.47571535	8.282919010405408e+28
53554307.1639434	8.09471624689498e+28
54026298.35829954	7.905896144338763e+28
54503728.33898613	7.710478175351013e+28
54983052.07625345	7.519185145028485e+28
55465764.87077411	7.335742622404657e+28
55951849.78148623	7.162776424828846e+28
56441205.9478711	7.001263108906696e+28
56935112.94666938	6.849869343136673e+28
57434754.29015084	6.70707828491825e+28
57943214.61793434	6.573048574104089e+28
58464438.02774469	6.444637223698112e+28
58996978.97367288	6.3193255196333355e+28
59534325.55433882	6.194247433627995e+28
60077018.71972343	6.063518079476215e+28
60622213.4037516	5.932625496438044e+28
61170422.43650112	5.8066604428912535e+28
61719542.302013226	5.684593108325682e+28
62270818.73478138	5.566955849915508e+28
62825570.638156556	5.453178854132235e+28
63382877.48098851	5.342948548234313e+28
63945930.50241744	5.231536235732562e+28
64517454.732963555	5.1186195256225635e+28
65102021.68174196	5.004760755073646e+28
65695672.73580506	4.893098836809632e+28
66294750.751850635	4.785148894179823e+28
66899258.73606972	4.68263966021696e+28
67507000.31740116	4.585569270989056e+28
68117270.68045437	4.492848351765233e+28
68729931.88999173	4.405637425854324e+28
69344277.9741804	4.323291913454118e+28
69960197.05125195	4.245256343106022e+28
70578823.52023162	4.17139298103669e+28
71202352.13116208	4.0992960119097665e+28
71833954.56203145	4.028884359747566e+28
72475758.61189726	3.9566731799375227e+28
