1053810.4620850945	8.068812329501451e+29
1581361.3154494457	8.016946753681603e+29
2108999.7060217913	7.967130833551973e+29
2636306.5849783104	7.91536829597575e+29
3162633.663578506	7.858948835918714e+29
3686781.653420771	7.791722008822387e+29
4208398.556458264	7.727959880318549e+29
4729037.535270787	7.674459599980183e+29
5246827.918847731	7.631284906232124e+29
5762831.075955636	7.585119944747023e+29
6277740.935240957	7.522510988149356e+29
6788896.898613205	7.456311269266586e+29
7297851.978493399	7.387911689056296e+29
7804211.482270326	7.333949415711615e+29
8307876.805778961	7.288436370781832e+29
8807890.510786336	7.231341326633096e+29
9305345.892012827	7.173085294956287e+29
9800416.112084221	7.113609291455747e+29
10292083.230328057	7.050656493904513e+29
10780351.087511018	6.995867530065176e+29
11263942.615709651	6.937819657801748e+29
11745023.474646613	6.881277548642545e+29
12222536.923650507	6.823355776850939e+29
12696280.44940722	6.764697130645111e+29
13165775.739013635	6.705400123915099e+29
13631423.658958001	6.646906860133187e+29
14093045.016957834	6.590370537592774e+29
14550163.170906365	6.536311931850963e+29
15003104.82066962	6.478876755225811e+29
15451495.965439722	6.42099668528537e+29
15895177.756162403	6.363592703884644e+29
16334098.468235092	6.303746165383306e+29
16768488.149111716	6.241475988681026e+29
17197940.15457665	6.188024559548562e+29
17622671.705019645	6.140382111577375e+29
18042910.165768713	6.0864814928291066e+29
18457423.581312753	6.031639695480949e+29
18867316.179573607	5.975938811502884e+29
19297605.423989784	5.907924952482412e+29
19722327.770828675	5.8434178792214644e+29
20141789.688356895	5.785937857716872e+29
20555028.246392656	5.7404352894656534e+29
20963214.870338947	5.692149499561244e+29
21365699.240137216	5.637311333604332e+29
21762876.91230183	5.575891408254528e+29
22153868.290887713	5.511419906999199e+29
22540137.10805682	5.4464666956712606e+29
22920299.955497965	5.393847721772577e+29
23295662.412131578	5.3477546063859885e+29
23665245.71814119	5.303565594043981e+29
24029469.25547878	5.2557657245336574e+29
24388655.86743148	5.201349899565801e+29
24742397.751632724	5.144264677074706e+29
25091579.79422579	5.0832200318581486e+29
25435639.952829964	5.0270944096086066e+29
25774567.480561145	4.98104770483201e+29
26108017.17882842	4.943868888399305e+29
26437391.993349116	4.903228996786266e+29
26762410.91549863	4.858552637554298e+29
27081728.988563493	4.810781058119007e+29
27396872.23407081	4.757673547287955e+29
27707858.398115143	4.704084126074469e+29
28013910.812487427	4.655390396629301e+29
28315961.343560275	4.610686841270941e+29
28612493.320401143	4.571783620674941e+29
28905911.969872188	4.535088047984039e+29
29194536.756215196	4.497890349891131e+29
29479376.347032852	4.4575908979405726e+29
29760347.67622852	4.412862802511971e+29
30037801.830526814	4.3659092964419825e+29
30310778.64737229	4.31782893137671e+29
30580058.789348327	4.276140364646334e+29
30844756.701909646	4.237253596762104e+29
31106131.694571085	4.202865439028722e+29
31364004.659003604	4.172044693221986e+29
31617694.239302143	4.137816005348987e+29
31867746.865600646	4.0994430197845765e+29
32113933.22547084	4.055972179621747e+29
32356554.363065295	4.008247387405639e+29
32596105.196173362	3.9625260238247594e+29
32832614.605602156	3.919459670629163e+29
33064888.0005664	3.8818590905978494e+29
33295122.589352336	3.848154765109288e+29
33521390.648957275	3.8198330103347334e+29
33744423.741412446	3.790328338779755e+29
33964715.562477484	3.7582444154342296e+29
34181751.7896611	3.720714656694362e+29
34395805.2426455	3.680993585906639e+29
34606837.04645659	3.6372735288180974e+29
34814608.18047505	3.595685092198557e+29
35020554.64209554	3.557524396874471e+29
35223444.95488764	3.522200581873841e+29
35424492.14371323	3.489411181831177e+29
35622886.074123755	3.4606306134757476e+29
35818423.31628237	3.432973637521369e+29
36011232.50655134	3.404024891013313e+29
36201834.840855375	3.37111045067176e+29
36389265.37648156	3.336109895330223e+29
36575105.82553248	3.296703445840642e+29
36759270.12006631	3.257532340502114e+29
36940200.51772865	3.2199644116397924e+29
37119356.30961291	3.185166813192603e+29
37297099.85628909	3.152441675482758e+29
37472381.87318762	3.121726045083413e+29
37645893.88512378	3.0933694377317897e+29
37818738.036719315	3.06638785773258e+29
37988762.06840649	3.0407298568592812e+29
38158057.79176923	3.0133029412000453e+29
38324823.47369652	2.9825801266183265e+29
38490811.45104633	2.9486576561699445e+29
38655598.22535412	2.9123024546188606e+29
38819534.27090541	2.876744268819729e+29
38981937.13555036	2.843582900663131e+29
39143148.37056416	2.8132103862149572e+29
39303663.843082115	2.782714370004485e+29
39461976.049863495	2.75496508839188e+29
39619788.82629234	2.7288950839895845e+29
39776495.81096856	2.7038469304087195e+29
39932046.8622634	2.6796603506459452e+29
40085753.03533663	2.656147367528112e+29
40239427.016422585	2.6307495748330616e+29
40391171.10471049	2.6030822373525168e+29
40542499.54319541	2.5733070526200558e+29
40692201.275060065	2.542741793019924e+29
40841938.83020247	2.5129532657227957e+29
40990361.80140401	2.4848326484864753e+29
41138768.93162945	2.457821871252763e+29
41285837.50161791	2.4317988428819844e+29
41577679.07916458	2.383410186179528e+29
41868972.08685687	2.33909191253732e+29
42157105.4557829	2.297122076657279e+29
42443997.559254475	2.2533417343998187e+29
42730927.18406658	2.2029900898371874e+29
43019030.298345864	2.1527408666023945e+29
43309110.93534477	2.1044844825727842e+29
43600914.575384766	2.0596763734866744e+29
43894725.74478624	2.0187446634553048e+29
44192452.68153828	1.9803277757580837e+29
44494972.04190604	1.9420610565154e+29
44801921.481226675	1.9036800732067476e+29
45113510.515254736	1.8609181023926915e+29
45431048.511012815	1.8172432996462655e+29
45756146.65386499	1.7741185881602954e+29
46085036.61287468	1.7334754516182633e+29
46418452.67574092	1.694982494466077e+29
46754049.456811756	1.6591269278666734e+29
47092554.91699298	1.6252316873439088e+29
47436486.61747622	1.5916875026344398e+29
47784260.9947041	1.5578889997870512e+29
48138397.06523265	1.5233333637295068e+29
48499552.688761994	1.489554788201203e+29
48871237.23224121	1.455224422452991e+29
49258535.37215657	1.4208974521682481e+29
49663076.07478618	1.3863495647963612e+29
50076391.25586028	1.3530647608413405e+29
50492950.69026963	1.3217372304983053e+29
50913251.640511036	1.292115516826328e+29
51338114.75706914	1.263576843271169e+29
51766138.084755756	1.2356156364075603e+29
52199567.81823006	1.2078676457348518e+29
52640465.45396421	1.1789598877026661e+29
53090786.47571535	1.1512659397632885e+29
53554307.1639434	1.1254314378546796e+29
54026298.35829954	1.1005427979228538e+29
54503728.33898613	1.0755005716156706e+29
54983052.07625345	1.05076026201677e+29
55465764.87077411	1.0264604234039118e+29
55951849.78148623	1.0030798675538373e+29
56441205.9478711	9.805237892678236e+28
56935112.94666938	9.589309510193238e+28
57434754.29015084	9.383398762675444e+28
57943214.61793434	9.183972450473392e+28
58464438.02774469	8.98892781557378e+28
58996978.97367288	8.794308125351322e+28
59534325.55433882	8.597483761484286e+28
60077018.71972343	8.399189903012393e+28
60622213.4037516	8.205009958243061e+28
61170422.43650112	8.024912465201147e+28
61719542.302013226	7.853625318718936e+28
62270818.73478138	7.692013256213977e+28
62825570.638156556	7.5396620903598275e+28
63382877.48098851	7.393480594460334e+28
63945930.50241744	7.25088937399445e+28
64517454.732963555	7.106021491537689e+28
65102021.68174196	6.958897219304062e+28
65695672.73580506	6.813531806809745e+28
66294750.751850635	6.668590043849467e+28
66899258.73606972	6.529800325253134e+28
67507000.31740116	6.396181272977535e+28
68117270.68045437	6.266943429261568e+28
68729931.88999173	6.143818159667556e+28
69344277.9741804	6.026394702184748e+28
69960197.05125195	5.91153603993578e+28
70578823.52023162	5.8019527238776984e+28
71202352.13116208	5.6915020022968545e+28
71833954.56203145	5.5823585012075375e+28
72475758.61189726	5.471402156874137e+28
