1053810.4620850945	1.2152890120892239e-19
1581361.3154494457	1.2050342481756507e-19
2108999.7060217913	1.1922981826404167e-19
2636306.5849783104	1.1832557092104174e-19
3162633.663578506	1.1721287749805629e-19
3686781.653420771	1.1619526655074378e-19
4208398.556458264	1.1490727632789932e-19
4729037.535270787	1.139483985607146e-19
5246827.918847731	1.1291264638092953e-19
5762831.075955636	1.1186185007622764e-19
6277740.935240957	1.1082763324335373e-19
6788896.898613205	1.0975421727536195e-19
7297851.978493399	1.0854754318673143e-19
7804211.482270326	1.0754077974833745e-19
8307876.805778961	1.0652006973112899e-19
8807890.510786336	1.0536078698434359e-19
9305345.892012827	1.0451227571322783e-19
9800416.112084221	1.0325739021677339e-19
10292083.230328057	1.0216445817307214e-19
10780351.087511018	1.0110701790367048e-19
11263942.615709651	1.0016285955810037e-19
11745023.474646613	9.8919387143658e-20
12222536.923650507	9.792206204534898e-20
12696280.44940722	9.684640292681598e-20
13165775.739013635	9.572839469183848e-20
13631423.658958001	9.441626347023617e-20
14093045.016957834	9.353454426251509e-20
14550163.170906365	9.242088771401236e-20
15003104.82066962	9.148427762005324e-20
15451495.965439722	9.031146964166775e-20
15895177.756162403	8.932652770826611e-20
16334098.468235092	8.826509156345398e-20
16768488.149111716	8.696486808729212e-20
17197940.15457665	8.609449581695707e-20
17622671.705019645	8.500004896045691e-20
18042910.165768713	8.405653302940782e-20
18457423.581312753	8.314792167199066e-20
18867316.179573607	8.207127450139281e-20
19297605.423989784	8.08920984327458e-20
19722327.770828675	7.974471285535444e-20
20141789.688356895	7.853683941289203e-20
20555028.246392656	7.770418901391736e-20
20963214.870338947	7.667207597634449e-20
21365699.240137216	7.565390631748042e-20
21762876.91230183	7.465084559900383e-20
22153868.290887713	7.376795979715931e-20
22540137.10805682	7.25310359348881e-20
22920299.955497965	7.179232472310106e-20
23295662.412131578	7.065486139774666e-20
23665245.71814119	6.999044526433784e-20
24029469.25547878	6.926773840932277e-20
24388655.86743148	6.824744550076585e-20
24742397.751632724	6.744483966382222e-20
25091579.79422579	6.629339020882899e-20
25435639.952829964	6.549287809439788e-20
25774567.480561145	6.46649773086698e-20
26108017.17882842	6.396858275901097e-20
26437391.993349116	6.305573781539936e-20
26762410.91549863	6.240529400204577e-20
27081728.988563493	6.157392836291597e-20
27396872.23407081	6.087187834562866e-20
27707858.398115143	5.974622575155284e-20
28013910.812487427	5.917472294899975e-20
28315961.343560275	5.825319559383373e-20
28612493.320401143	5.779598892374051e-20
28905911.969872188	5.708976777731418e-20
29194536.756215196	5.638408901196273e-20
29479376.347032852	5.561432976692562e-20
29760347.67622852	5.491533403899157e-20
30037801.830526814	5.3998112682784994e-20
30310778.64737229	5.3197622395372536e-20
30580058.789348327	5.252609282489507e-20
30844756.701909646	5.193958187020375e-20
31106131.694571085	5.1241812979239703e-20
31364004.659003604	5.0712047685941346e-20
31617694.239302143	5.0103292488250414e-20
31867746.865600646	4.9614153089077766e-20
32113933.22547084	4.8827332992618353e-20
32356554.363065295	4.8262091379249856e-20
32596105.196173362	4.749177372838784e-20
32832614.605602156	4.6769987890979944e-20
33064888.0005664	4.625699716593704e-20
33295122.589352336	4.553489524970963e-20
33521390.648957275	4.500712359947256e-20
33744423.741412446	4.452446610057552e-20
33964715.562477484	4.3835738815264974e-20
34181751.7896611	4.3302604165314375e-20
34395805.2426455	4.2651676094489525e-20
34606837.04645659	4.1971362285230566e-20
34814608.18047505	4.1400677310512377e-20
35020554.64209554	4.060497529191627e-20
35223444.95488764	3.999042817834584e-20
35424492.14371323	3.925766280324157e-20
35622886.074123755	3.8845580762240066e-20
35818423.31628237	3.825790297741081e-20
36011232.50655134	3.787024671238226e-20
36201834.840855375	3.7296521212592036e-20
36389265.37648156	3.6766962210092444e-20
36575105.82553248	3.6144800110907665e-20
36759270.12006631	3.551822748728044e-20
36940200.51772865	3.5011833441738783e-20
37119356.30961291	3.444951091118922e-20
37297099.85628909	3.3853845381955757e-20
37472381.87318762	3.336016764559886e-20
37645893.88512378	3.2918671700068126e-20
37818738.036719315	3.23354920172072e-20
37988762.06840649	3.201349429059696e-20
38158057.79176923	3.145645809660607e-20
38324823.47369652	3.1035722377620535e-20
38490811.45104633	3.043366983213209e-20
38655598.22535412	2.9893993362336437e-20
38819534.27090541	2.9303731199764564e-20
38981937.13555036	2.873839713795066e-20
39143148.37056416	2.828120393552473e-20
39303663.843082115	2.769893678008828e-20
39461976.049863495	2.737295344026946e-20
39619788.82629234	2.6922111133257343e-20
39776495.81096856	2.650122367323994e-20
39932046.8622634	2.6100443294735558e-20
40085753.03533663	2.5850360359904122e-20
40239427.016422585	2.5310881066218976e-20
40391171.10471049	2.503842863328703e-20
40542499.54319541	2.4548208813120245e-20
40692201.275060065	2.4195581329201882e-20
40841938.83020247	2.3715227987981103e-20
40990361.80140401	2.3330451599171953e-20
41138768.93162945	2.288765467208799e-20
41285837.50161791	2.254908815416674e-20
41577679.07916458	2.1755516593228675e-20
41868972.08685687	2.1050288625074905e-20
42157105.4557829	2.0491797913650597e-20
42443997.559254475	1.987439308794254e-20
42730927.18406658	1.910902047366109e-20
43019030.298345864	1.8333006136639107e-20
43309110.93534477	1.758512617093828e-20
43600914.575384766	1.68976209413709e-20
43894725.74478624	1.625128192365318e-20
44192452.68153828	1.5606748403526246e-20
44494972.04190604	1.497402532429925e-20
44801921.481226675	1.4347317475547604e-20
45113510.515254736	1.3722716267242486e-20
45431048.511012815	1.3056957400123839e-20
45756146.65386499	1.2372537167382943e-20
46085036.61287468	1.1861780394907956e-20
46418452.67574092	1.1365620954296011e-20
46754049.456811756	1.0952466053218336e-20
47092554.91699298	1.0584841153413494e-20
47436486.61747622	1.016432290609053e-20
47784260.9947041	9.7858004304971e-21
48138397.06523265	9.34050031748425e-21
48499552.688761994	8.901060399163563e-21
48871237.23224121	8.380130132253946e-21
49258535.37215657	7.805010646238497e-21
49663076.07478618	7.220814201257997e-21
50076391.25586028	6.820148840828886e-21
50492950.69026963	6.5483793754746725e-21
50913251.640511036	6.3028097142237104e-21
51338114.75706914	6.039898737337739e-21
51766138.084755756	5.818216893220536e-21
52199567.81823006	5.574462628370375e-21
52640465.45396421	5.299941623125683e-21
53090786.47571535	5.0013693685508044e-21
53554307.1639434	4.6873490122126004e-21
54026298.35829954	4.427350280619288e-21
54503728.33898613	4.220660885220814e-21
54983052.07625345	4.0493414828690134e-21
55465764.87077411	3.874945200210492e-21
55951849.78148623	3.707709794454549e-21
56441205.9478711	3.550134875969127e-21
56935112.94666938	3.4001926999017755e-21
57434754.29015084	3.242917173869629e-21
57943214.61793434	3.0736097386901917e-21
58464438.02774469	2.8810744745285894e-21
58996978.97367288	2.71644146592456e-21
59534325.55433882	2.595486716946497e-21
60077018.71972343	2.4777075198953488e-21
60622213.4037516	2.379668238276444e-21
61170422.43650112	2.286992964649885e-21
61719542.302013226	2.203403990135804e-21
62270818.73478138	2.1233905285918708e-21
62825570.638156556	2.0383468895093006e-21
63382877.48098851	1.960289871749796e-21
63945930.50241744	1.8707446403497752e-21
64517454.732963555	1.7710701738570488e-21
65102021.68174196	1.658453257416544e-21
65695672.73580506	1.566507397735831e-21
66294750.751850635	1.4926884433386478e-21
66899258.73606972	1.4256138654906802e-21
67507000.31740116	1.3677261665064587e-21
68117270.68045437	1.315279632506385e-21
68729931.88999173	1.2671170716650628e-21
69344277.9741804	1.2239348587745768e-21
69960197.05125195	1.1834895759125095e-21
70578823.52023162	1.1416454571670463e-21
71202352.13116208	1.0967871819181574e-21
71833954.56203145	1.0448052275745912e-21
72475758.61189726	9.887641688733414e-22
