1053810.4620850945	9.531503099551413e-20
1581361.3154494457	9.459063281830595e-20
2108999.7060217913	9.372749121351386e-20
2636306.5849783104	9.318997971098373e-20
3162633.663578506	9.23095017120301e-20
3686781.653420771	9.141183061543684e-20
4208398.556458264	9.035877902535558e-20
4729037.535270787	8.971666249167228e-20
5246827.918847731	8.90132566491035e-20
5762831.075955636	8.82042575543531e-20
6277740.935240957	8.73423428134841e-20
6788896.898613205	8.654762722978211e-20
7297851.978493399	8.562155065999346e-20
7804211.482270326	8.485087952480364e-20
8307876.805778961	8.402583312275434e-20
8807890.510786336	8.311914579910939e-20
9305345.892012827	8.247089785641978e-20
9800416.112084221	8.147122522302238e-20
10292083.230328057	8.067192585027877e-20
10780351.087511018	7.980711233495819e-20
11263942.615709651	7.904772461595758e-20
11745023.474646613	7.802740885091858e-20
12222536.923650507	7.727675061075674e-20
12696280.44940722	7.645564440363908e-20
13165775.739013635	7.557238333818906e-20
13631423.658958001	7.44742341464099e-20
14093045.016957834	7.376598465528016e-20
14550163.170906365	7.29351026802618e-20
15003104.82066962	7.221345312501573e-20
15451495.965439722	7.133343465540557e-20
15895177.756162403	7.053314164452069e-20
16334098.468235092	6.964338091835361e-20
16768488.149111716	6.858158447210249e-20
17197940.15457665	6.787992258697994e-20
17622671.705019645	6.708658731195635e-20
18042910.165768713	6.641883405970859e-20
18457423.581312753	6.572181710533488e-20
18867316.179573607	6.484036204849299e-20
19297605.423989784	6.382915218724417e-20
19722327.770828675	6.285620988218438e-20
20141789.688356895	6.191601039336956e-20
20555028.246392656	6.138616055171386e-20
20963214.870338947	6.06214645971239e-20
21365699.240137216	5.98478747064889e-20
21762876.91230183	5.901306024413366e-20
22153868.290887713	5.828311446506383e-20
22540137.10805682	5.723377837153294e-20
22920299.955497965	5.669131582810442e-20
23295662.412131578	5.584821053154563e-20
23665245.71814119	5.535727013942221e-20
24029469.25547878	5.479170653044512e-20
24388655.86743148	5.3964155740722266e-20
24742397.751632724	5.3324451619185826e-20
25091579.79422579	5.239613868333612e-20
25435639.952829964	5.1733369011681185e-20
25774567.480561145	5.111117196126306e-20
26108017.17882842	5.0611647023181057e-20
26437391.993349116	4.9940250931277324e-20
26762410.91549863	4.9427714252346184e-20
27081728.988563493	4.8780445099884715e-20
27396872.23407081	4.8215706653254373e-20
27707858.398115143	4.7287583203443555e-20
28013910.812487427	4.6814490267222724e-20
28315961.343560275	4.606435937295921e-20
28612493.320401143	4.5751114611969875e-20
28905911.969872188	4.5211675232517153e-20
29194536.756215196	4.4737623052148986e-20
29479376.347032852	4.4181601367680415e-20
29760347.67622852	4.362021825469709e-20
30037801.830526814	4.288876612415917e-20
30310778.64737229	4.224895491239178e-20
30580058.789348327	4.171847097303089e-20
30844756.701909646	4.1287807109936273e-20
31106131.694571085	4.077084968863385e-20
31364004.659003604	4.0377514560583645e-20
31617694.239302143	3.991444438947429e-20
31867746.865600646	3.952722664153294e-20
32113933.22547084	3.888669397157912e-20
32356554.363065295	3.8401374676666764e-20
32596105.196173362	3.7780439141486963e-20
32832614.605602156	3.7194430512148295e-20
33064888.0005664	3.680345460424173e-20
33295122.589352336	3.623032176936788e-20
33521390.648957275	3.582775665805389e-20
33744423.741412446	3.545804405047034e-20
33964715.562477484	3.492384842560691e-20
34181751.7896611	3.447559573587005e-20
34395805.2426455	3.394934424045103e-20
34606837.04645659	3.3386535148900016e-20
34814608.18047505	3.2945385317128814e-20
35020554.64209554	3.2313355092147435e-20
35223444.95488764	3.1842354672294237e-20
35424492.14371323	3.127866309423268e-20
35622886.074123755	3.0963705997703143e-20
35818423.31628237	3.052878933868268e-20
36011232.50655134	3.0239754903943876e-20
36201834.840855375	2.9789193269479087e-20
36389265.37648156	2.9379792951994513e-20
36575105.82553248	2.886698094173824e-20
36759270.12006631	2.8369647344919477e-20
36940200.51772865	2.7966342830599915e-20
37119356.30961291	2.7510749433950843e-20
37297099.85628909	2.7043330241021917e-20
37472381.87318762	2.666204091081106e-20
37645893.88512378	2.6327473489813485e-20
37818738.036719315	2.586475948933238e-20
37988762.06840649	2.5617091743292402e-20
38158057.79176923	2.5174531349602515e-20
38324823.47369652	2.4843421464870487e-20
38490811.45104633	2.4364448314719073e-20
38655598.22535412	2.3926400642407496e-20
38819534.27090541	2.3446921458250905e-20
38981937.13555036	2.3001187562241963e-20
39143148.37056416	2.2641384832366548e-20
39303663.843082115	2.2178583730437632e-20
39461976.049863495	2.192670401839962e-20
39619788.82629234	2.1565049934785924e-20
39776495.81096856	2.1232594658665108e-20
39932046.8622634	2.091960054445366e-20
40085753.03533663	2.0719974943822837e-20
40239427.016422585	2.0298951222521147e-20
40391171.10471049	2.00773845929864e-20
40542499.54319541	1.9680696559423527e-20
40692201.275060065	1.939323368286678e-20
40841938.83020247	1.9004201764377267e-20
40990361.80140401	1.869986322905805e-20
41138768.93162945	1.8345735551178145e-20
41285837.50161791	1.8085654138048044e-20
41577679.07916458	1.7447082827653045e-20
41868972.08685687	1.68860013710315e-20
42157105.4557829	1.6441738252644652e-20
42443997.559254475	1.5940519599603526e-20
42730927.18406658	1.5318738867504712e-20
43019030.298345864	1.4702731023257966e-20
43309110.93534477	1.4119364064276352e-20
43600914.575384766	1.3574016031226167e-20
43894725.74478624	1.3058544349194151e-20
44192452.68153828	1.253419474750234e-20
44494972.04190604	1.2010935574637851e-20
44801921.481226675	1.1505867860808244e-20
45113510.515254736	1.1000452360299183e-20
45431048.511012815	1.0472752031422732e-20
45756146.65386499	9.934598232793125e-21
46085036.61287468	9.534869141051225e-21
46418452.67574092	9.140303545704818e-21
46754049.456811756	8.803749621817984e-21
47092554.91699298	8.497352184558542e-21
47436486.61747622	8.14649849631578e-21
47784260.9947041	7.829674916682515e-21
48138397.06523265	7.462735152602481e-21
48499552.688761994	7.111148871130833e-21
48871237.23224121	6.699961896627071e-21
49258535.37215657	6.248020690191375e-21
49663076.07478618	5.7859914170920185e-21
50076391.25586028	5.466832342338253e-21
50492950.69026963	5.247686536877712e-21
50913251.640511036	5.047873485645394e-21
51338114.75706914	4.830135074312658e-21
51766138.084755756	4.644335011585197e-21
52199567.81823006	4.439097736642906e-21
52640465.45396421	4.2108141644447784e-21
53090786.47571535	3.9683891261908356e-21
53554307.1639434	3.7185545086106455e-21
54026298.35829954	3.51697963519115e-21
54503728.33898613	3.3563630379499454e-21
54983052.07625345	3.2239603991493617e-21
55465764.87077411	3.0882361068108707e-21
55951849.78148623	2.9570465394962884e-21
56441205.9478711	2.8328833909028453e-21
56935112.94666938	2.713423131297492e-21
57434754.29015084	2.5857281329659623e-21
57943214.61793434	2.4479862654730073e-21
58464438.02774469	2.2922069083716807e-21
58996978.97367288	2.1571077738743554e-21
59534325.55433882	2.05707030135842e-21
60077018.71972343	1.959544948662479e-21
60622213.4037516	1.878818735070581e-21
61170422.43650112	1.8036962724437395e-21
61719542.302013226	1.736978217506809e-21
62270818.73478138	1.6737268489890893e-21
62825570.638156556	1.6074555228273432e-21
63382877.48098851	1.5474957197896617e-21
63945930.50241744	1.4785404935736347e-21
64517454.732963555	1.401071849177689e-21
65102021.68174196	1.3134157827579497e-21
65695672.73580506	1.2417469551404102e-21
66294750.751850635	1.1843621440645516e-21
66899258.73606972	1.1318623894375032e-21
67507000.31740116	1.0862684921329323e-21
68117270.68045437	1.044980252159114e-21
68729931.88999173	1.0065604872879966e-21
69344277.9741804	9.718425649374354e-22
69960197.05125195	9.390966294558056e-22
70578823.52023162	9.051303841456702e-22
71202352.13116208	8.683539450380852e-22
71833954.56203145	8.256966890684139e-22
72475758.61189726	7.795797764208615e-22
