1053810.4620850945	3.2427002743461193e-21
1581361.3154494457	3.2244399393126485e-21
2108999.7060217913	3.199124589983615e-21
2636306.5849783104	3.1802944510036522e-21
3162633.663578506	3.159439868683379e-21
3686781.653420771	3.128629751104776e-21
4208398.556458264	3.0819242576495887e-21
4729037.535270787	3.0647687035677757e-21
5246827.918847731	3.0510734180371548e-21
5762831.075955636	3.028070555783837e-21
6277740.935240957	2.9997708544997984e-21
6788896.898613205	2.9712829084467183e-21
7297851.978493399	2.9260515515185017e-21
7804211.482270326	2.899795102410689e-21
8307876.805778961	2.881547997226985e-21
8807890.510786336	2.855104393905323e-21
9305345.892012827	2.832091361378003e-21
9800416.112084221	2.794232068837807e-21
10292083.230328057	2.7487190486475823e-21
10780351.087511018	2.7214403690370735e-21
11263942.615709651	2.7048519072169066e-21
11745023.474646613	2.676095256133192e-21
12222536.923650507	2.6446287736427236e-21
12696280.44940722	2.6173532354545075e-21
13165775.739013635	2.5766853992826067e-21
13631423.658958001	2.535471495461992e-21
14093045.016957834	2.5116227690856702e-21
14550163.170906365	2.491141789322708e-21
15003104.82066962	2.4627385919992096e-21
15451495.965439722	2.429512557658016e-21
15895177.756162403	2.4045629806975728e-21
16334098.468235092	2.3663984305264292e-21
16768488.149111716	2.328342076898616e-21
17197940.15457665	2.304310568537434e-21
17622671.705019645	2.2811304267546348e-21
18042910.165768713	2.2571900961087328e-21
18457423.581312753	2.2317674377851584e-21
18867316.179573607	2.201055122083797e-21
19297605.423989784	2.1580625448319718e-21
19722327.770828675	2.1214898963787355e-21
20141789.688356895	2.087429939228593e-21
20555028.246392656	2.0716712213459497e-21
20963214.870338947	2.046071816458137e-21
21365699.240137216	2.017398162676349e-21
21762876.91230183	1.985937035490186e-21
22153868.290887713	1.9544559535803705e-21
22540137.10805682	1.9156515690471533e-21
22920299.955497965	1.896166578545876e-21
23295662.412131578	1.864898776698253e-21
23665245.71814119	1.852857646127223e-21
24029469.25547878	1.8341173959569067e-21
24388655.86743148	1.8051650562098245e-21
24742397.751632724	1.7798179053832647e-21
25091579.79422579	1.7437037868165402e-21
25435639.952829964	1.7209657345048738e-21
25774567.480561145	1.7000914851691344e-21
26108017.17882842	1.6848861221305574e-21
26437391.993349116	1.6645813857658993e-21
26762410.91549863	1.6476025950595765e-21
27081728.988563493	1.6257066338970225e-21
27396872.23407081	1.6009144834810548e-21
27707858.398115143	1.5680562197279646e-21
28013910.812487427	1.55153647084674e-21
28315961.343560275	1.5272259411822013e-21
28612493.320401143	1.5166551309861188e-21
28905911.969872188	1.4990332640180752e-21
29194536.756215196	1.4830845919222867e-21
29479376.347032852	1.463416997363229e-21
29760347.67622852	1.4428144200482798e-21
30037801.830526814	1.413756652431018e-21
30310778.64737229	1.3918535816410879e-21
30580058.789348327	1.375338899536497e-21
30844756.701909646	1.3625383642056405e-21
31106131.694571085	1.345936509983151e-21
31364004.659003604	1.3332353431127577e-21
31617694.239302143	1.319886188481513e-21
31867746.865600646	1.307455320787502e-21
32113933.22547084	1.2842515077167411e-21
32356554.363065295	1.2640987409182129e-21
32596105.196173362	1.243495071350494e-21
32832614.605602156	1.2237300970344181e-21
33064888.0005664	1.2104617709119522e-21
33295122.589352336	1.1914402739740654e-21
33521390.648957275	1.1774330402865086e-21
33744423.741412446	1.1664920848561667e-21
33964715.562477484	1.150261301970481e-21
34181751.7896611	1.1347621206904177e-21
34395805.2426455	1.1145219784759864e-21
34606837.04645659	1.093911474904105e-21
34814608.18047505	1.0796197668276393e-21
35020554.64209554	1.0586468114281973e-21
35223444.95488764	1.0435230792982292e-21
35424492.14371323	1.0245943915083366e-21
35622886.074123755	1.0138325972208191e-21
35818423.31628237	9.994560333732832e-22
36011232.50655134	9.907415801071621e-22
36201834.840855375	9.768283896779069e-22
36389265.37648156	9.623486661175574e-22
36575105.82553248	9.43780653666939e-22
36759270.12006631	9.272595874165428e-22
36940200.51772865	9.153452536588888e-22
37119356.30961291	9.011568053771919e-22
37297099.85628909	8.8621802491635e-22
37472381.87318762	8.735070068395055e-22
37645893.88512378	8.61584100175281e-22
37818738.036719315	8.4628544906869635e-22
37988762.06840649	8.380121256181984e-22
38158057.79176923	8.243132185364612e-22
38324823.47369652	8.131875857612448e-22
38490811.45104633	7.954183965331571e-22
38655598.22535412	7.80277991182576e-22
38819534.27090541	7.64899350728172e-22
38981937.13555036	7.509714109029661e-22
39143148.37056416	7.394465230674061e-22
39303663.843082115	7.243955429081835e-22
39461976.049863495	7.15691795606708e-22
39619788.82629234	7.036385296606222e-22
39776495.81096856	6.919099458613967e-22
39932046.8622634	6.808593598878061e-22
40085753.03533663	6.740230486519738e-22
40239427.016422585	6.608234712638852e-22
40391171.10471049	6.527382178097429e-22
40542499.54319541	6.385255027224688e-22
40692201.275060065	6.292620531787073e-22
40841938.83020247	6.171422793999517e-22
40990361.80140401	6.079653524348797e-22
41138768.93162945	5.965046803328186e-22
41285837.50161791	5.8815364815573935e-22
41577679.07916458	5.669223269051582e-22
41868972.08685687	5.473625663182912e-22
42157105.4557829	5.316637154878458e-22
42443997.559254475	5.150369495412988e-22
42730927.18406658	4.944606067504986e-22
43019030.298345864	4.753447204274407e-22
43309110.93534477	4.569349711116571e-22
43600914.575384766	4.39509038713204e-22
43894725.74478624	4.2251075191295943e-22
44192452.68153828	4.0453681650289366e-22
44494972.04190604	3.869632497508329e-22
44801921.481226675	3.6957335448614442e-22
45113510.515254736	3.5353007596209854e-22
45431048.511012815	3.3695675417019245e-22
45756146.65386499	3.20143373883753e-22
46085036.61287468	3.075798747653875e-22
46418452.67574092	2.949050005410089e-22
46754049.456811756	2.8390057338165827e-22
47092554.91699298	2.7357291411200907e-22
47436486.61747622	2.6163075181371387e-22
47784260.9947041	2.5072720892210796e-22
48138397.06523265	2.382265266726954e-22
48499552.688761994	2.2760388535893233e-22
48871237.23224121	2.1489217175365985e-22
49258535.37215657	2.0080734274301672e-22
49663076.07478618	1.8624926386473624e-22
50076391.25586028	1.7618206036356647e-22
50492950.69026963	1.6916738756580026e-22
50913251.640511036	1.62644593096415e-22
51338114.75706914	1.5536988780445533e-22
51766138.084755756	1.491346962676448e-22
52199567.81823006	1.4221255330309562e-22
52640465.45396421	1.3424963896921208e-22
53090786.47571535	1.2645536082747193e-22
53554307.1639434	1.185595953340553e-22
54026298.35829954	1.1244612074233692e-22
54503728.33898613	1.0760325999272375e-22
54983052.07625345	1.0353932088236688e-22
55465764.87077411	9.935477111268654e-23
55951849.78148623	9.529091198665552e-23
56441205.9478711	9.136051647158623e-23
56935112.94666938	8.750989189686653e-23
57434754.29015084	8.338931470725943e-23
57943214.61793434	7.885197540535674e-23
58464438.02774469	7.371260024225912e-23
58996978.97367288	6.926071818988998e-23
59534325.55433882	6.586349337715716e-23
60077018.71972343	6.251045483396083e-23
60622213.4037516	5.985745595484371e-23
61170422.43650112	5.745610098628616e-23
61719542.302013226	5.534342061517093e-23
62270818.73478138	5.334397185417195e-23
62825570.638156556	5.125644325385521e-23
63382877.48098851	4.9392587534347273e-23
63945930.50241744	4.732481790843918e-23
64517454.732963555	4.4948793588575457e-23
65102021.68174196	4.218837624782421e-23
65695672.73580506	3.9933680148425064e-23
66294750.751850635	3.813364607609451e-23
66899258.73606972	3.649045429808298e-23
67507000.31740116	3.503930366773299e-23
68117270.68045437	3.370969559590821e-23
68729931.88999173	3.246639205395115e-23
69344277.9741804	3.134188795209438e-23
69960197.05125195	3.0238617540772125e-23
70578823.52023162	2.9102954895909544e-23
71202352.13116208	2.7876308524584313e-23
71833954.56203145	2.6468764570939132e-23
72475758.61189726	2.4918103121519736e-23
