1053810.4620850945	6.151865054171236e-20
1581361.3154494457	6.095340287026433e-20
2108999.7060217913	6.019965323151316e-20
2636306.5849783104	5.9680885280898e-20
3162633.663578506	5.915168357551008e-20
3686781.653420771	5.873973314697687e-20
4208398.556458264	5.80988126048006e-20
4729037.535270787	5.759701563810173e-20
5246827.918847731	5.697659693736126e-20
5762831.075955636	5.63926771226544e-20
6277740.935240957	5.589989094344375e-20
6788896.898613205	5.543533751446585e-20
7297851.978493399	5.48547837503948e-20
7804211.482270326	5.433259112820532e-20
8307876.805778961	5.3747535905492284e-20
8807890.510786336	5.311293890748858e-20
9305345.892012827	5.2679820742961596e-20
9800416.112084221	5.211673861630449e-20
10292083.230328057	5.1616310634051335e-20
10780351.087511018	5.106264294431048e-20
11263942.615709651	5.0556293912842895e-20
11745023.474646613	4.9865061861377135e-20
12222536.923650507	4.9328055029797824e-20
12696280.44940722	4.8831217569564025e-20
13165775.739013635	4.835037733348529e-20
13631423.658958001	4.7687196897322027e-20
14093045.016957834	4.7238346412706374e-20
14550163.170906365	4.662964101108191e-20
15003104.82066962	4.609592303314653e-20
15451495.965439722	4.549799304347163e-20
15895177.756162403	4.5053078580550554e-20
16334098.468235092	4.457081555686215e-20
16768488.149111716	4.3907474393561877e-20
17197940.15457665	4.3449604068184035e-20
17622671.705019645	4.287556499040937e-20
18042910.165768713	4.235319570653083e-20
18457423.581312753	4.188468225316896e-20
18867316.179573607	4.1388519417533524e-20
19297605.423989784	4.082896683222086e-20
19722327.770828675	4.0219416695124744e-20
20141789.688356895	3.96111692947035e-20
20555028.246392656	3.919208928158427e-20
20963214.870338947	3.8641133247357843e-20
21365699.240137216	3.810766753485866e-20
21762876.91230183	3.763037267807511e-20
22153868.290887713	3.720090046739072e-20
22540137.10805682	3.6564036304530516e-20
22920299.955497965	3.618645128769559e-20
23295662.412131578	3.561529444975956e-20
23665245.71814119	3.525087614163001e-20
24029469.25547878	3.484041990264082e-20
24388655.86743148	3.4342825029645894e-20
24742397.751632724	3.398486625480564e-20
25091579.79422579	3.34060106593096e-20
25435639.952829964	3.297946966719348e-20
25774567.480561145	3.256131522493387e-20
26108017.17882842	3.221011595033642e-20
26437391.993349116	3.173703144897466e-20
26762410.91549863	3.139048251698988e-20
27081728.988563493	3.0984545830960067e-20
27396872.23407081	3.064860154065723e-20
27707858.398115143	3.007697418601114e-20
28013910.812487427	2.97705247723821e-20
28315961.343560275	2.9298290610396374e-20
28612493.320401143	2.9053237392746815e-20
28905911.969872188	2.868497864462751e-20
29194536.756215196	2.8310546578731883e-20
29479376.347032852	2.791571573900706e-20
29760347.67622852	2.7575718786543436e-20
30037801.830526814	2.712207631969494e-20
30310778.64737229	2.6704688195047994e-20
30580058.789348327	2.6357464537921728e-20
30844756.701909646	2.6072791101770435e-20
31106131.694571085	2.5725402917053695e-20
31364004.659003604	2.5452638185643744e-20
31617694.239302143	2.5140881173870696e-20
31867746.865600646	2.489979571131602e-20
32113933.22547084	2.4516440784485515e-20
32356554.363065295	2.4233369344615222e-20
32596105.196173362	2.3838164613257248e-20
32832614.605602156	2.3465568127961322e-20
33064888.0005664	2.320365352031752e-20
33295122.589352336	2.284956561002263e-20
33521390.648957275	2.259396559042464e-20
33744423.741412446	2.236452915967445e-20
33964715.562477484	2.202317316696287e-20
34181751.7896611	2.1753163197199058e-20
34395805.2426455	2.1431095260324246e-20
34606837.04645659	2.1066224474560025e-20
34814608.18047505	2.075694427021815e-20
35020554.64209554	2.0335442811426493e-20
35223444.95488764	2.001881837624906e-20
35424492.14371323	1.9644451912235554e-20
35622886.074123755	1.9436685770518486e-20
35818423.31628237	1.9146894747710424e-20
36011232.50655134	1.895481875616267e-20
36201834.840855375	1.8664697245388455e-20
36389265.37648156	1.8401183872093135e-20
36575105.82553248	1.8082611797128906e-20
36759270.12006631	1.775596096125217e-20
36940200.51772865	1.7490398422573296e-20
37119356.30961291	1.720380608649812e-20
37297099.85628909	1.6902404600331652e-20
37472381.87318762	1.6653603572718083e-20
37645893.88512378	1.643511491304023e-20
37818738.036719315	1.6146859561130752e-20
37988762.06840649	1.599432782213043e-20
38158057.79176923	1.5722436062749035e-20
38324823.47369652	1.5513638774349147e-20
38490811.45104633	1.5210383109837906e-20
38655598.22535412	1.4929084101783653e-20
38819534.27090541	1.462347176234891e-20
38981937.13555036	1.4333220232732176e-20
39143148.37056416	1.410337802450388e-20
39303663.843082115	1.3809198166472846e-20
39461976.049863495	1.3644101808382767e-20
39619788.82629234	1.3420349344458186e-20
39776495.81096856	1.3212801389110378e-20
39932046.8622634	1.3018602461485508e-20
40085753.03533663	1.290586473404705e-20
40239427.016422585	1.2644404931160287e-20
40391171.10471049	1.2507902534884087e-20
40542499.54319541	1.2254642626553838e-20
40692201.275060065	1.2065536622674653e-20
40841938.83020247	1.1816851765924474e-20
40990361.80140401	1.162067321563998e-20
41138768.93162945	1.1398287298028939e-20
41285837.50161791	1.1227326560005692e-20
41577679.07916458	1.0830311720153157e-20
41868972.08685687	1.0480928775483543e-20
42157105.4557829	1.0217909119653747e-20
42443997.559254475	9.928787932323734e-21
42730927.18406658	9.527008628144623e-21
43019030.298345864	9.12559792736864e-21
43309110.93534477	8.74897927722209e-21
43600914.575384766	8.405853814325656e-21
43894725.74478624	8.082791354816472e-21
44192452.68153828	7.766698466205958e-21
44494972.04190604	7.463177946262043e-21
44801921.481226675	7.168544803558426e-21
45113510.515254736	6.847555517362513e-21
45431048.511012815	6.502804163478126e-21
45756146.65386499	6.1564097617522766e-21
46085036.61287468	5.900552626276293e-21
46418452.67574092	5.6530409793848725e-21
46754049.456811756	5.448327135432273e-21
47092554.91699298	5.2687230274244364e-21
47436486.61747622	5.0672066888358795e-21
47784260.9947041	4.890112788279414e-21
48138397.06523265	4.670675371021803e-21
48499552.688761994	4.4476727658871036e-21
48871237.23224121	4.181111360669168e-21
49258535.37215657	3.889717573902846e-21
49663076.07478618	3.597184165508304e-21
50076391.25586028	3.39678606890908e-21
50492950.69026963	3.2615220952879705e-21
50913251.640511036	3.139954815902914e-21
51338114.75706914	3.011481393203441e-21
51766138.084755756	2.904926967035605e-21
52199567.81823006	2.78958833550412e-21
52640465.45396421	2.654870261110008e-21
53090786.47571535	2.5054797133693285e-21
53554307.1639434	2.3485279037124833e-21
54026298.35829954	2.2176404588672365e-21
54503728.33898613	2.111076171392606e-21
54983052.07625345	2.023099984842691e-21
55465764.87077411	1.9344383088648935e-21
55951849.78148623	1.8504708941848028e-21
56441205.9478711	1.7718453888341405e-21
56935112.94666938	1.6973024404294824e-21
57434754.29015084	1.6192179412610403e-21
57943214.61793434	1.5354946890388423e-21
58464438.02774469	1.4408888227009622e-21
58996978.97367288	1.3607208815471277e-21
59534325.55433882	1.3026616153792399e-21
60077018.71972343	1.2443921512694725e-21
60622213.4037516	1.1950231029779808e-21
61170422.43650112	1.1484664127650283e-21
61719542.302013226	1.1066341753847648e-21
62270818.73478138	1.066490638286489e-21
62825570.638156556	1.0238628438553632e-21
63382877.48098851	9.847705450893202e-22
63945930.50241744	9.393841882317346e-22
64517454.732963555	8.885158568887069e-22
65102021.68174196	8.313565452128126e-22
65695672.73580506	7.848409710828458e-22
66294750.751850635	7.475126925762723e-22
66899258.73606972	7.138460425609368e-22
67507000.31740116	6.849000894597064e-22
68117270.68045437	6.586348053200854e-22
68729931.88999173	6.34615953948421e-22
69344277.9741804	6.131023939946968e-22
69960197.05125195	5.930521375764821e-22
70578823.52023162	5.72476064180287e-22
71202352.13116208	5.505232033269621e-22
71833954.56203145	5.252361501897134e-22
72475758.61189726	4.977531907938224e-22
