1053810.4620850945	2.306048276740758e-19
1581361.3154494457	2.2875669422797207e-19
2108999.7060217913	2.263555133397762e-19
2636306.5849783104	2.246365404985355e-19
3162633.663578506	2.2254007888712455e-19
3686781.653420771	2.207041271639285e-19
4208398.556458264	2.1839936145900703e-19
4729037.535270787	2.1656308575531778e-19
5246827.918847731	2.1453566334261775e-19
5762831.075955636	2.1260326502213544e-19
6277740.935240957	2.106390782752858e-19
6788896.898613205	2.0870415293278482e-19
7297851.978493399	2.0642407104872185e-19
7804211.482270326	2.0451860721676146e-19
8307876.805778961	2.0262576810232941e-19
8807890.510786336	2.0042920560268035e-19
9305345.892012827	1.9885067706702733e-19
9800416.112084221	1.9644205987294178e-19
10292083.230328057	1.9434358837704425e-19
10780351.087511018	1.9237328603107448e-19
11263942.615709651	1.9059539616099463e-19
11745023.474646613	1.8831512422305311e-19
12222536.923650507	1.8645575731136722e-19
12696280.44940722	1.843527123877277e-19
13165775.739013635	1.8217169921300868e-19
13631423.658958001	1.7972468226188114e-19
14093045.016957834	1.7806899949331275e-19
14550163.170906365	1.7601111462636985e-19
15003104.82066962	1.7419529207713703e-19
15451495.965439722	1.7194721541578553e-19
15895177.756162403	1.7007495128579765e-19
16334098.468235092	1.6809211387075806e-19
16768488.149111716	1.6567042054957622e-19
17197940.15457665	1.640340728721823e-19
17622671.705019645	1.618864382164465e-19
18042910.165768713	1.6005954285210145e-19
18457423.581312753	1.583096089170061e-19
18867316.179573607	1.5630189483432361e-19
19297605.423989784	1.5414621550202222e-19
19722327.770828675	1.520383452647147e-19
20141789.688356895	1.496917836736456e-19
20555028.246392656	1.4806827693762745e-19
20963214.870338947	1.4608081213482037e-19
21365699.240137216	1.441728421750961e-19
21762876.91230183	1.4228142741925648e-19
22153868.290887713	1.4064822335940445e-19
22540137.10805682	1.3826533421305185e-19
22920299.955497965	1.368610340782792e-19
23295662.412131578	1.347017919163346e-19
23665245.71814119	1.3343654947620836e-19
24029469.25547878	1.3208447141507367e-19
24388655.86743148	1.3012304801655612e-19
24742397.751632724	1.2859755870370547e-19
25091579.79422579	1.2639767738266731e-19
25435639.952829964	1.2485841354478054e-19
25774567.480561145	1.2328472875541122e-19
26108017.17882842	1.220070246885795e-19
26437391.993349116	1.202381402723809e-19
26762410.91549863	1.189707049146975e-19
27081728.988563493	1.1736467962355885e-19
27396872.23407081	1.1602000801863928e-19
27707858.398115143	1.1390331765950233e-19
28013910.812487427	1.1285184419549269e-19
28315961.343560275	1.1104776390461022e-19
28612493.320401143	1.1014146826943346e-19
28905911.969872188	1.0872272654172347e-19
29194536.756215196	1.0735816110657824e-19
29479376.347032852	1.0589036342893055e-19
29760347.67622852	1.0456672814512352e-19
30037801.830526814	1.0282557467047823e-19
30310778.64737229	1.0125800835589334e-19
30580058.789348327	9.995916363417754e-20
30844756.701909646	9.887052894359627e-20
31106131.694571085	9.753284880796239e-20
31364004.659003604	9.651066079313603e-20
31617694.239302143	9.535144816954071e-20
31867746.865600646	9.438891272442928e-20
32113933.22547084	9.286061795570658e-20
32356554.363065295	9.177208826751034e-20
32596105.196173362	9.032008768256126e-20
32832614.605602156	8.890462882951118e-20
33064888.0005664	8.79195149960259e-20
33295122.589352336	8.656127689380393e-20
33521390.648957275	8.55333668161379e-20
33744423.741412446	8.45717302133321e-20
33964715.562477484	8.324342205543431e-20
34181751.7896611	8.220230229199537e-20
34395805.2426455	8.096548234333994e-20
34606837.04645659	7.967265683804091e-20
34814608.18047505	7.860160166905601e-20
35020554.64209554	7.708342369249104e-20
35223444.95488764	7.592722302992574e-20
35424492.14371323	7.457927550271572e-20
35622886.074123755	7.381531944969328e-20
35818423.31628237	7.270989793351489e-20
36011232.50655134	7.196431432209914e-20
36201834.840855375	7.087700718679424e-20
36389265.37648156	6.98757485631979e-20
36575105.82553248	6.87152955283563e-20
36759270.12006631	6.754822858692034e-20
36940200.51772865	6.660310271022381e-20
37119356.30961291	6.555437070286988e-20
37297099.85628909	6.443378331801465e-20
37472381.87318762	6.350629576514742e-20
37645893.88512378	6.267269982053359e-20
37818738.036719315	6.155890676413964e-20
37988762.06840649	6.093821577250372e-20
38158057.79176923	5.987534827392123e-20
38324823.47369652	5.908326237763074e-20
38490811.45104633	5.795209944502198e-20
38655598.22535412	5.694751422745464e-20
38819534.27090541	5.584561557298172e-20
38981937.13555036	5.478917847174755e-20
39143148.37056416	5.3941269949080795e-20
39303663.843082115	5.284742151757543e-20
39461976.049863495	5.2234079509330306e-20
39619788.82629234	5.1377441022578426e-20
39776495.81096856	5.0569381289243396e-20
39932046.8622634	4.979862969698112e-20
40085753.03533663	4.9314990307516965e-20
40239427.016422585	4.8279715979236195e-20
40391171.10471049	4.7766647471371134e-20
40542499.54319541	4.6853847716255256e-20
40692201.275060065	4.619848036953917e-20
40841938.83020247	4.5301072473094867e-20
40990361.80140401	4.458752196797083e-20
41138768.93162945	4.375912171408654e-20
41285837.50161791	4.313022696145581e-20
41577679.07916458	4.162270249089673e-20
41868972.08685687	4.025891715439332e-20
42157105.4557829	3.9173294170444723e-20
42443997.559254475	3.797718661964364e-20
42730927.18406658	3.654146436120314e-20
43019030.298345864	3.509138328682623e-20
43309110.93534477	3.369357281982972e-20
43600914.575384766	3.2395209632075013e-20
43894725.74478624	3.115894326551064e-20
44192452.68153828	2.9902764190636323e-20
44494972.04190604	2.866591957252521e-20
44801921.481226675	2.744821257322559e-20
45113510.515254736	2.6259200276974697e-20
45431048.511012815	2.500564825676216e-20
45756146.65386499	2.3722147233432635e-20
46085036.61287468	2.2761113162059215e-20
46418452.67574092	2.1816696599021997e-20
46754049.456811756	2.101647939635512e-20
47092554.91699298	2.0292767288701313e-20
47436486.61747622	1.945998159132445e-20
47784260.9947041	1.8716805904100067e-20
48138397.06523265	1.7858685473550092e-20
48499552.688761994	1.7017522562135764e-20
48871237.23224121	1.6032814033174932e-20
49258535.37215657	1.4949506487943206e-20
49663076.07478618	1.3844040164591467e-20
50076391.25586028	1.3082952527283108e-20
50492950.69026963	1.2563742620354317e-20
50913251.640511036	1.208613762882731e-20
51338114.75706914	1.1567515904734036e-20
51766138.084755756	1.1128681569213672e-20
52199567.81823006	1.0648900514825244e-20
52640465.45396421	1.0114917942921007e-20
53090786.47571535	9.540937750618194e-21
53554307.1639434	8.940629089321361e-21
54026298.35829954	8.447832041099779e-21
54503728.33898613	8.06045772138626e-21
54983052.07625345	7.74115792591101e-21
55465764.87077411	7.415441096722475e-21
55951849.78148623	7.100650642229282e-21
56441205.9478711	6.800513407763082e-21
56935112.94666938	6.51233275279674e-21
57434754.29015084	6.208265234616165e-21
57943214.61793434	5.878893232028925e-21
58464438.02774469	5.504357435086995e-21
58996978.97367288	5.183093620799957e-21
59534325.55433882	4.946460466769291e-21
60077018.71972343	4.7181073188962716e-21
60622213.4037516	4.528347099379426e-21
61170422.43650112	4.3499041166835974e-21
61719542.302013226	4.190158504067957e-21
62270818.73478138	4.038490252041724e-21
62825570.638156556	3.877786198642114e-21
63382877.48098851	3.730497827177378e-21
63945930.50241744	3.561885348849143e-21
64517454.732963555	3.3740769731887966e-21
65102021.68174196	3.1612027677167635e-21
65695672.73580506	2.9875301079856625e-21
66294750.751850635	2.8482387427460085e-21
66899258.73606972	2.7211208050392894e-21
67507000.31740116	2.6109706344753435e-21
68117270.68045437	2.5108723479524646e-21
68729931.88999173	2.41822482324875e-21
69344277.9741804	2.334907468056751e-21
69960197.05125195	2.256046685251869e-21
70578823.52023162	2.174375780355865e-21
71202352.13116208	2.0869025134560114e-21
71833954.56203145	1.985968447027372e-21
72475758.61189726	1.877777755012026e-21
