0.0	1.0752E+00
469141.76961766963	1.0715E+00
939851.5840280314	1.0679E+00
1411091.067224223	1.0643E+00
1882543.2265953412	1.0608E+00
2354332.8141959864	1.0572E+00
2825688.234749191	1.0536E+00
3297403.3723522504	1.0501E+00
3766130.1092766295	1.0466E+00
4235267.405961516	1.0431E+00
4701764.137002194	1.0397E+00
5168082.236187808	1.0363E+00
5633639.942346332	1.0328E+00
6098365.121899474	1.0294E+00
6560019.131069665	1.0261E+00
7021408.067474786	1.0227E+00
7480915.976001867	1.0193E+00
7938837.525104035	1.0159E+00
8394199.082699908	1.0125E+00
8849246.872474516	1.0091E+00
9301553.208470078	1.0059E+00
9751741.100439448	1.0027E+00
10199593.440917142	9.9904E-01
10645811.941322278	9.9447E-01
11089305.401602032	9.9005E-01
11531051.063975044	9.8584E-01
11970052.875405354	9.8173E-01
12407091.593520215	9.7764E-01
12841118.448172651	9.7356E-01
13273335.300895551	9.6952E-01
13703008.173755134	9.6557E-01
14129860.073263286	9.6167E-01
14554084.340830239	9.5785E-01
14975555.458479661	9.5393E-01
15394707.898820294	9.5004E-01
15810990.362719217	9.4621E-01
16224220.772030933	9.4248E-01
16635174.783343876	9.3881E-01
17043440.4860169	9.3505E-01
17448471.951231144	9.3131E-01
17875656.863175686	9.2741E-01
18299907.011785604	9.2358E-01
18720703.35457512	9.1988E-01
19138303.007320162	9.1613E-01
19552465.916349273	9.1270E-01
19963665.236874714	9.0729E-01
20371512.620323505	9.0180E-01
20776295.372611545	8.9665E-01
21177556.54578686	8.9162E-01
21575829.138181455	8.8670E-01
21971347.184230648	8.8187E-01
22363152.77772792	8.7720E-01
22752159.07578883	8.7257E-01
23137751.31446442	8.6792E-01
23520847.54446574	8.6326E-01
23900492.347230006	8.5876E-01
24277599.29832437	8.5438E-01
24651660.48281535	8.5002E-01
25023194.603407454	8.4558E-01
25391706.56434892	8.4131E-01
25757787.565122902	8.3722E-01
26121655.881662633	8.3338E-01
26481690.297260106	8.2828E-01
26839744.950353015	8.2228E-01
27195958.28427452	8.1678E-01
27549671.83107632	8.1166E-01
27900191.648087297	8.0667E-01
28248781.938342046	8.0161E-01
28595272.75617423	7.9663E-01
28940093.659143537	7.9174E-01
29281677.41096811	7.8700E-01
29621716.780092265	7.8231E-01
29960429.586372755	7.7745E-01
30297397.809052844	7.7271E-01
30631500.355026685	7.6814E-01
30964147.23514923	7.6362E-01
31294190.674947966	7.5906E-01
31621657.38856836	7.5516E-01
31947927.773174893	7.5125E-01
32271462.021420725	7.4725E-01
32593435.627438843	7.4303E-01
32913294.836585406	7.3880E-01
33231623.929624617	7.3460E-01
33547705.674158998	7.3028E-01
33861711.90297384	7.2583E-01
34173424.426006824	7.2143E-01
34484874.22044627	7.1705E-01
34793093.06457246	7.1256E-01
35100247.648699	7.0801E-01
35405154.003336854	7.0349E-01
35709020.569038294	6.9899E-01
36010661.82396541	6.9437E-01
36311527.233097754	6.9005E-01
36610355.5022346	6.8630E-01
36908839.889652446	6.8261E-01
37204719.44525318	6.7891E-01
37499453.66268687	6.7527E-01
37793281.45318953	6.7165E-01
38084947.919092655	6.6811E-01
38376692.327505246	6.6458E-01
38666581.03582472	6.6107E-01
38954394.68147336	6.5757E-01
39242284.107834496	6.5401E-01
39528057.351709045	6.5048E-01
39812713.7231312	6.4688E-01
40096491.928845845	6.4316E-01
40378167.789041646	6.3952E-01
40659937.92420249	6.3580E-01
40939599.7415705	6.3226E-01
41218812.5253506	6.2767E-01
41497414.208598584	6.2278E-01
41773635.77233852	6.1861E-01
42049650.97072744	6.1484E-01
42324763.30991114	6.1123E-01
42597464.06583377	6.0759E-01
42870217.16110148	6.0396E-01
43142730.183543086	6.0042E-01
43414313.4120534	5.9691E-01
43684676.39584846	5.9327E-01
43955052.388661765	5.8966E-01
44224186.08680096	5.8612E-01
44493292.61686529	5.8252E-01
44762374.537215956	5.7906E-01
45031415.155311294	5.7584E-01
45300114.28241655	5.7099E-01
45569026.130037054	5.6640E-01
45837862.90404473	5.6244E-01
46106331.608684726	5.5881E-01
46374969.16441023	5.5511E-01
46644746.005954415	5.5144E-01
47184520.76952779	5.4427E-01
47726397.446696095	5.3675E-01
48270611.141355984	5.2940E-01
48818597.50136212	5.2145E-01
49369943.482244335	5.1274E-01
49920550.07549496	5.0521E-01
50468785.94735562	4.9784E-01
51016681.07213659	4.9062E-01
51563134.06785996	4.8341E-01
52110296.65946645	4.7609E-01
52658036.92020811	4.6801E-01
53207480.61363176	4.6051E-01
53760700.84699418	4.5352E-01
54319480.316089176	4.4642E-01
54888467.12707507	4.3958E-01
55461724.33886273	4.3225E-01
56035507.13395926	4.2450E-01
56609323.97582575	4.1738E-01
57182370.40592143	4.1058E-01
57755653.37047101	4.0422E-01
58329125.70063089	3.9844E-01
58905477.73178654	3.9142E-01
59484520.4570063	3.8471E-01
60070531.019876964	3.7832E-01
60663707.4175326	3.7210E-01
61259022.4970167	3.6642E-01
61854802.04478873	3.6070E-01
62449362.798991	3.5441E-01
63044439.24724844	3.4846E-01
63639107.63830681	3.4282E-01
64234044.501338996	3.3767E-01
64831355.94756599	3.3301E-01
65432864.86926886	3.2774E-01
66041880.18219953	3.2191E-01
66660324.66917634	3.1608E-01
67284086.53611937	3.1037E-01
67909035.4739338	3.0468E-01
68533467.18939586	2.9787E-01
69158984.0946207	2.8979E-01
69783473.5592891	2.8173E-01
70406486.67558977	2.7149E-01
71029589.1231253	2.5648E-01
71654358.06006497	2.4078E-01
72283180.73383324	2.2809E-01
72920074.51312704	2.1384E-01
73562975.18453151	1.9887E-01
74208540.78877982	1.8547E-01
74854715.17546506	1.7698E-01
75502207.04721154	1.7421E-01
76150668.82831694	1.7154E-01
76797496.34590961	1.6895E-01
77443558.0471352	1.6648E-01
78089870.30338827	1.6425E-01
78735799.77367347	1.6209E-01
79384439.4450197	1.6009E-01
80040211.99996912	1.5794E-01
80702004.64672485	1.5524E-01
81368410.56577177	1.5283E-01
82038619.51544528	1.5068E-01
82709732.84323919	1.4867E-01
83381715.07590859	1.4701E-01
84053773.24665444	1.4581E-01
84726637.53507513	1.4476E-01
85399280.35996555	1.4348E-01
86071222.42073713	1.4228E-01
86743806.93167667	1.4711E-01
87416641.57927825	1.4587E-01
88095421.31688797	1.4520E-01
88778196.36599968	1.4503E-01
89464433.81031369	1.4524E-01
90153236.23697598	1.4585E-01
90843018.86771488	1.4672E-01
91535013.50849302	1.4781E-01
92226985.12366106	1.4901E-01
92920391.20128585	1.5029E-01
93613286.46084379	1.5174E-01
94306609.13212816	1.5354E-01
94999083.30610354	1.5557E-01
95691662.35884923	1.5772E-01
96384170.59351602	1.5946E-01
97079445.12614398	1.6104E-01
97777906.88596275	1.6283E-01
98479536.06714444	1.6489E-01
99183255.34584959	1.6722E-01
99887863.45697859	1.6967E-01
100594974.71543993	1.7226E-01
