939851.5840280314	9.645250943125391e+29
1411091.067224223	9.586031942744151e+29
1882543.2265953412	9.54177284637962e+29
2354332.8141959864	9.49186005699276e+29
2825688.234749191	9.432668100448364e+29
3297403.3723522504	9.361709975841557e+29
3766130.1092766295	9.279651061137962e+29
4235267.405961516	9.195420325660869e+29
4701764.137002194	9.131668255075539e+29
5168082.236187808	9.068606449090364e+29
5633639.942346332	9.01855969433113e+29
6098365.121899474	8.973260020824437e+29
6560019.131069665	8.919318756060605e+29
7021408.067474786	8.854280390379572e+29
7480915.976001867	8.778347795378951e+29
7938837.525104035	8.695386287321922e+29
8394199.082699908	8.621690197242109e+29
8849246.872474516	8.553930506825966e+29
9301553.208470078	8.49717053494745e+29
9751741.100439448	8.450950682915965e+29
10199593.440917142	8.404576555519805e+29
10645811.941322278	8.349669043157987e+29
11089305.401602032	8.287620278135944e+29
11531051.063975044	8.213054116431677e+29
11970052.875405354	8.135629662018293e+29
12407091.593520215	8.062110296119569e+29
12841118.448172651	7.998592374910681e+29
13273335.300895551	7.938355240602674e+29
13703008.173755134	7.889405337546185e+29
14129860.073263286	7.842807361955058e+29
14554084.340830239	7.791512141254263e+29
14975555.458479661	7.732648595080819e+29
15394707.898820294	7.664489583893239e+29
15810990.362719217	7.589264835155064e+29
16224220.772030933	7.518000938317087e+29
16635174.783343876	7.449317627965243e+29
17043440.4860169	7.387137271175302e+29
17448471.951231144	7.331820593669513e+29
17875656.863175686	7.28287506700435e+29
18299907.011785604	7.238467049502915e+29
18720703.35457512	7.187378013352042e+29
19138303.007320162	7.12699489360562e+29
19552465.916349273	7.05711413873361e+29
19963665.236874714	6.980981770443056e+29
20371512.620323505	6.907631199700169e+29
20776295.372611545	6.83991805958834e+29
21177556.54578686	6.779555034603332e+29
21575829.138181455	6.725445011571908e+29
21971347.184230648	6.679082832144579e+29
22363152.77772792	6.638823708824131e+29
22752159.07578883	6.595612536169649e+29
23137751.31446442	6.545223319257975e+29
23520847.54446574	6.482848748917781e+29
23900492.347230006	6.414102659413468e+29
24277599.29832437	6.345430355107347e+29
24651660.48281535	6.2782382457890495e+29
25023194.603407454	6.2205893827631745e+29
25391706.56434892	6.16759294637558e+29
25757787.565122902	6.116799328718131e+29
26121655.881662633	6.074232019953624e+29
26481690.297260106	6.0314145448302306e+29
26839744.950353015	5.989918441506373e+29
27195958.28427452	5.940824510564372e+29
27549671.83107632	5.88645239640859e+29
27900191.648087297	5.823460896470559e+29
28248781.938342046	5.7584428229596634e+29
28595272.75617423	5.695978989715862e+29
28940093.659143537	5.635432198168288e+29
29281677.41096811	5.5805126637777034e+29
29621716.780092265	5.528156670962885e+29
29960429.586372755	5.480136308747971e+29
30297397.809052844	5.434605227481011e+29
30631500.355026685	5.393432825783784e+29
30964147.23514923	5.350207549473797e+29
31294190.674947966	5.3057116680606904e+29
31621657.38856836	5.258571136567107e+29
31947927.773174893	5.202990220512851e+29
32271462.021420725	5.145275390882644e+29
32593435.627438843	5.087272943208111e+29
32913294.836585406	5.031511735245843e+29
33231623.929624617	4.97697771191638e+29
33547705.674158998	4.926937925530584e+29
33861711.90297384	4.880202275345019e+29
34173424.426006824	4.83467246006768e+29
34484874.22044627	4.7937469160993646e+29
34793093.06457246	4.756106233316936e+29
35100247.648699	4.7168231972813856e+29
35405154.003336854	4.678024998719826e+29
35709020.569038294	4.637075340490477e+29
36010661.82396541	4.593066407308901e+29
36311527.233097754	4.54426742582068e+29
36610355.5022346	4.4946040495624435e+29
36908839.889652446	4.4441233761028504e+29
37204719.44525318	4.395925593371116e+29
37499453.66268687	4.348475178312258e+29
37793281.45318953	4.303269183178769e+29
38084947.919092655	4.261810003434343e+29
38376692.327505246	4.2205255751525666e+29
38666581.03582472	4.1798848769552576e+29
38954394.68147336	4.142617819229193e+29
39242284.107834496	4.106342793797707e+29
39528057.351709045	4.0710314792507916e+29
39812713.7231312	4.0356975998075436e+29
40096491.928845845	3.9983895396602885e+29
40378167.789041646	3.961450620458757e+29
40659937.92420249	3.92134826648535e+29
40939599.7415705	3.8813255960346455e+29
41218812.5253506	3.839151865473939e+29
41497414.208598584	3.796971567763969e+29
41773635.77233852	3.756174557517984e+29
42049650.97072744	3.7151253546613224e+29
42324763.30991114	3.676175507242081e+29
42597464.06583377	3.638750680531809e+29
42870217.16110148	3.602023761418734e+29
43142730.183543086	3.567747891453632e+29
43414313.4120534	3.533345143791549e+29
43684676.39584846	3.501647481147616e+29
43955052.388661765	3.4701939183556045e+29
44224186.08680096	3.438857706403123e+29
44493292.61686529	3.4077407314022465e+29
44762374.537215956	3.376074730473255e+29
45031415.155311294	3.34360288301017e+29
45300114.28241655	3.31060127088628e+29
45569026.130037054	3.276443228372435e+29
45837862.90404473	3.243223155929933e+29
46106331.608684726	3.2097333474569275e+29
46374969.16441023	3.175190980885402e+29
46644746.005954415	3.140633492480565e+29
47184520.76952779	3.0720702365135657e+29
47726397.446696095	3.0037971056647057e+29
48270611.141355984	2.9398089692581072e+29
48818597.50136212	2.879076333578402e+29
49369943.482244335	2.821518582556955e+29
49920550.07549496	2.7661091145674707e+29
50468785.94735562	2.7102057237002594e+29
51016681.07213659	2.6527466384303937e+29
51563134.06785996	2.5954020421825623e+29
52110296.65946645	2.5419255453003343e+29
52658036.92020811	2.487640126583338e+29
53207480.61363176	2.433484846944183e+29
53760700.84699418	2.3788931667010586e+29
54319480.316089176	2.32512086355573e+29
54888467.12707507	2.273383588882988e+29
55461724.33886273	2.2239098738529614e+29
56035507.13395926	2.1764744844865518e+29
56609323.97582575	2.132222096088883e+29
57182370.40592143	2.088119843956043e+29
57755653.37047101	2.0438717173458e+29
58329125.70063089	1.9992043611649434e+29
58905477.73178654	1.954268408031877e+29
59484520.4570063	1.910705099193888e+29
60070531.019876964	1.8697562945075593e+29
60663707.4175326	1.830161002050031e+29
61259022.4970167	1.7927068461972118e+29
61854802.04478873	1.7550123145625327e+29
62449362.798991	1.717249069744339e+29
63044439.24724844	1.6797275842958095e+29
63639107.63830681	1.6426530614924876e+29
64234044.501338996	1.6073402439853148e+29
64831355.94756599	1.5740447578283383e+29
65432864.86926886	1.5416171392488786e+29
66041880.18219953	1.5098205074894108e+29
66660324.66917634	1.479711557867554e+29
67284086.53611937	1.4507231895461573e+29
67909035.4739338	1.4216433911023318e+29
68533467.18939586	1.3921763707345197e+29
69158984.0946207	1.3628362011938377e+29
69783473.5592891	1.3335170059417638e+29
70406486.67558977	1.3056094756140653e+29
71029589.1231253	1.2786899146782309e+29
71654358.06006497	1.2531925943361633e+29
72283180.73383324	1.228328973732326e+29
72920074.51312704	1.2045003733700513e+29
73562975.18453151	1.1813168094278291e+29
74208540.78877982	1.158879550893653e+29
74854715.17546506	1.1376107621767786e+29
75502207.04721154	1.1170120146960041e+29
76150668.82831694	1.0969650762997964e+29
76797496.34590961	1.0776550171279766e+29
77443558.0471352	1.058284882298316e+29
78089870.30338827	1.0391170866702277e+29
78735799.77367347	1.0199835327925926e+29
79384439.4450197	1.0010981247072991e+29
80040211.99996912	9.82419564006828e+28
80702004.64672485	9.643621903256598e+28
81368410.56577177	9.464540444354552e+28
82038619.51544528	9.29322689209424e+28
82709732.84323919	9.12842927103797e+28
83381715.07590859	8.966431939723889e+28
84053773.24665444	8.814247263920783e+28
84726637.53507513	8.665489497602707e+28
85399280.35996555	8.519143127938493e+28
86071222.42073713	8.375169011461174e+28
86743806.93167667	8.232574190717306e+28
87416641.57927825	8.090328595742712e+28
88095421.31688797	7.945555201287811e+28
88778196.36599968	7.800670710461178e+28
89464433.81031369	7.661767722858064e+28
90153236.23697598	7.527032235673069e+28
90843018.86771488	7.396329737690263e+28
91535013.50849302	7.269650183310309e+28
92226985.12366106	7.14618320894613e+28
92920391.20128585	7.027519469997389e+28
93613286.46084379	6.912826929538803e+28
94306609.13212816	6.800849676939647e+28
94999083.30610354	6.691996472079106e+28
95691662.35884923	6.5858029017833635e+28
96384170.59351602	6.482707963613606e+28
97079445.12614398	6.381799939399769e+28
97777906.88596275	6.283141270406869e+28
98479536.06714444	6.18662748956235e+28
99183255.34584959	6.091480102364765e+28
99887863.45697859	5.9985462949622096e+28
100594974.71543993	5.909518082667402e+28
