939851.5840280314	1.9321098596729473e+29
1411091.067224223	1.9256141251371377e+29
1882543.2265953412	1.9220724568362378e+29
2354332.8141959864	1.9195121773284272e+29
2825688.234749191	1.90996291667585e+29
3297403.3723522504	1.8950883478821562e+29
3766130.1092766295	1.875982714640824e+29
4235267.405961516	1.8581255962591724e+29
4701764.137002194	1.843293791690741e+29
5168082.236187808	1.8349475185760193e+29
5633639.942346332	1.8308341260827903e+29
6098365.121899474	1.82912942840229e+29
6560019.131069665	1.8243012745895456e+29
7021408.067474786	1.8126659147368653e+29
7480915.976001867	1.794637098156892e+29
7938837.525104035	1.774910222539409e+29
8394199.082699908	1.7589237770924126e+29
8849246.872474516	1.745768593319794e+29
9301553.208470078	1.7378064639898753e+29
9751741.100439448	1.734301054261419e+29
10199593.440917142	1.7313852209676323e+29
10645811.941322278	1.725502898030906e+29
11089305.401602032	1.7120472489474937e+29
11531051.063975044	1.693475405305308e+29
11970052.875405354	1.674388839030166e+29
12407091.593520215	1.6576693302682308e+29
12841118.448172651	1.6451957480644678e+29
13273335.300895551	1.6356042820863778e+29
13703008.173755134	1.6294269310491673e+29
14129860.073263286	1.6247973858692616e+29
14554084.340830239	1.6190946189788805e+29
14975555.458479661	1.6093505457818918e+29
15394707.898820294	1.5930531344874964e+29
15810990.362719217	1.574997804237237e+29
16224220.772030933	1.5577851829269742e+29
16635174.783343876	1.5439521607002958e+29
17043440.4860169	1.532076767514007e+29
17448471.951231144	1.5224544487978119e+29
17875656.863175686	1.5161154334252881e+29
18299907.011785604	1.5122996709640883e+29
18720703.35457512	1.5067134220678218e+29
19138303.007320162	1.4959733048449164e+29
19552465.916349273	1.4804473495484497e+29
19963665.236874714	1.4619609540606472e+29
20371512.620323505	1.4451886364739404e+29
20776295.372611545	1.4314308647532653e+29
21177556.54578686	1.4201445055797015e+29
21575829.138181455	1.4111919484917983e+29
21971347.184230648	1.40458690854463e+29
22363152.77772792	1.4011818356369588e+29
22752159.07578883	1.3964064614891686e+29
23137751.31446442	1.388077971512391e+29
23520847.54446574	1.3751912634717497e+29
23900492.347230006	1.3589241067963077e+29
24277599.29832437	1.3417080751918661e+29
24651660.48281535	1.3265666685166981e+29
25023194.603407454	1.313612186501308e+29
25391706.56434892	1.3025761859191087e+29
25757787.565122902	1.2930063641113333e+29
26121655.881662633	1.2856810039143907e+29
26481690.297260106	1.279741980746401e+29
26839744.950353015	1.2734645382198933e+29
27195958.28427452	1.265171348895356e+29
27549671.83107632	1.2529156425838936e+29
27900191.648087297	1.2376475576449693e+29
28248781.938342046	1.2212041609350089e+29
28595272.75617423	1.2055904308699826e+29
28940093.659143537	1.1908387932265662e+29
29281677.41096811	1.1784082716614216e+29
29621716.780092265	1.1678095007467681e+29
29960429.586372755	1.1586195371255093e+29
30297397.809052844	1.1517813580547946e+29
30631500.355026685	1.1452378862357541e+29
30964147.23514923	1.1390311757109313e+29
31294190.674947966	1.1314116962625834e+29
31621657.38856836	1.121519265528385e+29
31947927.773174893	1.1090197873620618e+29
32271462.021420725	1.0947116001766048e+29
32593435.627438843	1.0799456675078528e+29
32913294.836585406	1.065898344862012e+29
33231623.929624617	1.0524729432943256e+29
33547705.674158998	1.041052339986413e+29
33861711.90297384	1.0311205601878205e+29
34173424.426006824	1.0229812134972966e+29
34484874.22044627	1.0164641355586363e+29
34793093.06457246	1.010369810649712e+29
35100247.648699	1.0046008810130756e+29
35405154.003336854	9.98428575346218e+28
35709020.569038294	9.905416454562356e+28
36010661.82396541	9.81401782996316e+28
36311527.233097754	9.704005182473344e+28
36610355.5022346	9.586917918959453e+28
36908839.889652446	9.458416754791597e+28
37204719.44525318	9.335852772028357e+28
37499453.66268687	9.215804192238227e+28
37793281.45318953	9.10765452789686e+28
38084947.919092655	9.010739019646159e+28
38376692.327505246	8.928454692773204e+28
38666581.03582472	8.855442454984423e+28
38954394.68147336	8.794421364969631e+28
39242284.107834496	8.738830999459078e+28
39528057.351709045	8.686561325731343e+28
39812713.7231312	8.630383839779142e+28
40096491.928845845	8.565124778209939e+28
40378167.789041646	8.491461854111874e+28
40659937.92420249	8.405393265333177e+28
40939599.7415705	8.312856144196647e+28
41218812.5253506	8.212629907683402e+28
41497414.208598584	8.10708171356856e+28
41773635.77233852	8.003011925151359e+28
42049650.97072744	7.897288966158674e+28
42324763.30991114	7.800679263621499e+28
42597464.06583377	7.715059948166572e+28
42870217.16110148	7.636543207351447e+28
43142730.183543086	7.565030236575077e+28
43414313.4120534	7.500789939185816e+28
43684676.39584846	7.446945656586457e+28
43955052.388661765	7.395581139167817e+28
44224186.08680096	7.348726064742723e+28
44493292.61686529	7.2980602211067914e+28
44762374.537215956	7.240280921881452e+28
45031415.155311294	7.1796541027199095e+28
45300114.28241655	7.111413795886163e+28
45569026.130037054	7.039388546256231e+28
45837862.90404473	6.966788464161738e+28
46106331.608684726	6.889741367542091e+28
46374969.16441023	6.808658432839377e+28
46644746.005954415	6.7224796456167545e+28
47184520.76952779	6.546644972675039e+28
47726397.446696095	6.383770995673232e+28
48270611.141355984	6.242294419910808e+28
48818597.50136212	6.121880954473654e+28
49369943.482244335	6.0175224836294655e+28
49920550.07549496	5.928444132276771e+28
50468785.94735562	5.823318633344623e+28
51016681.07213659	5.70338509319395e+28
51563134.06785996	5.582271835263257e+28
52110296.65946645	5.466789650574422e+28
52658036.92020811	5.3474777725321325e+28
53207480.61363176	5.219389498820194e+28
53760700.84699418	5.0860940247811805e+28
54319480.316089176	4.955116479068115e+28
54888467.12707507	4.83715617119958e+28
55461724.33886273	4.732938222331667e+28
56035507.13395926	4.642160165667833e+28
56609323.97582575	4.563968908355732e+28
57182370.40592143	4.485972181779234e+28
57755653.37047101	4.400949033504109e+28
58329125.70063089	4.309912196546576e+28
58905477.73178654	4.216350750350156e+28
59484520.4570063	4.124995279416862e+28
60070531.019876964	4.037526474467289e+28
60663707.4175326	3.9517849566129017e+28
61259022.4970167	3.8692327474626124e+28
61854802.04478873	3.785632312823246e+28
62449362.798991	3.6983692235056257e+28
63044439.24724844	3.6080846750694727e+28
63639107.63830681	3.5178569082731787e+28
64234044.501338996	3.435082345917122e+28
64831355.94756599	3.3604277352626657e+28
65432864.86926886	3.291444777982569e+28
66041880.18219953	3.227313780805014e+28
66660324.66917634	3.169880536028517e+28
67284086.53611937	3.1168066192607393e+28
67909035.4739338	3.063713587972534e+28
68533467.18939586	3.007317827174878e+28
69158984.0946207	2.9472851645622486e+28
69783473.5592891	2.886798967817381e+28
70406486.67558977	2.828063259943955e+28
71029589.1231253	2.771290203081378e+28
71654358.06006497	2.71692233851542e+28
72283180.73383324	2.6636732300279394e+28
72920074.51312704	2.6120292070378267e+28
73562975.18453151	2.561935641825253e+28
74208540.78877982	2.512446379342771e+28
74854715.17546506	2.464600391224504e+28
75502207.04721154	2.4186590005447196e+28
76150668.82831694	2.3735327560348444e+28
76797496.34590961	2.3302903792598536e+28
77443558.0471352	2.2859811034446978e+28
78089870.30338827	2.2406822545960045e+28
78735799.77367347	2.1938980260454134e+28
79384439.4450197	2.1462775012712435e+28
80040211.99996912	2.10081026175047e+28
80702004.64672485	2.0569734441411822e+28
81368410.56577177	2.0160362878399168e+28
82038619.51544528	1.978367527675763e+28
82709732.84323919	1.9438129707807066e+28
83381715.07590859	1.9115435880285712e+28
84053773.24665444	1.883064423293933e+28
84726637.53507513	1.8559825374184342e+28
85399280.35996555	1.8301721881533177e+28
86071222.42073713	1.8043455026812078e+28
86743806.93167667	1.7775054158503598e+28
87416641.57927825	1.749634521244892e+28
88095421.31688797	1.7207567980421567e+28
88778196.36599968	1.6915687290070016e+28
89464433.81031369	1.6630795193908633e+28
90153236.23697598	1.6354882037783719e+28
90843018.86771488	1.6087056652720117e+28
91535013.50849302	1.5826726329481808e+28
92226985.12366106	1.556960089032548e+28
92920391.20128585	1.5318675753297686e+28
93613286.46084379	1.5076162614808677e+28
94306609.13212816	1.483945860620827e+28
94999083.30610354	1.4602703464358452e+28
95691662.35884923	1.437401854014925e+28
96384170.59351602	1.4151400892997091e+28
97079445.12614398	1.393400283203158e+28
97777906.88596275	1.371472141340385e+28
98479536.06714444	1.350516626065224e+28
99183255.34584959	1.3296529761871357e+28
99887863.45697859	1.3093016123465711e+28
100594974.71543993	1.2890701765040032e+28
