939851.5840280314	1.0437187101100731e+30
1411091.067224223	1.0378638511078404e+30
1882543.2265953412	1.0331222026536207e+30
2354332.8141959864	1.0278786793893245e+30
2825688.234749191	1.0213899291984615e+30
3297403.3723522504	1.0142805966069483e+30
3766130.1092766295	1.0060986791440895e+30
4235267.405961516	9.976154195118372e+29
4701764.137002194	9.904648615871633e+29
5168082.236187808	9.843758539761145e+29
5633639.942346332	9.792080867183781e+29
6098365.121899474	9.741090949206095e+29
6560019.131069665	9.680829216888601e+29
7021408.067474786	9.614738696719234e+29
7480915.976001867	9.538504262772547e+29
7938837.525104035	9.454004445325542e+29
8394199.082699908	9.376871812122628e+29
8849246.872474516	9.305129925553697e+29
9301553.208470078	9.245168845170823e+29
9751741.100439448	9.198966684095644e+29
10199593.440917142	9.151969575575924e+29
10645811.941322278	9.096314835782062e+29
11089305.401602032	9.026070844772704e+29
11531051.063975044	8.943112235794132e+29
11970052.875405354	8.856378274412078e+29
12407091.593520215	8.776129411770687e+29
12841118.448172651	8.704808846172335e+29
13273335.300895551	8.644769428594466e+29
13703008.173755134	8.592967066124548e+29
14129860.073263286	8.545659927634796e+29
14554084.340830239	8.489545565813316e+29
14975555.458479661	8.425970976251618e+29
15394707.898820294	8.352124068685697e+29
15810990.362719217	8.272076855551813e+29
16224220.772030933	8.193951557478953e+29
16635174.783343876	8.119963429836348e+29
17043440.4860169	8.054882618048173e+29
17448471.951231144	7.995380570209376e+29
17875656.863175686	7.94205313783835e+29
18299907.011785604	7.889217694018628e+29
18720703.35457512	7.83359110326521e+29
19138303.007320162	7.768534372471406e+29
19552465.916349273	7.693310850797792e+29
19963665.236874714	7.614327866168984e+29
20371512.620323505	7.540060097315284e+29
20776295.372611545	7.471384108355742e+29
21177556.54578686	7.405874529082228e+29
21575829.138181455	7.34630001155305e+29
21971347.184230648	7.29261796454658e+29
22363152.77772792	7.244953325012501e+29
22752159.07578883	7.193727174838623e+29
23137751.31446442	7.136124708248727e+29
23520847.54446574	7.072169066573154e+29
23900492.347230006	7.002296101244064e+29
24277599.29832437	6.928178354543678e+29
24651660.48281535	6.859827391730372e+29
25023194.603407454	6.796504222305605e+29
25391706.56434892	6.738666932409221e+29
25757787.565122902	6.68148464846154e+29
26121655.881662633	6.63142845709883e+29
26481690.297260106	6.585898695957835e+29
26839744.950353015	6.539526232077668e+29
27195958.28427452	6.486458843087075e+29
27549671.83107632	6.426290587797006e+29
27900191.648087297	6.358359408016655e+29
28248781.938342046	6.289494540217479e+29
28595272.75617423	6.222401374920936e+29
28940093.659143537	6.158161349712948e+29
29281677.41096811	6.1003310481955645e+29
29621716.780092265	6.045575737995401e+29
29960429.586372755	5.990357613287991e+29
30297397.809052844	5.9403579019849944e+29
30631500.355026685	5.8942444268022594e+29
30964147.23514923	5.848279783382198e+29
31294190.674947966	5.7995528022949216e+29
31621657.38856836	5.7493712332924625e+29
31947927.773174893	5.689136972143082e+29
32271462.021420725	5.627951018568156e+29
32593435.627438843	5.566757625363041e+29
32913294.836585406	5.5071725385995005e+29
33231623.929624617	5.447974861901074e+29
33547705.674158998	5.394273340042752e+29
33861711.90297384	5.343138990052684e+29
34173424.426006824	5.294728754311322e+29
34484874.22044627	5.251190135001989e+29
34793093.06457246	5.2086583308557364e+29
35100247.648699	5.1661594025201634e+29
35405154.003336854	5.125386964875669e+29
35709020.569038294	5.081125434457408e+29
36010661.82396541	5.033683170767311e+29
36311527.233097754	4.980776330750834e+29
36610355.5022346	4.926521901668994e+29
36908839.889652446	4.87264229078665e+29
37204719.44525318	4.819839593845646e+29
37499453.66268687	4.7688402938421904e+29
37793281.45318953	4.71860831812952e+29
38084947.919092655	4.67337096219071e+29
38376692.327505246	4.628633733603618e+29
38666581.03582472	4.5860969503248356e+29
38954394.68147336	4.546248123643253e+29
39242284.107834496	4.506028334990029e+29
39528057.351709045	4.46836953609288e+29
39812713.7231312	4.4306976299952605e+29
40096491.928845845	4.3906715407336784e+29
40378167.789041646	4.352126194715851e+29
40659937.92420249	4.3084711976689484e+29
40939599.7415705	4.2637991836717864e+29
41218812.5253506	4.217829742400375e+29
41497414.208598584	4.1713084844151346e+29
41773635.77233852	4.126044351383672e+29
42049650.97072744	4.081665664736347e+29
42324763.30991114	4.038678383760264e+29
42597464.06583377	3.9975595607521056e+29
42870217.16110148	3.957775093221066e+29
43142730.183543086	3.92068552601478e+29
43414313.4120534	3.884010258833787e+29
43684676.39584846	3.849792290952088e+29
43955052.388661765	3.815270170142732e+29
44224186.08680096	3.7818031709263634e+29
44493292.61686529	3.748718511034974e+29
44762374.537215956	3.715099958439955e+29
45031415.155311294	3.6804846250885725e+29
45300114.28241655	3.645655988619946e+29
45569026.130037054	3.6087930135702524e+29
45837862.90404473	3.571104806424572e+29
46106331.608684726	3.533989547260642e+29
46374969.16441023	3.495959262734998e+29
46644746.005954415	3.45788778310498e+29
47184520.76952779	3.382196017648577e+29
47726397.446696095	3.308125169205371e+29
48270611.141355984	3.2385337688663454e+29
48818597.50136212	3.172183201031563e+29
49369943.482244335	3.1091643891500848e+29
49920550.07549496	3.0491350600812404e+29
50468785.94735562	2.9876154886784215e+29
51016681.07213659	2.9239633555340305e+29
51563134.06785996	2.8610560965259267e+29
52110296.65946645	2.8026830584616836e+29
52658036.92020811	2.7443691495052982e+29
53207480.61363176	2.6846962865559745e+29
53760700.84699418	2.6249723078281703e+29
54319480.316089176	2.5662777776986015e+29
54888467.12707507	2.509472164056866e+29
55461724.33886273	2.4551140010687512e+29
56035507.13395926	2.4033132821203275e+29
56609323.97582575	2.3538831385906162e+29
57182370.40592143	2.3047960326162625e+29
57755653.37047101	2.255537913335453e+29
58329125.70063089	2.206391191886657e+29
58905477.73178654	2.156938524265701e+29
59484520.4570063	2.1094151838568227e+29
60070531.019876964	2.0638173506975116e+29
60663707.4175326	2.0201333384530376e+29
61259022.4970167	1.9791278670155998e+29
61854802.04478873	1.937602636911389e+29
62449362.798991	1.8963842103800073e+29
63044439.24724844	1.8552675010047785e+29
63639107.63830681	1.81504184640039e+29
64234044.501338996	1.7762809339031255e+29
64831355.94756599	1.7396543393005315e+29
65432864.86926886	1.703715720073857e+29
66041880.18219953	1.66833147264796e+29
66660324.66917634	1.6343744299336354e+29
67284086.53611937	1.6013383874627188e+29
67909035.4739338	1.5687703714947052e+29
68533467.18939586	1.5363335289000261e+29
69158984.0946207	1.504209536500972e+29
69783473.5592891	1.4719960695208252e+29
70406486.67558977	1.4410562611567545e+29
71029589.1231253	1.411431599957537e+29
71654358.06006497	1.3833161268770238e+29
72283180.73383324	1.3559261904066238e+29
72920074.51312704	1.3294771909476277e+29
73562975.18453151	1.3037553419687782e+29
74208540.78877982	1.2791048411070585e+29
74854715.17546506	1.2553773000855763e+29
75502207.04721154	1.2325577910132703e+29
76150668.82831694	1.2104754980575857e+29
76797496.34590961	1.1889750095248944e+29
77443558.0471352	1.1676630183791984e+29
78089870.30338827	1.1464326089700651e+29
78735799.77367347	1.1251727003686738e+29
79384439.4450197	1.1040784243575452e+29
80040211.99996912	1.0833252668542046e+29
80702004.64672485	1.0630981746990602e+29
81368410.56577177	1.0433348557557936e+29
82038619.51544528	1.0245316733289475e+29
82709732.84323919	1.0063563988680629e+29
83381715.07590859	9.885995186941799e+28
84053773.24665444	9.71979929016806e+28
84726637.53507513	9.556393718988487e+28
85399280.35996555	9.397402391782227e+28
86071222.42073713	9.241475043235296e+28
86743806.93167667	9.086958675039927e+28
87416641.57927825	8.932695096646802e+28
88095421.31688797	8.777487782957527e+28
88778196.36599968	8.62095271889715e+28
89464433.81031369	8.470075401968212e+28
90153236.23697598	8.324613011642864e+28
90843018.86771488	8.18243728056332e+28
91535013.50849302	8.04443737549336e+28
92226985.12366106	7.910957467202275e+28
92920391.20128585	7.78198455729672e+28
93613286.46084379	7.654889781214609e+28
94306609.13212816	7.532763298356405e+28
94999083.30610354	7.414615417532546e+28
95691662.35884923	7.297873841428136e+28
96384170.59351602	7.182129129145646e+28
97079445.12614398	7.0695651441215465e+28
97777906.88596275	6.9592741402261954e+28
98479536.06714444	6.850838874074887e+28
99183255.34584959	6.745479599880743e+28
99887863.45697859	6.641540090872365e+28
100594974.71543993	6.540269782074233e+28
