939851.5840280314	2.032654070119556e-21
1411091.067224223	2.0161483464267134e-21
1882543.2265953412	2.015049697172061e-21
2354332.8141959864	1.990839917197336e-21
2825688.234749191	1.9726520801296395e-21
3297403.3723522504	1.959205592782624e-21
3766130.1092766295	1.9345053894554222e-21
4235267.405961516	1.9059194376349823e-21
4701764.137002194	1.8906097246024516e-21
5168082.236187808	1.871218650631573e-21
5633639.942346332	1.86009349702242e-21
6098365.121899474	1.8467482180864856e-21
6560019.131069665	1.829584210711364e-21
7021408.067474786	1.8078747925422394e-21
7480915.976001867	1.788665351157521e-21
7938837.525104035	1.7601648432551458e-21
8394199.082699908	1.744107474899515e-21
8849246.872474516	1.7198936645316748e-21
9301553.208470078	1.7074605625376914e-21
9751741.100439448	1.695036503863662e-21
10199593.440917142	1.6776033562781109e-21
10645811.941322278	1.6612781895385913e-21
11089305.401602032	1.6465318449243328e-21
11531051.063975044	1.6235095850654703e-21
11970052.875405354	1.602996750868712e-21
12407091.593520215	1.5819305760081436e-21
12841118.448172651	1.5704287068590034e-21
13273335.300895551	1.5502988026585842e-21
13703008.173755134	1.538523342582419e-21
14129860.073263286	1.5237806577621658e-21
14554084.340830239	1.5103375309139482e-21
14975555.458479661	1.49289832023887e-21
15394707.898820294	1.4748903902430757e-21
15810990.362719217	1.4573493729058365e-21
16224220.772030933	1.4431521360280877e-21
16635174.783343876	1.422925587033864e-21
17043440.4860169	1.405949805492088e-21
17448471.951231144	1.3937031276525069e-21
17875656.863175686	1.3790477290923114e-21
18299907.011785604	1.3609581883838967e-21
18720703.35457512	1.3479789121493218e-21
19138303.007320162	1.3292401616182721e-21
19552465.916349273	1.310668390728312e-21
19963665.236874714	1.2935023957979432e-21
20371512.620323505	1.277449380394978e-21
20776295.372611545	1.259357657729766e-21
21177556.54578686	1.2465560155557064e-21
21575829.138181455	1.2304108256003854e-21
21971347.184230648	1.2133409305836859e-21
22363152.77772792	1.2013693567744188e-21
22752159.07578883	1.1852303704064487e-21
23137751.31446442	1.1753141279970407e-21
23520847.54446574	1.1530319521325733e-21
23900492.347230006	1.1411518415947048e-21
24277599.29832437	1.127051741315862e-21
24651660.48281535	1.1129520057517616e-21
25023194.603407454	1.0990377731465162e-21
25391706.56434892	1.0879988808695305e-21
25757787.565122902	1.0701864146115542e-21
26121655.881662633	1.0575691461296658e-21
26481690.297260106	1.0408668010338611e-21
26839744.950353015	1.0301051353169214e-21
27195958.28427452	1.0136023892813312e-21
27549671.83107632	1.0006077852837974e-21
27900191.648087297	9.858488584135426e-22
28248781.938342046	9.735133660889213e-22
28595272.75617423	9.607107524471407e-22
28940093.659143537	9.446626148478626e-22
29281677.41096811	9.366871478789106e-22
29621716.780092265	9.210646930164207e-22
29960429.586372755	9.030540620273368e-22
30297397.809052844	8.904261585374414e-22
30631500.355026685	8.776655251466848e-22
30964147.23514923	8.619386625398212e-22
31294190.674947966	8.493975517394214e-22
31621657.38856836	8.391852085839454e-22
31947927.773174893	8.208905229129702e-22
32271462.021420725	8.127435866394597e-22
32593435.627438843	8.04211541839914e-22
32913294.836585406	7.908247726749333e-22
33231623.929624617	7.806850758092099e-22
33547705.674158998	7.70453804657036e-22
33861711.90297384	7.579568943454937e-22
34173424.426006824	7.468126470015717e-22
34484874.22044627	7.352147652143293e-22
34793093.06457246	7.256956142480977e-22
35100247.648699	7.1028007381903115e-22
35405154.003336854	6.997497573182496e-22
35709020.569038294	6.878284389413054e-22
36010661.82396541	6.78102755982703e-22
36311527.233097754	6.651497624031736e-22
36610355.5022346	6.53866948525706e-22
36908839.889652446	6.469560716510122e-22
37204719.44525318	6.378685234607891e-22
37499453.66268687	6.281844728118323e-22
37793281.45318953	6.167167295899709e-22
38084947.919092655	6.104927631838706e-22
38376692.327505246	5.985984695487799e-22
38666581.03582472	5.891533572880247e-22
38954394.68147336	5.794200499995725e-22
39242284.107834496	5.675427916597138e-22
39528057.351709045	5.597649826982201e-22
39812713.7231312	5.486301016429831e-22
40096491.928845845	5.370700175673628e-22
40378167.789041646	5.290872228277946e-22
40659937.92420249	5.191224809303513e-22
40939599.7415705	5.121756547469031e-22
41218812.5253506	5.043908539844291e-22
41497414.208598584	4.964789023103777e-22
41773635.77233852	4.927334536840789e-22
42049650.97072744	4.848766268715279e-22
42324763.30991114	4.768156883427794e-22
42597464.06583377	4.717318685150368e-22
42870217.16110148	4.630021015376203e-22
43142730.183543086	4.547910745017173e-22
43414313.4120534	4.470535163312789e-22
43684676.39584846	4.400478791502829e-22
43955052.388661765	4.311129715981639e-22
44224186.08680096	4.2250911412041916e-22
44493292.61686529	4.12914575911594e-22
44762374.537215956	4.0385932605521445e-22
45031415.155311294	3.942816054245363e-22
45300114.28241655	3.8606817925498164e-22
45569026.130037054	3.7682722009645655e-22
45837862.90404473	3.699541934511731e-22
46106331.608684726	3.6437132067520265e-22
46374969.16441023	3.5643020822411787e-22
46644746.005954415	3.4822972829563596e-22
47184520.76952779	3.354766525483581e-22
47726397.446696095	3.19956229874628e-22
48270611.141355984	3.0525186988916184e-22
48818597.50136212	2.8962801252312748e-22
49369943.482244335	2.7481999366527955e-22
49920550.07549496	2.6209761147993157e-22
50468785.94735562	2.5155702713501914e-22
51016681.07213659	2.396680701725765e-22
51563134.06785996	2.3004648464915037e-22
52110296.65946645	2.210951730475209e-22
52658036.92020811	2.132030813074096e-22
53207480.61363176	2.0462225868013868e-22
53760700.84699418	1.958012789111235e-22
54319480.316089176	1.8542075348878478e-22
54888467.12707507	1.7328585029147302e-22
55461724.33886273	1.642215263418165e-22
56035507.13395926	1.5724462057378467e-22
56609323.97582575	1.504990866033733e-22
57182370.40592143	1.4409638822536565e-22
57755653.37047101	1.3752751366650199e-22
58329125.70063089	1.3101263728043322e-22
58905477.73178654	1.2453613599651666e-22
59484520.4570063	1.1868198388410786e-22
60070531.019876964	1.1199327860079257e-22
60663707.4175326	1.0600985646642332e-22
61259022.4970167	1.0173389560530603e-22
61854802.04478873	9.840461015144147e-23
62449362.798991	9.524155033897685e-23
63044439.24724844	9.218135750180118e-23
63639107.63830681	8.923935586266486e-23
64234044.501338996	8.622085313052065e-23
64831355.94756599	8.244343904823677e-23
65432864.86926886	7.911578695232314e-23
66041880.18219953	7.438873087871201e-23
66660324.66917634	6.995390136897038e-23
67284086.53611937	6.621360232962235e-23
67909035.4739338	6.317778723432414e-23
68533467.18939586	6.089166321503359e-23
69158984.0946207	5.824674056802436e-23
69783473.5592891	5.600949835252236e-23
70406486.67558977	5.392656600921594e-23
71029589.1231253	5.210167908855567e-23
71654358.06006497	5.009684544424409e-23
72283180.73383324	4.7916704642817206e-23
72920074.51312704	4.531161022267857e-23
73562975.18453151	4.3214023561694477e-23
74208540.78877982	4.140313107080036e-23
74854715.17546506	4.0028310797642447e-23
75502207.04721154	3.841506878636837e-23
76150668.82831694	3.732511682075848e-23
76797496.34590961	3.6199103170968717e-23
77443558.0471352	3.537563046727953e-23
78089870.30338827	3.400170369265036e-23
78735799.77367347	3.3327366397398784e-23
79384439.4450197	3.203326881428162e-23
80040211.99996912	3.0492360477934706e-23
80702004.64672485	2.927338067575291e-23
81368410.56577177	2.793364977870951e-23
82038619.51544528	2.678234875146872e-23
82709732.84323919	2.5885231363356874e-23
83381715.07590859	2.4989878116598693e-23
84053773.24665444	2.42318659602703e-23
84726637.53507513	2.3412653178706155e-23
85399280.35996555	2.2361303704894533e-23
86071222.42073713	2.185465757739036e-23
86743806.93167667	2.0965854491754357e-23
87416641.57927825	2.025221065880733e-23
88095421.31688797	1.9218497548445462e-23
88778196.36599968	1.8443706549149353e-23
89464433.81031369	1.767085051629895e-23
90153236.23697598	1.70343882578771e-23
90843018.86771488	1.6447117900905545e-23
91535013.50849302	1.5894187805009452e-23
92226985.12366106	1.5345902718794787e-23
92920391.20128585	1.489967670838903e-23
93613286.46084379	1.4435810903986087e-23
94306609.13212816	1.4009061607839665e-23
94999083.30610354	1.3598089708445318e-23
95691662.35884923	1.3220521861542796e-23
96384170.59351602	1.2880047814917672e-23
97079445.12614398	1.2426385770206802e-23
97777906.88596275	1.1954180326966962e-23
98479536.06714444	1.1500523173613514e-23
99183255.34584959	1.1229629702299224e-23
99887863.45697859	1.0791745735177339e-23
100594974.71543993	1.0510650302156198e-23
