1329727.0133377004	1.2623812362935067e+29
1997002.6765129787	1.2556506017517064e+29
2664426.1840028516	1.2567433152663373e+29
3331447.2125489246	1.262627526502674e+29
3996405.6813591886	1.2529596487720646e+29
4658173.607756584	1.2472421803175037e+29
5316422.976786178	1.2474250317226034e+29
5970581.2582133915	1.2538181828933172e+29
6620680.84853061	1.2430715262278526e+29
7265802.5365406135	1.237527092320449e+29
7906318.684444739	1.2368244908740378e+29
8541177.640700372	1.2423571581809741e+29
9169562.738211676	1.2316886191352616e+29
9791851.528694663	1.22487476498535e+29
10407473.22168066	1.2244480350804647e+29
11015124.788217334	1.2299368011133981e+29
11615507.204164613	1.2193580224201522e+29
12208156.201900434	1.2115830926420838e+29
12792450.233243044	1.2112697644821328e+29
13367853.217701036	1.2153953795618132e+29
13933435.944159646	1.2053240241728223e+29
14489541.485499118	1.1972178788903515e+29
15035793.232816152	1.1972703059093296e+29
15571467.715665085	1.2004174803696245e+29
16096755.943046411	1.1924811533795975e+29
16610816.52177279	1.181195028445264e+29
17113804.7920385	1.181338987146641e+29
17605174.875871014	1.1851398169105422e+29
18084632.56856495	1.1772267387755831e+29
18551454.40686525	1.1672647458658716e+29
19006220.16183123	1.1638123537890274e+29
19448204.17005128	1.1689478926379347e+29
19876682.18239654	1.1633472313499851e+29
20292753.582744755	1.1503358568427563e+29
20695591.597487617	1.1466493849663108e+29
21085271.815416563	1.1512144324554426e+29
21461532.25587586	1.14767113077786e+29
21823440.94801734	1.1350850842614255e+29
22192862.716323916	1.1283554744615891e+29
22545912.354349293	1.1323409940922394e+29
22883900.46561119	1.1297020971118396e+29
23206369.961715255	1.1159507863525047e+29
23512226.500270024	1.110101898486938e+29
23802625.114470042	1.1128634507359772e+29
24077151.574054603	1.1102931301325794e+29
24335042.092628483	1.0971501125524482e+29
24577994.948734123	1.0910511086032552e+29
24804073.426354792	1.093056018735794e+29
25014727.67511172	1.0914160884146533e+29
25208405.77843034	1.0791832489809024e+29
25386451.789291073	1.0720284007182899e+29
25547444.05082434	1.0731300994234105e+29
25692336.7259578	1.0725781315553236e+29
25820629.032035608	1.0623509912604086e+29
25932508.91622328	1.0534185591192622e+29
26028067.35218733	1.0535533986989934e+29
26106636.95020866	1.0542139426236728e+29
26169113.956914935	1.0450206661574446e+29
26215632.964321118	1.0357170907575512e+29
26245935.56915051	1.035340982189152e+29
26260830.26067531	1.0364390358527526e+29
26259153.151996348	1.0288542918224909e+29
26241499.25842653	1.0182512236486173e+29
26208412.389536306	1.0151609028793384e+29
26160475.171716586	1.0185119430152129e+29
26096082.88709246	1.0137020562002629e+29
26016676.487399384	1.0017500701943564e+29
25922485.424241245	9.96347312922372e+28
25812664.036476355	9.989593698262328e+28
25688331.366713952	9.958173192022605e+28
25549526.979161475	9.865976470709192e+28
25397272.686845727	9.777815150124856e+28
25230487.053959142	9.781608589655603e+28
25049907.43635593	9.773611451787833e+28
24855376.64450088	9.718452812426009e+28
24648600.36127812	9.615916418189587e+28
24428282.635707326	9.579092299493837e+28
24196054.08677208	9.599052103783867e+28
23950515.350196537	9.556730934832471e+28
23693214.76203683	9.464693139222143e+28
23423652.4523824	9.3995427405706e+28
23142281.949928794	9.396936856702768e+28
22849534.01209749	9.374602331001869e+28
22544802.228008125	9.330028284615844e+28
22228438.00765137	9.240283625926027e+28
21901737.13064788	9.195675843351901e+28
21564565.751482222	9.21245276187466e+28
21216499.20792778	9.170634628949187e+28
20858556.478577323	9.099757320610255e+28
20490584.98164462	9.020629883476111e+28
20112833.755092792	9.02096612125817e+28
19725850.235667918	9.008371992035667e+28
19330173.338333	8.971354681921006e+28
18925468.946633793	8.886377511014918e+28
18512476.254947633	8.846481437116606e+28
18091257.815309584	8.852195365785611e+28
17662667.212230433	8.812854425326613e+28
17226287.26220482	8.77842943101659e+28
16783631.574841008	8.703795287345151e+28
16333922.941228783	8.670438137452916e+28
15878355.735087939	8.674748721901054e+28
15417684.405902205	8.63143480010032e+28
14951504.84533246	8.594918660230323e+28
14480344.193592222	8.522435616346853e+28
14004850.509734118	8.497213029853657e+28
13525066.626083586	8.503932810052532e+28
13042448.983990699	8.463688618505312e+28
12556726.991139052	8.4175483318679e+28
12068039.929085419	8.354907053661436e+28
11578106.964871243	8.340706736610524e+28
11086160.222998764	8.332626294318732e+28
10594401.69429119	8.30020118005519e+28
10102823.116337333	8.254409938565588e+28
9611431.46258662	8.187621777838747e+28
9122838.772005126	8.186079310851744e+28
8636675.74012131	8.16692744863435e+28
8155593.217540954	8.134292579814452e+28
7680789.67424574	8.092065537547822e+28
7213811.220845746	8.02474373317271e+28
6757302.329332319	8.02857734527631e+28
6315113.177133091	8.00638751981189e+28
5889541.44904338	7.972709523161499e+28
5487378.634648789	7.936178684166327e+28
5112986.903953499	7.880833393949832e+28
4773724.1991971005	7.865198698005111e+28
4478552.919191644	7.849440364085823e+28
4237101.650892978	7.813013942382875e+28
4059102.7579996046	7.793099317042908e+28
3925127.061637622	7.71280450349616e+28
4104938.401486676	7.6608463452936295e+28
4559648.092780844	7.590827329080073e+28
5213480.3615243435	7.553228764269069e+28
5997056.255363959	7.490468854659917e+28
6860213.7525007175	7.409544738973137e+28
7771590.644192474	7.359773804456882e+28
8710612.698105685	7.3072029343830265e+28
9661931.954324663	7.239039920129419e+28
10618903.231501829	7.174023605609144e+28
11573670.743545454	7.1253978594719e+28
12521563.44391546	7.076545247447025e+28
13459091.322968276	6.996899178375571e+28
14383605.49549382	6.926745532178967e+28
15292672.971066896	6.872603979996417e+28
16184792.652363513	6.796786355647447e+28
17057991.531244233	6.72870412470205e+28
17909587.68592957	6.6558916988863685e+28
18741803.410557907	6.589739033329796e+28
19551071.30159368	6.516759735169444e+28
20336764.663288996	6.440988021281449e+28
21097881.34126268	6.37959328733848e+28
21834035.592166647	6.308788730675996e+28
22543707.927490544	6.233241289910853e+28
23227296.718301076	6.172603210991181e+28
23883729.25068445	6.110331320422342e+28
24513086.740147598	6.035042173964246e+28
25113597.175434664	5.969358984227829e+28
25686558.488588616	5.920349160761479e+28
26232186.47158486	5.849820053759354e+28
26749860.232905887	5.771686722547619e+28
27239975.60718438	5.732189426469672e+28
27703341.327175677	5.669175828391085e+28
28139676.19163376	5.5774763104011425e+28
28548832.582786992	5.550723004471769e+28
28931910.0862698	5.490042862785088e+28
29288727.875583813	5.396365625649209e+28
29619654.21422067	5.351736169277044e+28
29925251.956834044	5.302819614572173e+28
30206169.74857951	5.225598489136234e+28
30462193.52377632	5.156196797289534e+28
30694276.5622518	5.130936950466032e+28
30901878.54289768	5.075195244810765e+28
31086011.488770958	4.978441057002238e+28
31247812.253820267	4.939898913313357e+28
31386305.273638062	4.902344796841319e+28
31502847.517010264	4.825424924691091e+28
31597088.90768262	4.751477355602459e+28
31669999.47095042	4.728980535398635e+28
31723771.74060487	4.682599513664584e+28
31756598.993752465	4.587965099520584e+28
31771703.659073744	4.525783638403403e+28
31769452.079788852	4.511128858407069e+28
31749660.334088616	4.4542789713357395e+28
31712806.890693225	4.352126264755887e+28
31662270.76099407	4.299405729946189e+28
31594566.043704417	4.280230086292259e+28
31513931.707738407	4.223062289217677e+28
31418858.500111047	4.128568803069019e+28
31309862.535629246	4.071639518195655e+28
31188677.421942726	4.055640616552933e+28
31055375.498132367	4.010799637669027e+28
30911185.82390523	3.9189205463859428e+28
30755695.84320927	3.859671650950596e+28
30590696.445815023	3.835978189675847e+28
30417638.630406536	3.810150897557997e+28
30235472.509620223	3.726223482158848e+28
30046142.78206106	3.652086256964272e+28
29849993.6194298	3.6056241842643836e+28
29649083.23506816	3.5868258572784496e+28
29442813.124428175	3.5370479438006733e+28
29232225.602577712	3.4446494375893416e+28
29018780.895826757	3.3786209941307474e+28
28803129.904230893	3.341118905170619e+28
28586353.89272301	3.3264966109566394e+28
28368913.632354695	3.264764758880291e+28
28152505.4494267	3.181272988818163e+28
27937653.127634037	3.1203857010561747e+28
27726122.416234113	3.0838609191621663e+28
27517426.35076907	3.0683275434217526e+28
27313015.098483726	3.0166365692359877e+28
27113491.227062587	2.934029076160497e+28
26919122.043075625	2.872680706705522e+28
26730971.87758051	2.832438585050094e+28
26550469.466470834	2.810551625633314e+28
26377571.445642985	2.7903840957630694e+28
26213441.436980378	2.7116473821229953e+28
26059157.770733878	2.643652139329332e+28
25915166.92672459	2.594841467864377e+28
25782503.0266652	2.5618178344283893e+28
25662073.066689294	2.545119691926354e+28
25553637.551542442	2.5162897882791796e+28
25458810.16249581	2.443298349287089e+28
25378217.921871502	2.3817243328311794e+28
25311375.895632382	2.335984633917941e+28
25257616.25569602	2.3040829109750233e+28
25216012.834903147	2.2853618533830526e+28
25189170.540531892	2.2707182279424357e+28
25176130.220508475	2.211798599346757e+28
25177340.250510976	2.1524924509720118e+28
25194518.740591176	2.105785508015644e+28
25226005.523665454	2.0700411029604088e+28
25272089.0256425	2.045462226988831e+28
25335244.296631522	2.0303240277491187e+28
25414342.251571257	2.0133205368132727e+28
25511163.918567102	1.9654939936342041e+28
25624541.203307427	1.913451575249801e+28
25756241.90133335	1.8696170105047761e+28
25902034.38882745	1.8356046729977378e+28
26062038.701529086	1.810501792495125e+28
26235661.79992416	1.7934670053148036e+28
26422375.439766955	1.7821404109439845e+28
26622877.561976653	1.7580698644809322e+28
26838163.73152232	1.7183077490336848e+28
27066709.044137593	1.6752916515812474e+28
27308986.093958158	1.6379938576118144e+28
27566936.940472733	1.6080321185484846e+28
27838932.308549475	1.5843635727637875e+28
28126020.142921038	1.567137962405484e+28
28426792.866589785	1.555554307094711e+28
28737617.74190756	1.5395300162528465e+28
29057449.569430552	1.5148086899205274e+28
29386113.834258515	1.4833100422252408e+28
29723773.479825877	1.4468825943848563e+28
30068708.995898042	1.4151863742002953e+28
30419987.33859039	1.388133374167674e+28
30780344.489300307	1.3655092966322117e+28
31148457.388448622	1.346547587438651e+28
31523047.912281577	1.3319564067082912e+28
31905151.469316047	1.3191309555405762e+28
32295224.12803478	1.2987918901963085e+28
32692361.34450982	1.2755586613014755e+28
33097240.19733367	1.251798699352133e+28
33511809.925457623	1.2198926886558767e+28
33935721.23117468	1.1895370051828569e+28
34369596.12331806	1.1619058648163895e+28
34813045.30028937	1.1382376498763086e+28
35266228.27408681	1.1182984456164603e+28
35728750.30672078	1.1014497873346554e+28
36199791.34580751	1.0881734207739106e+28
36680743.36869415	1.0768825804616527e+28
37170689.357072726	1.0609960419724537e+28
37668460.20850865	1.0411769005947072e+28
38174981.22959591	1.0216479366570764e+28
38689385.33603241	1.0023721263213764e+28
39210376.15223807	9.820320096378513e+27
39734192.18003557	9.566352284483068e+27
40259117.504610054	9.328859079328843e+27
40786068.56427817	9.113295305417835e+27
41312849.191141486	8.925363509282824e+27
41842016.392616645	8.758497379322433e+27
42373370.179040514	8.618744002028023e+27
42908101.586180665	8.499586942516941e+27
43444623.790407024	8.401645508300043e+27
43984946.15536092	8.311798436142267e+27
44530884.921029806	8.191715942078556e+27
45083058.439728774	8.045557079945406e+27
45643478.43098727	7.90161289565402e+27
46219143.67229232	7.757627934029054e+27
46820600.92192324	7.61033302101029e+27
47446246.52730709	7.461593198412219e+27
48083744.470766835	7.314337927041881e+27
48728984.87194249	7.15031610591506e+27
49377030.86496798	6.967221953769523e+27
50026981.27890588	6.794056398097508e+27
50678716.754191786	6.630603450483792e+27
51329942.710834965	6.484024665061243e+27
51981160.84968573	6.352789790954461e+27
52634638.83156129	6.236502664143137e+27
53295030.96259913	6.127547804496661e+27
53970944.24901235	6.02961140411562e+27
