1329727.0133377004	3.141279480152192e+29
1997002.6765129787	3.1260409760264587e+29
2664426.1840028516	3.1289816042653634e+29
3331447.2125489246	3.133302389187513e+29
3996405.6813591886	3.121109345807386e+29
4658173.607756584	3.10857670221383e+29
5316422.976786178	3.1123614062940525e+29
5970581.2582133915	3.1141980903739276e+29
6620680.84853061	3.1027115949112302e+29
7265802.5365406135	3.0882863218711437e+29
7906318.684444739	3.0933627218756173e+29
8541177.640700372	3.0928742497881953e+29
9169562.738211676	3.0836962907331086e+29
9791851.528694663	3.070650996702446e+29
10407473.22168066	3.0752118848710836e+29
11015124.788217334	3.0715691767603608e+29
11615507.204164613	3.0639885280954153e+29
12208156.201900434	3.0496037046954535e+29
12792450.233243044	3.0520885161869848e+29
13367853.217701036	3.0479764410246757e+29
13933435.944159646	3.0390149239284125e+29
14489541.485499118	3.0243397885267137e+29
15035793.232816152	3.025302428217193e+29
15571467.715665085	3.021429211538921e+29
16096755.943046411	3.0139962473548722e+29
16610816.52177279	2.9994264397879853e+29
17113804.7920385	3.0017251624560628e+29
17605174.875871014	2.9989444855577005e+29
18084632.56856495	2.992567726498266e+29
18551454.40686525	2.982965438586529e+29
19006220.16183123	2.980481125530176e+29
19448204.17005128	2.9784606366217466e+29
19876682.18239654	2.9733375764519284e+29
20292753.582744755	2.9622527773714717e+29
20695591.597487617	2.9566066788926643e+29
21085271.815416563	2.9566729060569536e+29
21461532.25587586	2.949870988666642e+29
21823440.94801734	2.9415860065465727e+29
22192862.716323916	2.9350251768878688e+29
22545912.354349293	2.9324750537238083e+29
22883900.46561119	2.926065569484492e+29
23206369.961715255	2.920303875308458e+29
23512226.500270024	2.9137521440269285e+29
23802625.114470042	2.905019941593649e+29
24077151.574054603	2.898238371675912e+29
24335042.092628483	2.893228088679291e+29
24577994.948734123	2.8882340481044508e+29
24804073.426354792	2.8766269511029535e+29
25014727.67511172	2.868118650555589e+29
25208405.77843034	2.862122676014114e+29
25386451.789291073	2.8590724930904374e+29
25547444.05082434	2.8434714551623103e+29
25692336.7259578	2.8324496477807214e+29
25820629.032035608	2.825131561271646e+29
25932508.91622328	2.823183131039213e+29
26028067.35218733	2.8073932318015554e+29
26106636.95020866	2.7960473886520057e+29
26169113.956914935	2.7871833775646e+29
26215632.964321118	2.783291081080466e+29
26245935.56915051	2.7685853424123336e+29
26260830.26067531	2.7552402352382966e+29
26259153.151996348	2.745725269567101e+29
26241499.25842653	2.7406538100506316e+29
26208412.389536306	2.730268346376748e+29
26160475.171716586	2.7122443951582962e+29
26096082.88709246	2.702472491852354e+29
26016676.487399384	2.698847584980769e+29
25922485.424241245	2.686111484224342e+29
25812664.036476355	2.6703100520989812e+29
25688331.366713952	2.6605674853300374e+29
25549526.979161475	2.6544869959897063e+29
25397272.686845727	2.6413553203844176e+29
25230487.053959142	2.6314713807022024e+29
25049907.43635593	2.618369730668783e+29
24855376.64450088	2.6098945952704275e+29
24648600.36127812	2.6005745837642285e+29
24428282.635707326	2.5927321857449503e+29
24196054.08677208	2.578071789864495e+29
23950515.350196537	2.5676644300098776e+29
23693214.76203683	2.5608536535926195e+29
23423652.4523824	2.5499089268988015e+29
23142281.949928794	2.539302395470566e+29
22849534.01209749	2.524780509459159e+29
22544802.228008125	2.518394778962131e+29
22228438.00765137	2.5100282550265742e+29
21901737.13064788	2.4988935239094452e+29
21564565.751482222	2.487321914848142e+29
21216499.20792778	2.4762357690086955e+29
20858556.478577323	2.4699654370557065e+29
20490584.98164462	2.4575365623057352e+29
20112833.755092792	2.451682575891343e+29
19725850.235667918	2.4388493924271914e+29
19330173.338333	2.431791254582792e+29
18925468.946633793	2.4223045031919092e+29
18512476.254947633	2.414131021855842e+29
18091257.815309584	2.403614805186556e+29
17662667.212230433	2.3936606299249057e+29
17226287.26220482	2.3851301701491267e+29
16783631.574841008	2.3788567975625115e+29
16333922.941228783	2.369573335086302e+29
15878355.735087939	2.359563566608409e+29
15417684.405902205	2.350201084568657e+29
14951504.84533246	2.3420907510221055e+29
14480344.193592222	2.338714742518688e+29
14004850.509734118	2.3266091873349348e+29
13525066.626083586	2.3173583743808583e+29
13042448.983990699	2.3082609545411504e+29
12556726.991139052	2.3029170193924576e+29
12068039.929085419	2.3017803701366823e+29
11578106.964871243	2.288516104910626e+29
11086160.222998764	2.280501816993997e+29
10594401.69429119	2.2723989614557837e+29
10102823.116337333	2.2667395610234958e+29
9611431.46258662	2.2647330164353507e+29
9122838.772005126	2.251972998345472e+29
8636675.74012131	2.2444982286177885e+29
8155593.217540954	2.2369904331796456e+29
7680789.67424574	2.2304038374668434e+29
7213811.220845746	2.2282513612356317e+29
6757302.329332319	2.2156006885827617e+29
6315113.177133091	2.2080195741672394e+29
5889541.44904338	2.20099405600088e+29
5487378.634648789	2.1930916163334203e+29
5112986.903953499	2.191939349906929e+29
4773724.1991971005	2.1780734821491697e+29
4478552.919191644	2.1722576369488224e+29
4237101.650892978	2.166179993914701e+29
4059102.7579996046	2.156878747058049e+29
3925127.061637622	2.1456621088400947e+29
4104938.401486676	2.1289812594707656e+29
4559648.092780844	2.1215586465790047e+29
5213480.3615243435	2.103193466635672e+29
5997056.255363959	2.0885743328066028e+29
6860213.7525007175	2.0835901217632177e+29
7771590.644192474	2.0607175043762178e+29
8710612.698105685	2.0540816199030955e+29
9661931.954324663	2.0465091977844453e+29
10618903.231501829	2.0240518533099618e+29
11573670.743545454	2.028016262162726e+29
12521563.44391546	2.0106680900217375e+29
13459091.322968276	1.9931844143436224e+29
14383605.49549382	1.993079342175899e+29
15292672.971066896	1.9719900302035317e+29
16184792.652363513	1.9570869559974223e+29
17057991.531244233	1.9563196209993884e+29
17909587.68592957	1.9325048798705917e+29
18741803.410557907	1.9210940053875505e+29
19551071.30159368	1.9159795616394376e+29
20336764.663288996	1.8931354408219798e+29
21097881.34126268	1.8823884670336657e+29
21834035.592166647	1.8770587694119166e+29
22543707.927490544	1.8487953376339314e+29
23227296.718301076	1.833949844377806e+29
23883729.25068445	1.8286199302753868e+29
24513086.740147598	1.7967080089160192e+29
25113597.175434664	1.7793875876902135e+29
25686558.488588616	1.773512363799283e+29
26232186.47158486	1.7469753022638047e+29
26749860.232905887	1.7267038156560578e+29
27239975.60718438	1.7195867642014537e+29
27703341.327175677	1.697785689325464e+29
28139676.19163376	1.6745029173549618e+29
28548832.582786992	1.6657708589606813e+29
28931910.0862698	1.650592260241348e+29
29288727.875583813	1.6214145860021357e+29
29619654.21422067	1.6085630319659745e+29
29925251.956834044	1.6013723852796687e+29
30206169.74857951	1.574186584090102e+29
30462193.52377632	1.5538466300856558e+29
30694276.5622518	1.5470963315319274e+29
30901878.54289768	1.5287182548898703e+29
31086011.488770958	1.5064128279830403e+29
31247812.253820267	1.49251283113433e+29
31386305.273638062	1.4842485017865897e+29
31502847.517010264	1.4608568890589982e+29
31597088.90768262	1.4424381684259559e+29
31669999.47095042	1.431385325024256e+29
31723771.74060487	1.4191555197793914e+29
31756598.993752465	1.3945522927164695e+29
31771703.659073744	1.3793333741074266e+29
31769452.079788852	1.3723431547737936e+29
31749660.334088616	1.3570658164060936e+29
31712806.890693225	1.3343800444720844e+29
31662270.76099407	1.3193491945331955e+29
31594566.043704417	1.3136244608252835e+29
31513931.707738407	1.2981385239568816e+29
31418858.500111047	1.2777113986739208e+29
31309862.535629246	1.2650174527769489e+29
31188677.421942726	1.2606059270297468e+29
31055375.498132367	1.2482632385348805e+29
30911185.82390523	1.2275190223999257e+29
30755695.84320927	1.2132233236136555e+29
30590696.445815023	1.2040827520717934e+29
30417638.630406536	1.1958381427752577e+29
30235472.509620223	1.1776267489293754e+29
30046142.78206106	1.1590604379475838e+29
29849993.6194298	1.1485728204969847e+29
29649083.23506816	1.1432471371474e+29
29442813.124428175	1.1313698934279749e+29
29232225.602577712	1.1107059135590864e+29
29018780.895826757	1.093866529775884e+29
28803129.904230893	1.085077424750988e+29
28586353.89272301	1.0772575595730953e+29
28368913.632354695	1.0607891745008266e+29
28152505.4494267	1.0381296915719148e+29
27937653.127634037	1.0211066236936346e+29
27726122.416234113	1.0091873968188841e+29
27517426.35076907	1.0000140163516465e+29
27313015.098483726	9.84573712761517e+28
27113491.227062587	9.62440112489701e+28
26919122.043075625	9.436412283227868e+28
26730971.87758051	9.302166285291212e+28
26550469.466470834	9.217827787674822e+28
26377571.445642985	9.102949275877506e+28
26213441.436980378	8.909818680752015e+28
26059157.770733878	8.711904340018934e+28
25915166.92672459	8.562603976557919e+28
25782503.0266652	8.448411784422392e+28
25662073.066689294	8.356716290120635e+28
25553637.551542442	8.229411672934658e+28
25458810.16249581	8.05409142863455e+28
25378217.921871502	7.878468433018774e+28
25311375.895632382	7.728686251295357e+28
25257616.25569602	7.625632027873151e+28
25216012.834903147	7.535002960741742e+28
25189170.540531892	7.43217724018712e+28
25176130.220508475	7.287648868838463e+28
25177340.250510976	7.137233650644917e+28
25194518.740591176	6.994429887910346e+28
25226005.523665454	6.881346091790405e+28
25272089.0256425	6.786901600252419e+28
25335244.296631522	6.702980115333701e+28
25414342.251571257	6.602792912354204e+28
25511163.918567102	6.490333552401562e+28
25624541.203307427	6.360333342451911e+28
25756241.90133335	6.236424256868085e+28
25902034.38882745	6.130905759826723e+28
26062038.701529086	6.041978071771679e+28
26235661.79992416	5.971908563949789e+28
26422375.439766955	5.89486482058679e+28
26622877.561976653	5.808516860590366e+28
26838163.73152232	5.712761779983754e+28
27066709.044137593	5.6077678147704985e+28
27308986.093958158	5.515836348598353e+28
27566936.940472733	5.434580020695957e+28
27838932.308549475	5.361739526686625e+28
28126020.142921038	5.294274995374269e+28
28426792.866589785	5.230575379071904e+28
28737617.74190756	5.151679366773387e+28
29057449.569430552	5.07154828050695e+28
29386113.834258515	4.986456813219128e+28
29723773.479825877	4.8923835794073485e+28
30068708.995898042	4.79932374218746e+28
30419987.33859039	4.712116176050518e+28
30780344.489300307	4.637132195104349e+28
31148457.388448622	4.5769705866231625e+28
31523047.912281577	4.517265309317044e+28
31905151.469316047	4.450849112950569e+28
32295224.12803478	4.37924378081021e+28
32692361.34450982	4.30749743181403e+28
33097240.19733367	4.238062247005386e+28
33511809.925457623	4.160619266831434e+28
33935721.23117468	4.078216475309685e+28
34369596.12331806	3.9953170518933715e+28
34813045.30028937	3.9182421054761607e+28
35266228.27408681	3.8491161184605634e+28
35728750.30672078	3.786561844584553e+28
36199791.34580751	3.7294188303073762e+28
36680743.36869415	3.6710487994723e+28
37170689.357072726	3.607885621465194e+28
37668460.20850865	3.543158495543737e+28
38174981.22959591	3.4769137145520587e+28
38689385.33603241	3.4105728271119556e+28
39210376.15223807	3.3432199172982116e+28
39734192.18003557	3.275720564797003e+28
40259117.504610054	3.205764560814814e+28
40786068.56427817	3.1386556090582905e+28
41312849.191141486	3.078958096670436e+28
41842016.392616645	3.023747464238201e+28
42373370.179040514	2.9716154718362262e+28
42908101.586180665	2.925150556140206e+28
43444623.790407024	2.880804230205487e+28
43984946.15536092	2.836262985411419e+28
44530884.921029806	2.7877797144165236e+28
45083058.439728774	2.7374148139929387e+28
45643478.43098727	2.6878625808027795e+28
46219143.67229232	2.638536618977412e+28
46820600.92192324	2.589776809811068e+28
47446246.52730709	2.540250903029535e+28
48083744.470766835	2.491490372203052e+28
48728984.87194249	2.441186115671738e+28
49377030.86496798	2.3891439282138353e+28
50026981.27890588	2.3383022968385076e+28
50678716.754191786	2.2864903792825786e+28
51329942.710834965	2.2391331821799058e+28
51981160.84968573	2.1959048709257356e+28
52634638.83156129	2.1554122800082036e+28
53295030.96259913	2.116923619958479e+28
53970944.24901235	2.081396829898495e+28
