1329727.0133377004	2.469203161166875e+30
1997002.6765129787	2.4660690980329993e+30
2664426.1840028516	2.460679503614404e+30
3331447.2125489246	2.4571840213025875e+30
3996405.6813591886	2.4521216236209656e+30
4658173.607756584	2.449023651005794e+30
5316422.976786178	2.4434510509248117e+30
5970581.2582133915	2.4394148641035485e+30
6620680.84853061	2.4336788928912438e+30
7265802.5365406135	2.4288472484903326e+30
7906318.684444739	2.4213615616849503e+30
8541177.640700372	2.4166643554668145e+30
9169562.738211676	2.4104828724906286e+30
9791851.528694663	2.404465313360961e+30
10407473.22168066	2.399541769743656e+30
11015124.788217334	2.3942711012866542e+30
11615507.204164613	2.387532102560443e+30
12208156.201900434	2.3805336563253113e+30
12792450.233243044	2.371926093391881e+30
13367853.217701036	2.3659749393922934e+30
13933435.944159646	2.3586571390668406e+30
14489541.485499118	2.351698092408011e+30
15035793.232816152	2.3453593882819947e+30
15571467.715665085	2.3394435996748492e+30
16096755.943046411	2.3324669358710536e+30
16610816.52177279	2.3227394616213747e+30
17113804.7920385	2.3167787201589175e+30
17605174.875871014	2.311705427221624e+30
18084632.56856495	2.3043209046520982e+30
18551454.40686525	2.2975350604259832e+30
19006220.16183123	2.2909503943112832e+30
19448204.17005128	2.2839718950470633e+30
19876682.18239654	2.277422102206407e+30
20292753.582744755	2.268761073273088e+30
20695591.597487617	2.2625854336121548e+30
21085271.815416563	2.2578289714028074e+30
21461532.25587586	2.2486141625576935e+30
21823440.94801734	2.2402443421052751e+30
22192862.716323916	2.2330125342313537e+30
22545912.354349293	2.2270319386434596e+30
22883900.46561119	2.219709523377313e+30
23206369.961715255	2.2097427947517328e+30
23512226.500270024	2.2018026613084284e+30
23802625.114470042	2.194068705094455e+30
24077151.574054603	2.1871039584849273e+30
24335042.092628483	2.1767852020056364e+30
24577994.948734123	2.168675733801147e+30
24804073.426354792	2.159991459313934e+30
25014727.67511172	2.153224924476212e+30
25208405.77843034	2.1420515960934794e+30
25386451.789291073	2.1341799479668035e+30
25547444.05082434	2.1251599094882933e+30
25692336.7259578	2.1182321973996868e+30
25820629.032035608	2.1066892045174067e+30
25932508.91622328	2.0994310907296258e+30
26028067.35218733	2.0894762741561827e+30
26106636.95020866	2.083049452870075e+30
26169113.956914935	2.0728901974513516e+30
26215632.964321118	2.063724477713709e+30
26245935.56915051	2.0548647445909171e+30
26260830.26067531	2.0476749155893506e+30
26259153.151996348	2.03800757424181e+30
26241499.25842653	2.0275127625268177e+30
26208412.389536306	2.019939233156386e+30
26160475.171716586	2.011898757496625e+30
26096082.88709246	2.0035894317364496e+30
26016676.487399384	1.9938059218324597e+30
25922485.424241245	1.983751561267334e+30
25812664.036476355	1.976167044577985e+30
25688331.366713952	1.9697733763112783e+30
25549526.979161475	1.9583859081592835e+30
25397272.686845727	1.9493881556491685e+30
25230487.053959142	1.9415430363021334e+30
25049907.43635593	1.9352713755681317e+30
24855376.64450088	1.924609621101926e+30
24648600.36127812	1.9154302015768216e+30
24428282.635707326	1.9079708690214834e+30
24196054.08677208	1.9004962754883198e+30
23950515.350196537	1.8921962121246054e+30
23693214.76203683	1.8831094898024493e+30
23423652.4523824	1.8750539516443553e+30
23142281.949928794	1.8658884827641625e+30
22849534.01209749	1.8590941662757005e+30
22544802.228008125	1.8504275182469627e+30
22228438.00765137	1.8422026220147325e+30
21901737.13064788	1.8331297030370757e+30
21564565.751482222	1.8261703824690594e+30
21216499.20792778	1.8191340644508286e+30
20858556.478577323	1.8094577993593953e+30
20490584.98164462	1.8015806990990882e+30
20112833.755092792	1.7948263879988884e+30
19725850.235667918	1.787946547675242e+30
19330173.338333	1.779388652006765e+30
18925468.946633793	1.7713478852715548e+30
18512476.254947633	1.7640949320987787e+30
18091257.815309584	1.75623096186982e+30
17662667.212230433	1.7502113760778332e+30
17226287.26220482	1.742333829014492e+30
16783631.574841008	1.736479566629092e+30
16333922.941228783	1.7282262144957594e+30
15878355.735087939	1.721163488921467e+30
15417684.405902205	1.715347017803697e+30
14951504.84533246	1.7074591869175452e+30
14480344.193592222	1.7022079183451566e+30
14004850.509734118	1.6947687828666718e+30
13525066.626083586	1.688458923253314e+30
13042448.983990699	1.6811064404418942e+30
12556726.991139052	1.6750924294686818e+30
12068039.929085419	1.6698538572797465e+30
11578106.964871243	1.6618636703145126e+30
11086160.222998764	1.6564868439686908e+30
10594401.69429119	1.6501901940439325e+30
10102823.116337333	1.6432269402037685e+30
9611431.46258662	1.6374774688742516e+30
9122838.772005126	1.6310666142825182e+30
8636675.74012131	1.624684868633333e+30
8155593.217540954	1.6184639191373356e+30
7680789.67424574	1.612610744376453e+30
7213811.220845746	1.6059574979675943e+30
6757302.329332319	1.5998926475149545e+30
6315113.177133091	1.5938245406629765e+30
5889541.44904338	1.5880230653098814e+30
5487378.634648789	1.580962427878723e+30
5112986.903953499	1.5760721331115206e+30
4773724.1991971005	1.5688360346411077e+30
4478552.919191644	1.5622508180151904e+30
4237101.650892978	1.556624420561421e+30
4059102.7579996046	1.550530452080749e+30
3925127.061637622	1.5385921655131837e+30
4104938.401486676	1.5259542676931032e+30
4559648.092780844	1.5152122258167727e+30
5213480.3615243435	1.5015428592245642e+30
5997056.255363959	1.4894620021194518e+30
6860213.7525007175	1.4794824063722086e+30
7771590.644192474	1.4651199366096178e+30
8710612.698105685	1.4546629568500758e+30
9661931.954324663	1.4432669050137664e+30
10618903.231501829	1.4289549967031884e+30
11573670.743545454	1.4209587751069235e+30
12521563.44391546	1.40824593393833e+30
13459091.322968276	1.394469399484868e+30
14383605.49549382	1.3863412059139168e+30
15292672.971066896	1.3717342681371875e+30
16184792.652363513	1.3593373853768953e+30
17057991.531244233	1.3498981170893162e+30
17909587.68592957	1.336273673231586e+30
18741803.410557907	1.3243513555031902e+30
19551071.30159368	1.3135505030420995e+30
20336764.663288996	1.2991260088550475e+30
21097881.34126268	1.2873889294583606e+30
21834035.592166647	1.2784098362945908e+30
22543707.927490544	1.2605952103862146e+30
23227296.718301076	1.2487556517826761e+30
23883729.25068445	1.2392006683382771e+30
24513086.740147598	1.2227013298365581e+30
25113597.175434664	1.2102877191684833e+30
25686558.488588616	1.1998001000208124e+30
26232186.47158486	1.1856572291785321e+30
26749860.232905887	1.1724982654828109e+30
27239975.60718438	1.1620020292329437e+30
27703341.327175677	1.1490480181932372e+30
28139676.19163376	1.1343360050726853e+30
28548832.582786992	1.1243966960142953e+30
28931910.0862698	1.1123648073820523e+30
29288727.875583813	1.0962149237414585e+30
29619654.21422067	1.085357028502066e+30
29925251.956834044	1.0754468964167642e+30
30206169.74857951	1.060305828828668e+30
30462193.52377632	1.0466996873737749e+30
30694276.5622518	1.0376823879224447e+30
30901878.54289768	1.025048318501631e+30
31086011.488770958	1.0110933628753472e+30
31247812.253820267	1.0003140239867673e+30
31386305.273638062	9.903640480564491e+29
31502847.517010264	9.768785781675789e+29
31597088.90768262	9.639506254475746e+29
31669999.47095042	9.545804872474046e+29
31723771.74060487	9.441410369863416e+29
31756598.993752465	9.295795545376376e+29
31771703.659073744	9.17981343560668e+29
31769452.079788852	9.098772240468268e+29
31749660.334088616	8.984338043450472e+29
31712806.890693225	8.83994457012068e+29
31662270.76099407	8.728458480149738e+29
31594566.043704417	8.648971525688677e+29
31513931.707738407	8.536495781899854e+29
31418858.500111047	8.399616396621705e+29
31309862.535629246	8.293018631828011e+29
31188677.421942726	8.217964173309638e+29
31055375.498132367	8.114091368983205e+29
30911185.82390523	7.98527903198614e+29
30755695.84320927	7.877385810965108e+29
30590696.445815023	7.796248805929006e+29
30417638.630406536	7.709424716398298e+29
30235472.509620223	7.592532902261585e+29
30046142.78206106	7.474571369937362e+29
29849993.6194298	7.388439351642724e+29
29649083.23506816	7.32100172188197e+29
29442813.124428175	7.227687356506997e+29
29232225.602577712	7.102878997278216e+29
29018780.895826757	6.994790015773262e+29
28803129.904230893	6.912543835602876e+29
28586353.89272301	6.837096908227194e+29
28368913.632354695	6.733535036923088e+29
28152505.4494267	6.608035530572563e+29
27937653.127634037	6.500810277242477e+29
27726122.416234113	6.414411311765277e+29
27517426.35076907	6.339972783321187e+29
27313015.098483726	6.240606004687096e+29
27113491.227062587	6.118608139275977e+29
26919122.043075625	6.0101698587071885e+29
26730971.87758051	5.921258932288219e+29
26550469.466470834	5.846991715538691e+29
26377571.445642985	5.766400052362746e+29
26213441.436980378	5.657050442974475e+29
26059157.770733878	5.5427614946796556e+29
25915166.92672459	5.447643254126571e+29
25782503.0266652	5.3714095527043874e+29
25662073.066689294	5.301437927020904e+29
25553637.551542442	5.217249792113862e+29
25458810.16249581	5.113399608571997e+29
25378217.921871502	5.011611011714073e+29
25311375.895632382	4.9198130404685155e+29
25257616.25569602	4.844215718150247e+29
25216012.834903147	4.778999822566266e+29
25189170.540531892	4.7099055180547465e+29
25176130.220508475	4.618727005540802e+29
25177340.250510976	4.524231998196319e+29
25194518.740591176	4.4375940878054336e+29
25226005.523665454	4.3613847030627724e+29
25272089.0256425	4.294041521158289e+29
25335244.296631522	4.2320022755643414e+29
25414342.251571257	4.166126825878687e+29
25511163.918567102	4.0875813227536936e+29
25624541.203307427	4.0032363163539415e+29
25756241.90133335	3.92278441553148e+29
25902034.38882745	3.851597945653273e+29
26062038.701529086	3.7885525283390816e+29
26235661.79992416	3.733022249189021e+29
26422375.439766955	3.677869408977866e+29
26622877.561976653	3.617745574644865e+29
26838163.73152232	3.5490698697010776e+29
27066709.044137593	3.479200238894701e+29
27308986.093958158	3.414388841217436e+29
27566936.940472733	3.354727594031496e+29
27838932.308549475	3.299390828772697e+29
28126020.142921038	3.247393551424449e+29
28426792.866589785	3.198735147311343e+29
28737617.74190756	3.1467466411791098e+29
29057449.569430552	3.092237245987763e+29
29386113.834258515	3.0343233931210334e+29
29723773.479825877	2.975057314492475e+29
30068708.995898042	2.9184518057301972e+29
30419987.33859039	2.865647416479224e+29
30780344.489300307	2.8172359720482195e+29
31148457.388448622	2.7735207351601355e+29
31523047.912281577	2.73124573696029e+29
31905151.469316047	2.6889460081142187e+29
32295224.12803478	2.644422225908011e+29
32692361.34450982	2.5988353240290382e+29
33097240.19733367	2.5535226982739577e+29
33511809.925457623	2.50577616956133e+29
33935721.23117468	2.457709544825695e+29
34369596.12331806	2.4105930684034902e+29
34813045.30028937	2.3658248930335936e+29
35266228.27408681	2.3234347644789554e+29
35728750.30672078	2.283646823329759e+29
36199791.34580751	2.245654252452373e+29
36680743.36869415	2.2078499676981893e+29
37170689.357072726	2.168544852695798e+29
37668460.20850865	2.1278403525077287e+29
38174981.22959591	2.0879576044066724e+29
38689385.33603241	2.0494981710236494e+29
39210376.15223807	2.0105578990826344e+29
39734192.18003557	1.971278063777643e+29
40259117.504610054	1.9324279471050677e+29
40786068.56427817	1.8947060505794167e+29
41312849.191141486	1.85953857941128e+29
41842016.392616645	1.8260772503083612e+29
42373370.179040514	1.7942482853030878e+29
42908101.586180665	1.7642165138931115e+29
43444623.790407024	1.735304866618454e+29
43984946.15536092	1.706659617288208e+29
44530884.921029806	1.6767086906673438e+29
45083058.439728774	1.645966304829957e+29
45643478.43098727	1.6159227484653137e+29
46219143.67229232	1.5862710084432822e+29
46820600.92192324	1.5567715551252818e+29
47446246.52730709	1.5273605734926921e+29
48083744.470766835	1.4984656546219034e+29
48728984.87194249	1.468797697159218e+29
49377030.86496798	1.4389633497293373e+29
50026981.27890588	1.4097554712176323e+29
50678716.754191786	1.3808233436347482e+29
51329942.710834965	1.3533322777480254e+29
51981160.84968573	1.3275631312253497e+29
52634638.83156129	1.3027338624708493e+29
53295030.96259913	1.2786901838491848e+29
53970944.24901235	1.2554495205330823e+29
