1329727.0133377004	2.0819782038390597e+30
1997002.6765129787	2.0794677494863368e+30
2664426.1840028516	2.0762420875876033e+30
3331447.2125489246	2.073081622626948e+30
3996405.6813591886	2.0686202489933245e+30
4658173.607756584	2.0668055174815836e+30
5316422.976786178	2.0626730714488642e+30
5970581.2582133915	2.0592707640766797e+30
6620680.84853061	2.0552617738102924e+30
7265802.5365406135	2.053210587397551e+30
7906318.684444739	2.0466567453079416e+30
8541177.640700372	2.041594180061643e+30
9169562.738211676	2.0385961295609178e+30
9791851.528694663	2.037518506753671e+30
10407473.22168066	2.0313573489564766e+30
11015124.788217334	2.025058396755364e+30
11615507.204164613	2.022344438169572e+30
12208156.201900434	2.0204446576413173e+30
12792450.233243044	2.0118168330950563e+30
13367853.217701036	2.0044313854983671e+30
13933435.944159646	2.0010912218340576e+30
14489541.485499118	1.999320003446653e+30
15035793.232816152	1.9931094044362443e+30
15571467.715665085	1.9843496733696675e+30
16096755.943046411	1.9814081548541863e+30
16610816.52177279	1.9780287664730828e+30
17113804.7920385	1.972884605827533e+30
17605174.875871014	1.9645771933363984e+30
18084632.56856495	1.9603600895282206e+30
18551454.40686525	1.958927337626825e+30
19006220.16183123	1.9547036679486795e+30
19448204.17005128	1.9452619542441512e+30
19876682.18239654	1.9411314599009764e+30
20292753.582744755	1.938379357109796e+30
20695591.597487617	1.933277653573026e+30
21085271.815416563	1.9273883709098963e+30
21461532.25587586	1.9204241668311194e+30
21823440.94801734	1.9177962732475134e+30
22192862.716323916	1.9114002816634176e+30
22545912.354349293	1.9073707362949866e+30
22883900.46561119	1.9025179759767642e+30
23206369.961715255	1.8952090783042538e+30
23512226.500270024	1.8886063855907745e+30
23802625.114470042	1.8850208057966764e+30
24077151.574054603	1.8806891843103956e+30
24335042.092628483	1.8712613682966504e+30
24577994.948734123	1.863327950504473e+30
24804073.426354792	1.8598534451625354e+30
25014727.67511172	1.855708560616639e+30
25208405.77843034	1.845065615307589e+30
25386451.789291073	1.8372349865931708e+30
25547444.05082434	1.8333474556045616e+30
25692336.7259578	1.8278134566729924e+30
25820629.032035608	1.8182578516085196e+30
25932508.91622328	1.810406595839818e+30
26028067.35218733	1.8051333050585863e+30
26106636.95020866	1.798883037586726e+30
26169113.956914935	1.792129273715842e+30
26215632.964321118	1.7832657174666695e+30
26245935.56915051	1.7780261892004103e+30
26260830.26067531	1.7714312642657593e+30
26259153.151996348	1.764114507534252e+30
26241499.25842653	1.756189343816541e+30
26208412.389536306	1.750110145049618e+30
26160475.171716586	1.742753524333124e+30
26096082.88709246	1.735545328636103e+30
26016676.487399384	1.7304923283365745e+30
25922485.424241245	1.722721559649848e+30
25812664.036476355	1.7142802209683724e+30
25688331.366713952	1.7079291690735068e+30
25549526.979161475	1.7014528518619753e+30
25397272.686845727	1.6967473091554676e+30
25230487.053959142	1.687282090092651e+30
25049907.43635593	1.680059184810945e+30
24855376.64450088	1.6732285890886234e+30
24648600.36127812	1.6695035864142072e+30
24428282.635707326	1.6630095424211073e+30
24196054.08677208	1.653770282826646e+30
23950515.350196537	1.6469948853168373e+30
23693214.76203683	1.6423899096299734e+30
23423652.4523824	1.6366796182219786e+30
23142281.949928794	1.6275143799770276e+30
22849534.01209749	1.6211787840251108e+30
22544802.228008125	1.6146354304480424e+30
22228438.00765137	1.6099609548405465e+30
21901737.13064788	1.60230442086473e+30
21564565.751482222	1.595372181405176e+30
21216499.20792778	1.5898421526995035e+30
20858556.478577323	1.5822539414330704e+30
20490584.98164462	1.5761091458309572e+30
20112833.755092792	1.5704260705748606e+30
19725850.235667918	1.5657978965175488e+30
19330173.338333	1.5577033294185178e+30
18925468.946633793	1.5523552771404145e+30
18512476.254947633	1.5468753087541863e+30
18091257.815309584	1.5393934426931286e+30
17662667.212230433	1.535156383670293e+30
17226287.26220482	1.5284192277971267e+30
16783631.574841008	1.524535780936588e+30
16333922.941228783	1.5179448972939453e+30
15878355.735087939	1.5116161652559528e+30
15417684.405902205	1.5069590525898513e+30
14951504.84533246	1.5006063735651973e+30
14480344.193592222	1.4967746210081145e+30
14004850.509734118	1.4906948130021826e+30
13525066.626083586	1.4852641863884373e+30
13042448.983990699	1.4791814655024293e+30
12556726.991139052	1.4753809067269347e+30
12068039.929085419	1.471611524988413e+30
11578106.964871243	1.4646203296198926e+30
11086160.222998764	1.4591709866516407e+30
10594401.69429119	1.4543210820076297e+30
10102823.116337333	1.4499135025626748e+30
9611431.46258662	1.4460156193975712e+30
9122838.772005126	1.4397122437948682e+30
8636675.74012131	1.433048016344868e+30
8155593.217540954	1.428030892704754e+30
7680789.67424574	1.4250808442650082e+30
7213811.220845746	1.4204641311283372e+30
6757302.329332319	1.4147760997178215e+30
6315113.177133091	1.408052933282645e+30
5889541.44904338	1.40330028843641e+30
5487378.634648789	1.3995649784709847e+30
5112986.903953499	1.396314470703314e+30
4773724.1991971005	1.389545009552686e+30
4478552.919191644	1.3832956828723296e+30
4237101.650892978	1.3785463350063687e+30
4059102.7579996046	1.3744506328599932e+30
3925127.061637622	1.3646126035008556e+30
4104938.401486676	1.3544800347304176e+30
4559648.092780844	1.345626738056561e+30
5213480.3615243435	1.334464732021356e+30
5997056.255363959	1.324719744386509e+30
6860213.7525007175	1.316854934492433e+30
7771590.644192474	1.305697900259074e+30
8710612.698105685	1.297208336991556e+30
9661931.954324663	1.2882772071950125e+30
10618903.231501829	1.277426620960209e+30
11573670.743545454	1.270564358606645e+30
12521563.44391546	1.2600614286913297e+30
13459091.322968276	1.2497477258636569e+30
14383605.49549382	1.242254201096972e+30
15292672.971066896	1.2309106625078987e+30
16184792.652363513	1.2211550927693682e+30
17057991.531244233	1.2147090934728527e+30
17909587.68592957	1.2024845527147075e+30
18741803.410557907	1.1926855248592336e+30
19551071.30159368	1.1869707140313177e+30
20336764.663288996	1.1731138074805524e+30
21097881.34126268	1.1637383404808452e+30
21834035.592166647	1.155714165028668e+30
22543707.927490544	1.1421311717618056e+30
23227296.718301076	1.1317743290998586e+30
23883729.25068445	1.1222279356658761e+30
24513086.740147598	1.109410522812763e+30
25113597.175434664	1.098362602285709e+30
25686558.488588616	1.0901690546876655e+30
26232186.47158486	1.0769778551008947e+30
26749860.232905887	1.0642961564181945e+30
27239975.60718438	1.0575084809155946e+30
27703341.327175677	1.0450501744128872e+30
28139676.19163376	1.0308262887884675e+30
28548832.582786992	1.0227391944329162e+30
28931910.0862698	1.0119253700865534e+30
29288727.875583813	9.983896055470966e+29
29619654.21422067	9.884379214069101e+29
29925251.956834044	9.790640035728242e+29
30206169.74857951	9.66486156831053e+29
30462193.52377632	9.540680014358329e+29
30694276.5622518	9.470354869924289e+29
30901878.54289768	9.362017155547104e+29
31086011.488770958	9.217553051265274e+29
31247812.253820267	9.137897919634472e+29
31386305.273638062	9.06260891104734e+29
31502847.517010264	8.930844944998924e+29
31597088.90768262	8.806473053700725e+29
31669999.47095042	8.738114405864971e+29
31723771.74060487	8.644564588890765e+29
31756598.993752465	8.51325597784404e+29
31771703.659073744	8.408826967081041e+29
31769452.079788852	8.340713870507573e+29
31749660.334088616	8.240625947366142e+29
31712806.890693225	8.112488020377626e+29
31662270.76099407	8.015089814499198e+29
31594566.043704417	7.949507921400495e+29
31513931.707738407	7.852982996894827e+29
31418858.500111047	7.728050072589018e+29
31309862.535629246	7.633037239029914e+29
31188677.421942726	7.577232812402615e+29
31055375.498132367	7.487310741019359e+29
30911185.82390523	7.363304921147853e+29
30755695.84320927	7.264848888583501e+29
30590696.445815023	7.199616422802962e+29
30417638.630406536	7.124378178035749e+29
30235472.509620223	7.01625065505228e+29
30046142.78206106	6.912600729615024e+29
29849993.6194298	6.832975159793636e+29
29649083.23506816	6.769880056684526e+29
29442813.124428175	6.686803623127535e+29
29232225.602577712	6.578965739189552e+29
29018780.895826757	6.480929907043494e+29
28803129.904230893	6.40727477782706e+29
28586353.89272301	6.340961760643448e+29
28368913.632354695	6.245817838597454e+29
28152505.4494267	6.1346448688982694e+29
27937653.127634037	6.038448203886543e+29
27726122.416234113	5.960032000905394e+29
27517426.35076907	5.891839767448309e+29
27313015.098483726	5.8028303214016425e+29
27113491.227062587	5.6936851462250154e+29
26919122.043075625	5.595454739418682e+29
26730971.87758051	5.514423131550959e+29
26550469.466470834	5.447462890207613e+29
26377571.445642985	5.37434968880163e+29
26213441.436980378	5.2740513293939324e+29
26059157.770733878	5.173720487759012e+29
25915166.92672459	5.0900041966030036e+29
25782503.0266652	5.014783208748192e+29
25662073.066689294	4.949599795429312e+29
25553637.551542442	4.875402143456681e+29
25458810.16249581	4.7802968220804516e+29
25378217.921871502	4.683366317652382e+29
25311375.895632382	4.602138069270638e+29
25257616.25569602	4.5336130903859954e+29
25216012.834903147	4.470796062710344e+29
25189170.540531892	4.405318640024562e+29
25176130.220508475	4.322500899383714e+29
25177340.250510976	4.238077424862544e+29
25194518.740591176	4.15752519704667e+29
25226005.523665454	4.086040406949332e+29
25272089.0256425	4.0249797328938936e+29
25335244.296631522	3.970195259754344e+29
25414342.251571257	3.9098888103752504e+29
25511163.918567102	3.8353299755160455e+29
25624541.203307427	3.758406939062937e+29
25756241.90133335	3.684692634175228e+29
25902034.38882745	3.62033417059539e+29
26062038.701529086	3.5611541205416034e+29
26235661.79992416	3.5077480481524606e+29
26422375.439766955	3.4559096697580856e+29
26622877.561976653	3.401195617925866e+29
26838163.73152232	3.3382829289935834e+29
27066709.044137593	3.273728702195519e+29
27308986.093958158	3.214076527803528e+29
27566936.940472733	3.1586664915716044e+29
27838932.308549475	3.1077155756533142e+29
28126020.142921038	3.0601361704159408e+29
28426792.866589785	3.013398621622487e+29
28737617.74190756	2.9644386851636793e+29
29057449.569430552	2.913486644669452e+29
29386113.834258515	2.8600094587911222e+29
29723773.479825877	2.8070513886742547e+29
30068708.995898042	2.7543576122374206e+29
30419987.33859039	2.7048060861596592e+29
30780344.489300307	2.6588730916871444e+29
31148457.388448622	2.61679615552022e+29
31523047.912281577	2.5768089518875857e+29
31905151.469316047	2.5368965079822236e+29
32295224.12803478	2.4949065478229794e+29
32692361.34450982	2.4521854315257824e+29
33097240.19733367	2.4099544107271028e+29
33511809.925457623	2.366095150552907e+29
33935721.23117468	2.3215615333849123e+29
34369596.12331806	2.2779301206461292e+29
34813045.30028937	2.236649849614498e+29
35266228.27408681	2.1968818411221722e+29
35728750.30672078	2.159118918767346e+29
36199791.34580751	2.1224952449363302e+29
36680743.36869415	2.0858016093332093e+29
37170689.357072726	2.0473435847692697e+29
37668460.20850865	2.0079982197998157e+29
38174981.22959591	1.9707340159940492e+29
38689385.33603241	1.935778033948241e+29
39210376.15223807	1.9002887821363667e+29
39734192.18003557	1.8642428213290717e+29
40259117.504610054	1.8282459556772372e+29
40786068.56427817	1.7931173726325418e+29
41312849.191141486	1.7600015471048515e+29
41842016.392616645	1.7285525250251977e+29
42373370.179040514	1.698673330339697e+29
42908101.586180665	1.6702422157312225e+29
43444623.790407024	1.6426820499451688e+29
43984946.15536092	1.614398974545797e+29
44530884.921029806	1.5853871614872038e+29
45083058.439728774	1.5559249250900962e+29
45643478.43098727	1.527161873452952e+29
46219143.67229232	1.4991421751149871e+29
46820600.92192324	1.4716174676198278e+29
47446246.52730709	1.4443422340321908e+29
48083744.470766835	1.4176428552103049e+29
48728984.87194249	1.3904710186566651e+29
49377030.86496798	1.36297681258262e+29
50026981.27890588	1.3358606262711728e+29
50678716.754191786	1.3092509957233632e+29
51329942.710834965	1.2835760028864058e+29
51981160.84968573	1.2591202173526575e+29
52634638.83156129	1.2356867524782378e+29
53295030.96259913	1.2128271701407153e+29
53970944.24901235	1.190448454116226e+29
