1329727.0133377004	4.523205334623931e-20
1997002.6765129787	4.525152624889345e-20
2664426.1840028516	4.515931475904116e-20
3331447.2125489246	4.51502213441253e-20
3996405.6813591886	4.4950263829998513e-20
4658173.607756584	4.4931939152747375e-20
5316422.976786178	4.4797315698894545e-20
5970581.2582133915	4.4807961846866675e-20
6620680.84853061	4.453274379013133e-20
7265802.5365406135	4.4530755914723297e-20
7906318.684444739	4.419961375925173e-20
8541177.640700372	4.4186484918555973e-20
9169562.738211676	4.394634455278899e-20
9791851.528694663	4.3928775050531534e-20
10407473.22168066	4.372891388937124e-20
11015124.788217334	4.363273493957666e-20
11615507.204164613	4.349222035215393e-20
12208156.201900434	4.3455326181824523e-20
12792450.233243044	4.3130417969212984e-20
13367853.217701036	4.30623371616595e-20
13933435.944159646	4.2936393324389494e-20
14489541.485499118	4.28626508759662e-20
15035793.232816152	4.273171343096915e-20
15571467.715665085	4.269353873278919e-20
16096755.943046411	4.2573926837609153e-20
16610816.52177279	4.2406258767338326e-20
17113804.7920385	4.233300060901331e-20
17605174.875871014	4.2248484521184775e-20
18084632.56856495	4.2164020919174227e-20
18551454.40686525	4.2126158477497126e-20
19006220.16183123	4.2031151677863903e-20
19448204.17005128	4.1903857888184286e-20
19876682.18239654	4.18050073666948e-20
20292753.582744755	4.1703343294286564e-20
20695591.597487617	4.1662401383121974e-20
21085271.815416563	4.161738792135863e-20
21461532.25587586	4.1401834752139606e-20
21823440.94801734	4.141991605719686e-20
22192862.716323916	4.130380905962012e-20
22545912.354349293	4.134070379305259e-20
22883900.46561119	4.1140605343001015e-20
23206369.961715255	4.094638075811944e-20
23512226.500270024	4.092688611248526e-20
23802625.114470042	4.081574774439168e-20
24077151.574054603	4.0661684782640274e-20
24335042.092628483	4.0543799146741486e-20
24577994.948734123	4.036822565261008e-20
24804073.426354792	4.032355421258648e-20
25014727.67511172	4.0096048421753945e-20
25208405.77843034	4.001404859551787e-20
25386451.789291073	3.9865346537724807e-20
25547444.05082434	3.979812803502969e-20
25692336.7259578	3.9517219150835387e-20
25820629.032035608	3.9419352935597216e-20
25932508.91622328	3.936013564271598e-20
26028067.35218733	3.924415074145364e-20
26106636.95020866	3.897795021865366e-20
26169113.956914935	3.89343032784652e-20
26215632.964321118	3.882317507908463e-20
26245935.56915051	3.873652028065228e-20
26260830.26067531	3.8405609104348366e-20
26259153.151996348	3.8294421331522917e-20
26241499.25842653	3.8238124161824823e-20
26208412.389536306	3.8148735428375365e-20
26160475.171716586	3.779229786382265e-20
26096082.88709246	3.763251975708709e-20
26016676.487399384	3.766825556748765e-20
25922485.424241245	3.753356606612397e-20
25812664.036476355	3.725607964977324e-20
25688331.366713952	3.700920938298714e-20
25549526.979161475	3.6865809228299897e-20
25397272.686845727	3.682598344894741e-20
25230487.053959142	3.663667296911511e-20
25049907.43635593	3.634043278090511e-20
24855376.64450088	3.61703054809047e-20
24648600.36127812	3.619126442754341e-20
24428282.635707326	3.609108173970536e-20
24196054.08677208	3.5727949538742766e-20
23950515.350196537	3.5457875593492963e-20
23693214.76203683	3.5459708063101804e-20
23423652.4523824	3.546401971068271e-20
23142281.949928794	3.5108993054411155e-20
22849534.01209749	3.4780326942831945e-20
22544802.228008125	3.475054196734591e-20
22228438.00765137	3.4875969540998187e-20
21901737.13064788	3.4628155396129895e-20
21564565.751482222	3.427012750605781e-20
21216499.20792778	3.411190246176892e-20
20858556.478577323	3.40283403251817e-20
20490584.98164462	3.4052503512786344e-20
20112833.755092792	3.3827705301745e-20
19725850.235667918	3.355962086602465e-20
19330173.338333	3.337086374433138e-20
18925468.946633793	3.346489418429108e-20
18512476.254947633	3.343104864108223e-20
18091257.815309584	3.3057451083633617e-20
17662667.212230433	3.278285070996137e-20
17226287.26220482	3.2802056250559256e-20
16783631.574841008	3.2881412861643716e-20
16333922.941228783	3.2716065661335236e-20
15878355.735087939	3.2384790001386933e-20
15417684.405902205	3.215780463265288e-20
14951504.84533246	3.213715855813323e-20
14480344.193592222	3.2227216365805213e-20
14004850.509734118	3.198208417013879e-20
13525066.626083586	3.1745883466220243e-20
13042448.983990699	3.1475511065437977e-20
12556726.991139052	3.15333855604368e-20
12068039.929085419	3.16415298727288e-20
11578106.964871243	3.1276199058362805e-20
11086160.222998764	3.1066238401768455e-20
10594401.69429119	3.08897783690339e-20
10102823.116337333	3.0897425032152333e-20
9611431.46258662	3.102553335796617e-20
9122838.772005126	3.068650493183791e-20
8636675.74012131	3.0431326548335943e-20
8155593.217540954	3.027163946099161e-20
7680789.67424574	3.0330618296434884e-20
7213811.220845746	3.0383009830267023e-20
6757302.329332319	3.013341407135693e-20
6315113.177133091	2.985125192960426e-20
5889541.44904338	2.9734681397605226e-20
5487378.634648789	2.9754840139760025e-20
5112986.903953499	2.982057896626889e-20
4773724.1991971005	2.961172761004135e-20
4478552.919191644	2.92566918197446e-20
4237101.650892978	2.912501664580333e-20
4059102.7579996046	2.917543064580308e-20
3925127.061637622	2.8533708146878107e-20
4104938.401486676	2.8083658873957167e-20
4559648.092780844	2.811923084864897e-20
5213480.3615243435	2.767022451248086e-20
5997056.255363959	2.7393969536352943e-20
6860213.7525007175	2.743018132095235e-20
7771590.644192474	2.6875135673557374e-20
8710612.698105685	2.6777309212794972e-20
9661931.954324663	2.6636210610422432e-20
10618903.231501829	2.6137609355845828e-20
11573670.743545454	2.6236630990205072e-20
12521563.44391546	2.6000162177585485e-20
13459091.322968276	2.569364026959857e-20
14383605.49549382	2.5788219565987628e-20
15292672.971066896	2.5449068152203456e-20
16184792.652363513	2.5195778746839383e-20
17057991.531244233	2.5253979712490364e-20
17909587.68592957	2.4874242763094282e-20
18741803.410557907	2.464965864834864e-20
19551071.30159368	2.465460105298779e-20
20336764.663288996	2.4230648291749982e-20
21097881.34126268	2.406824250509323e-20
21834035.592166647	2.4028915926726104e-20
22543707.927490544	2.363801823832136e-20
23227296.718301076	2.3418740452373246e-20
23883729.25068445	2.3336764407882697e-20
24513086.740147598	2.291447555364909e-20
25113597.175434664	2.2652335312613655e-20
25686558.488588616	2.257418611002243e-20
26232186.47158486	2.215092591493063e-20
26749860.232905887	2.1821665800435102e-20
27239975.60718438	2.170238325088601e-20
27703341.327175677	2.136263138452402e-20
28139676.19163376	2.0965503040623447e-20
28548832.582786992	2.0791113926305806e-20
28931910.0862698	2.0523262419814992e-20
29288727.875583813	2.013053369033756e-20
29619654.21422067	1.9886378498648896e-20
29925251.956834044	1.9713099333360603e-20
30206169.74857951	1.9354471592438334e-20
30462193.52377632	1.9035617208642355e-20
30694276.5622518	1.8898277915356306e-20
30901878.54289768	1.8643563422095948e-20
31086011.488770958	1.8242303520558372e-20
31247812.253820267	1.8029435036997582e-20
31386305.273638062	1.792784249628346e-20
31502847.517010264	1.7561601337803876e-20
31597088.90768262	1.7253104513839286e-20
31669999.47095042	1.712319972286878e-20
31723771.74060487	1.6912207906409912e-20
31756598.993752465	1.6546737325172772e-20
31771703.659073744	1.6285684538428753e-20
31769452.079788852	1.6139961979723402e-20
31749660.334088616	1.5898442403332506e-20
31712806.890693225	1.555593082533645e-20
31662270.76099407	1.52675355585206e-20
31594566.043704417	1.5167580038858768e-20
31513931.707738407	1.4905478602684273e-20
31418858.500111047	1.4594209134029505e-20
31309862.535629246	1.4389682528754187e-20
31188677.421942726	1.4284402426532022e-20
31055375.498132367	1.4132879707444418e-20
30911185.82390523	1.3842380339429186e-20
30755695.84320927	1.3640664889837254e-20
30590696.445815023	1.3493524445110561e-20
30417638.630406536	1.3343755479001074e-20
30235472.509620223	1.3083116015966744e-20
30046142.78206106	1.2841681107725525e-20
29849993.6194298	1.2660556635185515e-20
29649083.23506816	1.250866172399888e-20
29442813.124428175	1.231808299080201e-20
29232225.602577712	1.20397567751901e-20
29018780.895826757	1.1806827593520694e-20
28803129.904230893	1.1606816969701926e-20
28586353.89272301	1.1458756832839695e-20
28368913.632354695	1.1224698253014909e-20
28152505.4494267	1.0925644078948351e-20
27937653.127634037	1.0667120165894433e-20
27726122.416234113	1.0452004783869504e-20
27517426.35076907	1.030104546210427e-20
27313015.098483726	1.0080299988959983e-20
27113491.227062587	9.801938153477345e-21
26919122.043075625	9.563158395713827e-21
26730971.87758051	9.368492270511927e-21
26550469.466470834	9.196410942108162e-21
26377571.445642985	9.02062126009173e-21
26213441.436980378	8.768672733584345e-21
26059157.770733878	8.519185961466537e-21
25915166.92672459	8.306318004469106e-21
25782503.0266652	8.120050157142477e-21
25662073.066689294	7.952362121966142e-21
25553637.551542442	7.760296728700806e-21
25458810.16249581	7.520604488207398e-21
25378217.921871502	7.28908883157613e-21
25311375.895632382	7.091134707817375e-21
25257616.25569602	6.938193359878869e-21
25216012.834903147	6.81336635991471e-21
25189170.540531892	6.652774221963082e-21
25176130.220508475	6.4649049948019425e-21
25177340.250510976	6.282353003825206e-21
25194518.740591176	6.099393447534421e-21
25226005.523665454	5.9515860624214205e-21
25272089.0256425	5.8108467376683984e-21
25335244.296631522	5.65534871186839e-21
25414342.251571257	5.50744808520209e-21
25511163.918567102	5.329339016747668e-21
25624541.203307427	5.1566633251528765e-21
25756241.90133335	4.9827353741138246e-21
25902034.38882745	4.847705283133857e-21
26062038.701529086	4.7308128305466896e-21
26235661.79992416	4.6288070117379276e-21
26422375.439766955	4.524170655876224e-21
26622877.561976653	4.406277289816792e-21
26838163.73152232	4.276018624158632e-21
27066709.044137593	4.1595679847662064e-21
27308986.093958158	4.038606277996435e-21
27566936.940472733	3.905830990981023e-21
27838932.308549475	3.811933478081691e-21
28126020.142921038	3.702352216195436e-21
28426792.866589785	3.595596748337852e-21
28737617.74190756	3.515697523386559e-21
29057449.569430552	3.426684294497632e-21
29386113.834258515	3.341412224895317e-21
29723773.479825877	3.2502176410599373e-21
30068708.995898042	3.167189139792901e-21
30419987.33859039	3.0959458645859486e-21
30780344.489300307	3.0080423516528027e-21
31148457.388448622	2.9336928424919417e-21
31523047.912281577	2.8735591808733135e-21
31905151.469316047	2.7951094703576546e-21
32295224.12803478	2.708711462888666e-21
32692361.34450982	2.6306608276707925e-21
33097240.19733367	2.550783464297283e-21
33511809.925457623	2.4661050512396867e-21
33935721.23117468	2.3727391573052924e-21
34369596.12331806	2.2806844337091065e-21
34813045.30028937	2.18928233299266e-21
35266228.27408681	2.107955946692979e-21
35728750.30672078	2.027758396871182e-21
36199791.34580751	1.956757718772689e-21
36680743.36869415	1.8720815673814886e-21
37170689.357072726	1.7893671011886037e-21
37668460.20850865	1.7129749664355623e-21
38174981.22959591	1.6418738437729901e-21
38689385.33603241	1.5715506300823832e-21
39210376.15223807	1.5137540022823255e-21
39734192.18003557	1.4625172966477086e-21
40259117.504610054	1.4184212655277556e-21
40786068.56427817	1.3734750178702476e-21
41312849.191141486	1.3359589876600803e-21
41842016.392616645	1.2939246468874886e-21
42373370.179040514	1.2529123978697775e-21
42908101.586180665	1.2114310722529996e-21
43444623.790407024	1.1750307014906466e-21
43984946.15536092	1.132980734805709e-21
44530884.921029806	1.0860234017969118e-21
45083058.439728774	1.0374779151987702e-21
45643478.43098727	9.865942371759814e-22
46219143.67229232	9.232067610458222e-22
46820600.92192324	8.40683897755825e-22
47446246.52730709	7.691981190152972e-22
48083744.470766835	7.246829945406452e-22
48728984.87194249	6.887575081139623e-22
49377030.86496798	6.611828664798616e-22
50026981.27890588	6.357938399790884e-22
50678716.754191786	6.113149172741784e-22
51329942.710834965	5.908476934705004e-22
51981160.84968573	5.706153530135901e-22
52634638.83156129	5.492963412570038e-22
53295030.96259913	5.22193773774809e-22
53970944.24901235	4.868184804067839e-22
