1252750.130712426	2.3280937787969576e+30
1880391.6666482014	2.319579846011045e+30
2507603.1145298895	2.3093943667707845e+30
3133411.9422763423	2.3016683619068264e+30
3756800.9050254454	2.2918036765518294e+30
4376251.128534559	2.2819919036101806e+30
4991649.209932926	2.2736814792625258e+30
5602050.472817966	2.2633579875069422e+30
6207126.327858971	2.2536565010399878e+30
6805997.782103664	2.2450003809114423e+30
7398337.82210572	2.2351369907238784e+30
7983048.715872904	2.2239575239232786e+30
8559069.494401831	2.2141726861104206e+30
9126281.712176105	2.2037811708033985e+30
9683878.494177837	2.1948487752989233e+30
10230761.356321435	2.1826396025640074e+30
10767456.54367827	2.1703784105940904e+30
11293421.11363957	2.1610572458793373e+30
11808109.463415388	2.150620681073015e+30
12311134.664603421	2.136025371042734e+30
12801445.144982655	2.1246707823620176e+30
13279665.166336086	2.1150101515635822e+30
13745402.45500291	2.1017326410871287e+30
14198056.325074924	2.088897884143803e+30
14637737.013964966	2.0789352112468202e+30
15064117.713626644	2.0665813224611684e+30
15477104.546070626	2.053854315781704e+30
15876545.59814571	2.042552307363571e+30
16262372.767834341	2.0305080706903464e+30
16634448.300139084	2.0183525389605038e+30
16992648.997975565	2.0064410607885413e+30
17336712.457510505	1.993469863460779e+30
17666455.349344984	1.9810792040646886e+30
17981767.62751649	1.9692470124761548e+30
18282068.478703387	1.9556750236524083e+30
18567793.797325518	1.9429585176006038e+30
18838410.968284983	1.9292723939157333e+30
19092699.971716937	1.916210171219329e+30
19345149.574247286	1.9019172251832813e+30
19578414.20442422	1.8872182407818385e+30
19792258.549240913	1.873175760662375e+30
19986100.99869407	1.8588395015723275e+30
20159960.144801874	1.845125659990582e+30
20313712.612420212	1.83106234943966e+30
20447613.530434303	1.8173319208866026e+30
20561676.20234304	1.8038267917417743e+30
20656149.318060227	1.790856822322305e+30
20731646.987154685	1.7772635473784043e+30
20788791.378288448	1.7650807272136464e+30
20827783.292755857	1.7526689751115476e+30
20849302.354035735	1.7396439913470166e+30
20853863.209966637	1.7272988982860593e+30
20842174.69771329	1.715866706755566e+30
20814808.03394545	1.7033382104152397e+30
20771728.653388478	1.6901570271866577e+30
20712513.525402945	1.678362282128161e+30
20639460.672459442	1.6677686023410997e+30
20552002.15450796	1.6542577649662113e+30
20449489.986471646	1.641453331659597e+30
20333003.247776754	1.6305269989299044e+30
20202796.01268102	1.6191257266299543e+30
20057721.9878031	1.6062267305110508e+30
19899598.07483558	1.593962426466468e+30
19728454.983855173	1.5835763795677673e+30
19543013.45468503	1.572300062317225e+30
19345818.65675371	1.5600918857063823e+30
19135252.962529656	1.5488098176568085e+30
18912299.073618736	1.5383655006649858e+30
18677656.916219443	1.5268810353663427e+30
18431319.30220949	1.516284652776666e+30
18174190.235881213	1.505063191475105e+30
17906280.647024382	1.4948876171381642e+30
17628769.914262313	1.4839464151540448e+30
17341640.769258257	1.47251564383692e+30
17045870.372908507	1.4623318968074922e+30
16741760.629635107	1.4521370044004337e+30
16429874.114551215	1.441568579963842e+30
16111092.509199988	1.430900310315939e+30
15786190.579427324	1.4204147940347645e+30
15455314.486932965	1.411324958805381e+30
15119287.900228636	1.4006491356060462e+30
14779138.664347121	1.3892124849644087e+30
14435029.070285935	1.3791919300866957e+30
14088293.327795241	1.3699655643145556e+30
13740187.833141146	1.359302779061606e+30
13390482.199681984	1.347650930839475e+30
13041016.538199773	1.3368945134618925e+30
12693066.768236116	1.3270062877383943e+30
12347023.530669244	1.3158966368686482e+30
12004890.45349436	1.3039678099728713e+30
11667476.442658884	1.2924112656880602e+30
11336879.255774053	1.2815046093719713e+30
11014472.35867429	1.2699874391734492e+30
10701235.41185783	1.2574680806285547e+30
10400709.038330032	1.2453071429632696e+30
10113272.926703798	1.2336795933609425e+30
9842079.74261538	1.2220913690584232e+30
9588061.287351057	1.2095475831343047e+30
9355715.699506907	1.1969560002623992e+30
9144591.656820986	1.1849692951386629e+30
8959104.31683882	1.1733907022676163e+30
8800282.445467303	1.161122514868872e+30
8668812.599773975	1.1486670578173412e+30
8568021.741335627	1.1366360364152005e+30
8497972.617042255	1.1254712882570832e+30
8459537.130363576	1.114024485770555e+30
8452896.394136153	1.1018116004615687e+30
8476975.268337166	1.0900505079981945e+30
8533169.093601745	1.0788679315519502e+30
8618482.84386527	1.0682184683943213e+30
8732028.832407735	1.0570957908422825e+30
8872887.233026238	1.0456164341188642e+30
9039887.628726367	1.0344156528629058e+30
9230349.987405676	1.0237904750474859e+30
9442231.93847726	1.0134329866655569e+30
9674974.652679972	1.0026872176993338e+30
9925896.737826766	9.919065566893225e+29
10194249.858621279	9.812562618631275e+29
10478778.906914677	9.70808427996759e+29
10776940.634985423	9.606618518852304e+29
11089208.23052755	9.502553258314081e+29
11412954.752578318	9.3956968557461e+29
11747284.500615451	9.290406286970727e+29
12091348.962973485	9.187099980702915e+29
12443999.965561718	9.085527461921504e+29
12803488.106762158	8.98413554992697e+29
13168776.781842723	8.879944712275294e+29
13540908.595068501	8.774566564595125e+29
14296714.340365062	8.575552859891567e+29
15065224.416848227	8.376373027292315e+29
15841866.05327794	8.172934695622773e+29
16622192.111150682	7.984123348150888e+29
17401585.832618818	7.791187972851072e+29
18176420.16954934	7.60200960395059e+29
18945415.826526478	7.421313113549738e+29
19705496.72502574	7.240543922440256e+29
20454525.374351762	7.065440412380607e+29
21193064.131691765	6.89210993109902e+29
21921186.18619896	6.725705678301417e+29
22638576.35409082	6.56160364855897e+29
23345336.954946704	6.40275066423096e+29
24042429.780286353	6.243018612342801e+29
24729352.62415901	6.0812345938805665e+29
25407647.008331962	5.9350716185023e+29
26074414.729002073	5.785802565702437e+29
26732168.383616023	5.644687365752307e+29
27380274.288657155	5.501415840790972e+29
28017406.586129628	5.360437217289651e+29
28644997.166870173	5.227911164439948e+29
29261848.24118258	5.09656948469986e+29
29869340.878231645	4.972056634753986e+29
30465870.502908662	4.845977485200019e+29
31053539.983228967	4.724909177798887e+29
31630233.548616104	4.608872842514606e+29
32197845.876548946	4.492896197499157e+29
32754907.013453726	4.385909094960559e+29
33303332.837120075	4.282247646150629e+29
33842533.73035181	4.1745310332848174e+29
34373662.438849896	4.072651186487254e+29
34897102.98147971	3.9752929215444904e+29
35414238.98292889	3.879731893116272e+29
35924905.13752263	3.785001343603901e+29
36431386.72820457	3.6934522502570296e+29
36934313.73587439	3.6049522548549034e+29
37433743.504757844	3.520623177452685e+29
37931351.25578839	3.436251237339028e+29
38427548.31601933	3.3514778075187414e+29
38923465.91376467	3.270959701257005e+29
39418229.839631304	3.194176090108057e+29
39913975.57873683	3.11790254302217e+29
40410609.517551206	3.0416439585311257e+29
40910236.926471114	2.9654144765800985e+29
41412791.65101044	2.890948170326471e+29
41921791.62261556	2.8194859653228235e+29
42433910.90778694	2.7498104272655963e+29
42949749.61486971	2.679696348760461e+29
43469913.339918226	2.610276969722469e+29
43993755.34891287	2.5435249318065123e+29
44521938.02947037	2.480090135048914e+29
45055123.287045844	2.4195305476568188e+29
45593487.26855751	2.360088449504796e+29
46137345.02222685	2.300204998452341e+29
46688613.89353939	2.2408536717172736e+29
