1252750.130712426	2.6288319659823843e+30
1880391.6666482014	2.621708169627719e+30
2507603.1145298895	2.607470049163587e+30
3133411.9422763423	2.598150174091123e+30
3756800.9050254454	2.591098904728483e+30
4376251.128534559	2.577709388441595e+30
4991649.209932926	2.5659561956110795e+30
5602050.472817966	2.55882433713242e+30
6207126.327858971	2.5480742606736816e+30
6805997.782103664	2.5346426132891012e+30
7398337.82210572	2.5251552356400253e+30
7983048.715872904	2.5144860898365724e+30
8559069.494401831	2.5018950429323963e+30
9126281.712176105	2.4906566479221822e+30
9683878.494177837	2.4803801498349464e+30
10230761.356321435	2.4677377472899446e+30
10767456.54367827	2.4544231838644791e+30
11293421.11363957	2.4436384789637332e+30
11808109.463415388	2.431271730747729e+30
12311134.664603421	2.417322305792548e+30
12801445.144982655	2.4040818490774328e+30
13279665.166336086	2.3918870167431664e+30
13745402.45500291	2.3780998443683454e+30
14198056.325074924	2.3646285304356994e+30
14637737.013964966	2.3522606930774932e+30
15064117.713626644	2.3386601535935558e+30
15477104.546070626	2.3250650759042137e+30
15876545.59814571	2.311761270404297e+30
16262372.767834341	2.2985903099779966e+30
16634448.300139084	2.2847842665234978e+30
16992648.997975565	2.2713631492171522e+30
17336712.457510505	2.2567883271496282e+30
17666455.349344984	2.2429168564620833e+30
17981767.62751649	2.2289557478908284e+30
18282068.478703387	2.2141560386256734e+30
18567793.797325518	2.1995700496383227e+30
18838410.968284983	2.1839159152855772e+30
19092699.971716937	2.1691316138391007e+30
19345149.574247286	2.1529045476185638e+30
19578414.20442422	2.1365710589408852e+30
19792258.549240913	2.1199758782771372e+30
19986100.99869407	2.1043240364821903e+30
20159960.144801874	2.0887987001036647e+30
20313712.612420212	2.0722227228573917e+30
20447613.530434303	2.0567400432349203e+30
20561676.20234304	2.0422398372249054e+30
20656149.318060227	2.0269115799650552e+30
20731646.987154685	2.0116236860609194e+30
20788791.378288448	1.997909617958452e+30
20827783.292755857	1.9844410466127223e+30
20849302.354035735	1.9691733838799916e+30
20853863.209966637	1.955100058172865e+30
20842174.69771329	1.9427054110245654e+30
20814808.03394545	1.9285023405652022e+30
20771728.653388478	1.9131730274085739e+30
20712513.525402945	1.900139704582862e+30
20639460.672459442	1.8875369224064706e+30
20552002.15450796	1.8728942150027502e+30
20449489.986471646	1.8582756056333596e+30
20333003.247776754	1.8458173407012158e+30
20202796.01268102	1.8325295207149107e+30
20057721.9878031	1.8185082146898775e+30
19899598.07483558	1.804632780822003e+30
19728454.983855173	1.7924910812946962e+30
19543013.45468503	1.7794456679198745e+30
19345818.65675371	1.7658762506261594e+30
19135252.962529656	1.7529603712550428e+30
18912299.073618736	1.7414943695006806e+30
18677656.916219443	1.7286620325476762e+30
18431319.30220949	1.7168296748049805e+30
18174190.235881213	1.7043049854312614e+30
17906280.647024382	1.692267697657817e+30
17628769.914262313	1.6803368185711893e+30
17341640.769258257	1.6675411519959005e+30
17045870.372908507	1.6559345872362805e+30
16741760.629635107	1.6448969617649907e+30
16429874.114551215	1.6328614639111843e+30
16111092.509199988	1.6209159147864824e+30
15786190.579427324	1.6092540941031254e+30
15455314.486932965	1.598759838516951e+30
15119287.900228636	1.5867684341893353e+30
14779138.664347121	1.5740034269797513e+30
14435029.070285935	1.5626584311849232e+30
14088293.327795241	1.55239146071365e+30
13740187.833141146	1.540452131635871e+30
13390482.199681984	1.527390812465028e+30
13041016.538199773	1.515201725893019e+30
12693066.768236116	1.5041075096305888e+30
12347023.530669244	1.4916370209380364e+30
12004890.45349436	1.4778868044484432e+30
11667476.442658884	1.4649410610078475e+30
11336879.255774053	1.4527157620318582e+30
11014472.35867429	1.439753159241494e+30
10701235.41185783	1.4256723281541117e+30
10400709.038330032	1.4116494703575759e+30
10113272.926703798	1.398516909329368e+30
9842079.74261538	1.3852313517475438e+30
9588061.287351057	1.3711843266492017e+30
9355715.699506907	1.356741926570243e+30
9144591.656820986	1.343321246968491e+30
8959104.31683882	1.3301025490565482e+30
8800282.445467303	1.3162786745295396e+30
8668812.599773975	1.3020727101818957e+30
8568021.741335627	1.2884712688355508e+30
8497972.617042255	1.2758264419345233e+30
8459537.130363576	1.2628579114609266e+30
8452896.394136153	1.2490911724772277e+30
8476975.268337166	1.2358238914153955e+30
8533169.093601745	1.223238993964637e+30
8618482.84386527	1.2114266419243622e+30
8732028.832407735	1.1989227385475977e+30
8872887.233026238	1.185786784760684e+30
9039887.628726367	1.1732241060957252e+30
9230349.987405676	1.1611671275129966e+30
9442231.93847726	1.1498258042254915e+30
9674974.652679972	1.137704728683866e+30
9925896.737826766	1.1252215665381069e+30
10194249.858621279	1.1131789710460228e+30
10478778.906914677	1.1013996044397716e+30
10776940.634985423	1.090021638725858e+30
11089208.23052755	1.0782462561475742e+30
11412954.752578318	1.0660517121729485e+30
11747284.500615451	1.054228677160999e+30
12091348.962973485	1.0424722781291527e+30
12443999.965561718	1.0310076364381329e+30
12803488.106762158	1.0194646772083928e+30
13168776.781842723	1.0076564053322508e+30
13540908.595068501	9.956500595678281e+29
14296714.340365062	9.731018158122525e+29
15065224.416848227	9.50478799076706e+29
15841866.05327794	9.274230314531594e+29
16622192.111150682	9.060079109808975e+29
17401585.832618818	8.840392057539065e+29
18176420.16954934	8.624519541135802e+29
18945415.826526478	8.42363791550149e+29
19705496.72502574	8.215738864113839e+29
20454525.374351762	8.014956748662198e+29
21193064.131691765	7.822897151158273e+29
21921186.18619896	7.631349745751516e+29
22638576.35409082	7.450430133580693e+29
23345336.954946704	7.261912089000816e+29
24042429.780286353	7.087366598230349e+29
24729352.62415901	6.906690431848566e+29
25407647.008331962	6.740900894233644e+29
26074414.729002073	6.573713264185428e+29
26732168.383616023	6.406715343791225e+29
27380274.288657155	6.248512443262535e+29
28017406.586129628	6.088977114642634e+29
28644997.166870173	5.9391982748730895e+29
29261848.24118258	5.789849493957381e+29
29869340.878231645	5.645115319814991e+29
30465870.502908662	5.503089840686241e+29
31053539.983228967	5.366700258949054e+29
31630233.548616104	5.2332727835726846e+29
32197845.876548946	5.100731410295301e+29
32754907.013453726	4.9785482982928015e+29
33303332.837120075	4.8593006739376164e+29
33842533.73035181	4.7386707309456214e+29
34373662.438849896	4.623164853423527e+29
34897102.98147971	4.511604497383111e+29
35414238.98292889	4.4027260675292234e+29
35924905.13752263	4.294937005212501e+29
36431386.72820457	4.1896401510115296e+29
36934313.73587439	4.0891763507565534e+29
37433743.504757844	3.9933172684085325e+29
37931351.25578839	3.896635776324988e+29
38427548.31601933	3.800063810469771e+29
38923465.91376467	3.7077038075359565e+29
39418229.839631304	3.6202458338819916e+29
39913975.57873683	3.533342260211433e+29
40410609.517551206	3.446487413652303e+29
40910236.926471114	3.359641373745932e+29
41412791.65101044	3.2747861109112226e+29
41921791.62261556	3.193914794049047e+29
42433910.90778694	3.1146843553833097e+29
42949749.61486971	3.034889358424664e+29
43469913.339918226	2.9556811422569618e+29
43993755.34891287	2.8796124619626426e+29
44521938.02947037	2.8075343333817204e+29
45055123.287045844	2.7388650778259346e+29
45593487.26855751	2.6711372723350986e+29
46137345.02222685	2.6031139109551678e+29
46688613.89353939	2.535552552287679e+29
