1252750.130712426	1.0711900495542406e+30
1880391.6666482014	1.0675213909442122e+30
2507603.1145298895	1.0626795845540378e+30
3133411.9422763423	1.0588200615198475e+30
3756800.9050254454	1.0542066877872847e+30
4376251.128534559	1.0500419943681396e+30
4991649.209932926	1.045887746364477e+30
5602050.472817966	1.04132022451767e+30
6207126.327858971	1.0366644030449804e+30
6805997.782103664	1.0328499714809064e+30
7398337.82210572	1.0277417126669854e+30
7983048.715872904	1.0228060393438692e+30
8559069.494401831	1.01870132871881e+30
9126281.712176105	1.0140332473096226e+30
9683878.494177837	1.0091254491055262e+30
10230761.356321435	1.0043871004993637e+30
10767456.54367827	9.98967599849325e+29
11293421.11363957	9.946693721489411e+29
11808109.463415388	9.892499488248902e+29
12311134.664603421	9.840691649428398e+29
12801445.144982655	9.787388539498008e+29
13279665.166336086	9.732666607842297e+29
13745402.45500291	9.680522450745894e+29
14198056.325074924	9.626867209592776e+29
14637737.013964966	9.573574039533415e+29
15064117.713626644	9.517501741720474e+29
15477104.546070626	9.46066998282647e+29
15876545.59814571	9.407472628370338e+29
16262372.767834341	9.350202471974239e+29
16634448.300139084	9.291937785154098e+29
16992648.997975565	9.236781526594951e+29
17336712.457510505	9.1772281447414e+29
17666455.349344984	9.117591170718661e+29
17981767.62751649	9.051803763992076e+29
18282068.478703387	8.99607120125911e+29
18567793.797325518	8.936963035824909e+29
18838410.968284983	8.868506908984325e+29
19092699.971716937	8.805797960751009e+29
19345149.574247286	8.741343567586763e+29
19578414.20442422	8.669394001628313e+29
19792258.549240913	8.597911005862572e+29
19986100.99869407	8.534371114068653e+29
20159960.144801874	8.469892038331926e+29
20313712.612420212	8.3995978437463e+29
20447613.530434303	8.336563126058055e+29
20561676.20234304	8.275502452061454e+29
20656149.318060227	8.209659024011598e+29
20731646.987154685	8.145121185377645e+29
20788791.378288448	8.089822649263619e+29
20827783.292755857	8.032840843235722e+29
20849302.354035735	7.968718058790098e+29
20853863.209966637	7.91059870791852e+29
20842174.69771329	7.858151875127691e+29
20814808.03394545	7.798449455543398e+29
20771728.653388478	7.732230859849838e+29
20712513.525402945	7.67918598738197e+29
20639460.672459442	7.629035324371189e+29
20552002.15450796	7.56455420902241e+29
20449489.986471646	7.50014329752249e+29
20333003.247776754	7.452609984180271e+29
20202796.01268102	7.398386304808096e+29
20057721.9878031	7.336541761316112e+29
19899598.07483558	7.27617688116362e+29
19728454.983855173	7.23004233545812e+29
19543013.45468503	7.176020902708594e+29
19345818.65675371	7.111651382947201e+29
19135252.962529656	7.05758366527212e+29
18912299.073618736	7.01586270411466e+29
18677656.916219443	6.962351514126254e+29
18431319.30220949	6.901177067026634e+29
18174190.235881213	6.855670871846787e+29
17906280.647024382	6.818983519406195e+29
17628769.914262313	6.770405155828695e+29
17341640.769258257	6.714621269148463e+29
17045870.372908507	6.668776527531194e+29
16741760.629635107	6.628048214373619e+29
16429874.114551215	6.578002382259305e+29
16111092.509199988	6.524285585203414e+29
15786190.579427324	6.477503961117157e+29
15455314.486932965	6.434919471811187e+29
15119287.900228636	6.385611908086057e+29
14779138.664347121	6.3355625689558915e+29
14435029.070285935	6.289059518723176e+29
14088293.327795241	6.2441212231960605e+29
13740187.833141146	6.1959691031363986e+29
13390482.199681984	6.14427421894145e+29
13041016.538199773	6.095399995775172e+29
12693066.768236116	6.045335622058144e+29
12347023.530669244	5.9957955938718086e+29
12004890.45349436	5.941625395272583e+29
11667476.442658884	5.888040854811733e+29
11336879.255774053	5.8358666795636826e+29
11014472.35867429	5.781327766049147e+29
10701235.41185783	5.725663187007473e+29
10400709.038330032	5.667614422808531e+29
10113272.926703798	5.614398768598639e+29
9842079.74261538	5.558485759640053e+29
9588061.287351057	5.500355195415768e+29
9355715.699506907	5.440245360095268e+29
9144591.656820986	5.386287942446306e+29
8959104.31683882	5.332320284942502e+29
8800282.445467303	5.2751740825641335e+29
8668812.599773975	5.2163815072745356e+29
8568021.741335627	5.160308535519507e+29
8497972.617042255	5.1085516353169214e+29
8459537.130363576	5.0568005590063875e+29
8452896.394136153	5.000467606068384e+29
8476975.268337166	4.946401864834666e+29
8533169.093601745	4.895688191931973e+29
8618482.84386527	4.848612889973814e+29
8732028.832407735	4.799397647566965e+29
8872887.233026238	4.746248172761199e+29
9039887.628726367	4.695570249583297e+29
9230349.987405676	4.648361247729947e+29
9442231.93847726	4.605404053139042e+29
9674974.652679972	4.557416084416358e+29
9925896.737826766	4.5057546810537476e+29
10194249.858621279	4.457849178255901e+29
10478778.906914677	4.41052236882735e+29
10776940.634985423	4.367981646922348e+29
11089208.23052755	4.322112759236951e+29
11412954.752578318	4.271034084877627e+29
11747284.500615451	4.221059419735876e+29
12091348.962973485	4.175253698758621e+29
12443999.965561718	4.131348175688121e+29
12803488.106762158	4.086443910865458e+29
13168776.781842723	4.0362826718240815e+29
13540908.595068501	3.985923865640513e+29
14296714.340365062	3.8960166879388134e+29
15065224.416848227	3.804919973362787e+29
15841866.05327794	3.712492938365782e+29
16622192.111150682	3.6242716499148625e+29
17401585.832618818	3.535321390994388e+29
18176420.16954934	3.448865152807606e+29
18945415.826526478	3.364032453541512e+29
19705496.72502574	3.282040667761124e+29
20454525.374351762	3.201969020339827e+29
21193064.131691765	3.1259309369081338e+29
21921186.18619896	3.044182682107682e+29
22638576.35409082	2.967138983721314e+29
23345336.954946704	2.8991140640374525e+29
24042429.780286353	2.8238648387167263e+29
24729352.62415901	2.7561118485289493e+29
25407647.008331962	2.6832306653988787e+29
26074414.729002073	2.615969493329827e+29
26732168.383616023	2.5494472078441087e+29
27380274.288657155	2.4854503052491023e+29
28017406.586129628	2.422090390610942e+29
28644997.166870173	2.3609044948367248e+29
29261848.24118258	2.3007725620903792e+29
29869340.878231645	2.241070126769946e+29
30465870.502908662	2.1847667315256234e+29
31053539.983228967	2.129592237071312e+29
31630233.548616104	2.075500677668961e+29
32197845.876548946	2.0210932672949768e+29
32754907.013453726	1.972744725477678e+29
33303332.837120075	1.9247362886169504e+29
33842533.73035181	1.8787516595347837e+29
34373662.438849896	1.831228049073631e+29
34897102.98147971	1.7879026975322548e+29
35414238.98292889	1.7440179673064733e+29
35924905.13752263	1.7009361558888187e+29
36431386.72820457	1.6569845004247655e+29
36934313.73587439	1.617405008468177e+29
37433743.504757844	1.5790384183985754e+29
37931351.25578839	1.5403136830335846e+29
38427548.31601933	1.5006747451020474e+29
38923465.91376467	1.4631967530968866e+29
39418229.839631304	1.428709289068881e+29
39913975.57873683	1.3940188388976836e+29
40410609.517551206	1.3585090847648284e+29
40910236.926471114	1.3228509835317838e+29
41412791.65101044	1.2889340838255527e+29
41921791.62261556	1.2568262742978793e+29
42433910.90778694	1.2250560197121225e+29
42949749.61486971	1.1929611427417914e+29
43469913.339918226	1.1605243872268315e+29
43993755.34891287	1.1293199592762991e+29
44521938.02947037	1.1003986042789428e+29
45055123.287045844	1.073169575415942e+29
45593487.26855751	1.0460003600293729e+29
46137345.02222685	1.0184333168196907e+29
46688613.89353939	9.90871796724078e+28
