1252750.130712426	1.0716318978613315e-20
1880391.6666482014	1.0701566845652594e-20
2507603.1145298895	1.0653242044643957e-20
3133411.9422763423	1.0604971596948558e-20
3756800.9050254454	1.0577183343801161e-20
4376251.128534559	1.0533544070026846e-20
4991649.209932926	1.0437826728750592e-20
5602050.472817966	1.0432368275356714e-20
6207126.327858971	1.037670257239593e-20
6805997.782103664	1.028468538750176e-20
7398337.82210572	1.02271775534025e-20
7983048.715872904	1.0195689338603131e-20
8559069.494401831	1.01028032636273e-20
9126281.712176105	1.0029496533576324e-20
9683878.494177837	9.995198877269277e-21
10230761.356321435	9.927458039865524e-21
10767456.54367827	9.825305195920683e-21
11293421.11363957	9.795683866424165e-21
11808109.463415388	9.739090963013089e-21
12311134.664603421	9.628582039888544e-21
12801445.144982655	9.557126172305318e-21
13279665.166336086	9.526573574032769e-21
13745402.45500291	9.44576618131368e-21
14198056.325074924	9.37428722695522e-21
14637737.013964966	9.346512234901417e-21
15064117.713626644	9.283396158196944e-21
15477104.546070626	9.188475296758954e-21
15876545.59814571	9.143960684726445e-21
16262372.767834341	9.110290892167695e-21
16634448.300139084	9.014440092355013e-21
16992648.997975565	8.94361945104286e-21
17336712.457510505	8.909385880689526e-21
17666455.349344984	8.845512749716801e-21
17981767.62751649	8.727757106352433e-21
18282068.478703387	8.693343015499543e-21
18567793.797325518	8.639439042804553e-21
18838410.968284983	8.500141291200278e-21
19092699.971716937	8.44546647486279e-21
19345149.574247286	8.374135727315266e-21
19578414.20442422	8.294279907765169e-21
19792258.549240913	8.179697949946428e-21
19986100.99869407	8.140480911320202e-21
20159960.144801874	8.0947596623677e-21
20313712.612420212	7.984695024318317e-21
20447613.530434303	7.911574455670406e-21
20561676.20234304	7.890575657928497e-21
20656149.318060227	7.81488797438225e-21
20731646.987154685	7.732892155179553e-21
20788791.378288448	7.688859958091412e-21
20827783.292755857	7.667374392170142e-21
20849302.354035735	7.575600512120196e-21
20853863.209966637	7.509516475382798e-21
20842174.69771329	7.479497486528736e-21
20814808.03394545	7.412470402322151e-21
20771728.653388478	7.327859329695203e-21
20712513.525402945	7.28434625698331e-21
20639460.672459442	7.253870411806599e-21
20552002.15450796	7.164508043644409e-21
20449489.986471646	7.092810224522645e-21
20333003.247776754	7.053505991419849e-21
20202796.01268102	7.014014525069524e-21
20057721.9878031	6.931706623995392e-21
19899598.07483558	6.86625560522962e-21
19728454.983855173	6.83065527766337e-21
19543013.45468503	6.790016668683016e-21
19345818.65675371	6.6884188398196465e-21
19135252.962529656	6.637558898223235e-21
18912299.073618736	6.627871429669935e-21
18677656.916219443	6.5585228252214725e-21
18431319.30220949	6.4829345764552685e-21
18174190.235881213	6.427082780187489e-21
17906280.647024382	6.415733921125343e-21
17628769.914262313	6.351317580098972e-21
17341640.769258257	6.2703533243037175e-21
17045870.372908507	6.2311262829352914e-21
16741760.629635107	6.207963077996016e-21
16429874.114551215	6.158205805149793e-21
16111092.509199988	6.083550960638055e-21
15786190.579427324	6.038737493143956e-21
15455314.486932965	6.021796446922976e-21
15119287.900228636	5.970630005569755e-21
14779138.664347121	5.903781657425802e-21
14435029.070285935	5.854872884491364e-21
14088293.327795241	5.837270053828198e-21
13740187.833141146	5.7696931094244425e-21
13390482.199681984	5.702459258041771e-21
13041016.538199773	5.641011708074481e-21
12693066.768236116	5.5966708683651274e-21
12347023.530669244	5.550357557630488e-21
12004890.45349436	5.454251566513509e-21
11667476.442658884	5.385561160846594e-21
11336879.255774053	5.337498485186451e-21
11014472.35867429	5.2800605282726826e-21
10701235.41185783	5.197229210022025e-21
10400709.038330032	5.1028272072158034e-21
10113272.926703798	5.054839429284295e-21
9842079.74261538	5.0006636295737036e-21
9588061.287351057	4.914578132860894e-21
9355715.699506907	4.815995501228714e-21
9144591.656820986	4.7648581960680155e-21
8959104.31683882	4.707052344484658e-21
8800282.445467303	4.6272050584463656e-21
8668812.599773975	4.551079762009121e-21
8568021.741335627	4.473207744834634e-21
8497972.617042255	4.4245823888389795e-21
8459537.130363576	4.376059495429679e-21
8452896.394136153	4.2901818520487685e-21
8476975.268337166	4.228555414066885e-21
8533169.093601745	4.164991517008417e-21
8618482.84386527	4.132336171959796e-21
8732028.832407735	4.0797227135473775e-21
8872887.233026238	4.004346436001307e-21
9039887.628726367	3.9352060666019845e-21
9230349.987405676	3.8858369732718516e-21
9442231.93847726	3.8520728853347306e-21
9674974.652679972	3.7911870174872604e-21
9925896.737826766	3.721936443681826e-21
10194249.858621279	3.6582686961031684e-21
10478778.906914677	3.599709646913839e-21
10776940.634985423	3.5606468399532864e-21
11089208.23052755	3.495497345306983e-21
11412954.752578318	3.424946847747807e-21
11747284.500615451	3.3580271229018184e-21
12091348.962973485	3.3004938147196765e-21
12443999.965561718	3.2513143079338837e-21
12803488.106762158	3.204820403875965e-21
13168776.781842723	3.142904337084691e-21
13540908.595068501	3.0670712916668995e-21
14296714.340365062	2.9487376611721344e-21
15065224.416848227	2.8472932852418074e-21
15841866.05327794	2.7309039132630502e-21
16622192.111150682	2.6488682388052535e-21
17401585.832618818	2.5458372206991284e-21
18176420.16954934	2.451170455997571e-21
18945415.826526478	2.3728356265130815e-21
19705496.72502574	2.2807660470922237e-21
20454525.374351762	2.198530817474937e-21
21193064.131691765	2.1325418657565293e-21
21921186.18619896	2.047987024408811e-21
22638576.35409082	1.9747548234803203e-21
23345336.954946704	1.9099739447527726e-21
24042429.780286353	1.835626954444501e-21
24729352.62415901	1.7643460448701837e-21
25407647.008331962	1.704292792697653e-21
26074414.729002073	1.6427536129839592e-21
26732168.383616023	1.5755609591039835e-21
27380274.288657155	1.5222863734457534e-21
28017406.586129628	1.4668693796072986e-21
28644997.166870173	1.4084010524319623e-21
29261848.24118258	1.3595834573018618e-21
29869340.878231645	1.3082490604910108e-21
30465870.502908662	1.2611978753408632e-21
31053539.983228967	1.209687647918604e-21
31630233.548616104	1.168481033092682e-21
32197845.876548946	1.120579882575503e-21
32754907.013453726	1.0792879412091872e-21
33303332.837120075	1.0349233458645174e-21
33842533.73035181	9.965972582155889e-22
34373662.438849896	9.541769753303444e-22
34897102.98147971	9.183886280105716e-22
35414238.98292889	8.799645563592848e-22
35924905.13752263	8.457839284108132e-22
36431386.72820457	8.085153152750527e-22
36934313.73587439	7.762388757504822e-22
37433743.504757844	7.472664993446854e-22
37931351.25578839	7.178912614363178e-22
38427548.31601933	6.887345786042666e-22
38923465.91376467	6.616985670575391e-22
39418229.839631304	6.37524488914623e-22
39913975.57873683	6.121409726596734e-22
40410609.517551206	5.849810308599186e-22
40910236.926471114	5.558328124574743e-22
41412791.65101044	5.279610880541238e-22
41921791.62261556	5.008058606161451e-22
42433910.90778694	4.782074602914775e-22
42949749.61486971	4.563402680686694e-22
43469913.339918226	4.340433621902931e-22
43993755.34891287	4.1357655086156e-22
44521938.02947037	3.942440410897252e-22
45055123.287045844	3.763792544740543e-22
45593487.26855751	3.5837429123156437e-22
46137345.02222685	3.4093406632347246e-22
46688613.89353939	3.222405854260994e-22
