0.0	3.2354E-01
625799.8881431666	3.2366E-01
1252750.130712426	3.2379E-01
1880391.6666482014	3.2393E-01
2507603.1145298895	3.2406E-01
3133411.9422763423	3.2419E-01
3756800.9050254454	3.2431E-01
4376251.128534559	3.2444E-01
4991649.209932926	3.2455E-01
5602050.472817966	3.2465E-01
6207126.327858971	3.2475E-01
6805997.782103664	3.2484E-01
7398337.82210572	3.2494E-01
7983048.715872904	3.2502E-01
8559069.494401831	3.2511E-01
9126281.712176105	3.2519E-01
9683878.494177837	3.2528E-01
10230761.356321435	3.2536E-01
10767456.54367827	3.2544E-01
11293421.11363957	3.2553E-01
11808109.463415388	3.2561E-01
12311134.664603421	3.2568E-01
12801445.144982655	3.2575E-01
13279665.166336086	3.2582E-01
13745402.45500291	3.2587E-01
14198056.325074924	3.2592E-01
14637737.013964966	3.2595E-01
15064117.713626644	3.2598E-01
15477104.546070626	3.2599E-01
15876545.59814571	3.2599E-01
16262372.767834341	3.2598E-01
16634448.300139084	3.2594E-01
16992648.997975565	3.2589E-01
17336712.457510505	3.2582E-01
17666455.349344984	3.2574E-01
17981767.62751649	3.2564E-01
18282068.478703387	3.2553E-01
18567793.797325518	3.2540E-01
18838410.968284983	3.2526E-01
19092699.971716937	3.2511E-01
19345149.574247286	3.2495E-01
19578414.20442422	3.2479E-01
19792258.549240913	3.2463E-01
19986100.99869407	3.2449E-01
20159960.144801874	3.2434E-01
20313712.612420212	3.2422E-01
20447613.530434303	3.2410E-01
20561676.20234304	3.2400E-01
20656149.318060227	3.2391E-01
20731646.987154685	3.2383E-01
20788791.378288448	3.2376E-01
20827783.292755857	3.2369E-01
20849302.354035735	3.2363E-01
20853863.209966637	3.2356E-01
20842174.69771329	3.2349E-01
20814808.03394545	3.2342E-01
20771728.653388478	3.2334E-01
20712513.525402945	3.2326E-01
20639460.672459442	3.2316E-01
20552002.15450796	3.2306E-01
20449489.986471646	3.2295E-01
20333003.247776754	3.2284E-01
20202796.01268102	3.2272E-01
20057721.9878031	3.2260E-01
19899598.07483558	3.2248E-01
19728454.983855173	3.2235E-01
19543013.45468503	3.2223E-01
19345818.65675371	3.2210E-01
19135252.962529656	3.2198E-01
18912299.073618736	3.2187E-01
18677656.916219443	3.2176E-01
18431319.30220949	3.2166E-01
18174190.235881213	3.2156E-01
17906280.647024382	3.2147E-01
17628769.914262313	3.2138E-01
17341640.769258257	3.2130E-01
17045870.372908507	3.2122E-01
16741760.629635107	3.2114E-01
16429874.114551215	3.2106E-01
16111092.509199988	3.2098E-01
15786190.579427324	3.2089E-01
15455314.486932965	3.2081E-01
15119287.900228636	3.2071E-01
14779138.664347121	3.2061E-01
14435029.070285935	3.2050E-01
14088293.327795241	3.2038E-01
13740187.833141146	3.2024E-01
13390482.199681984	3.2009E-01
13041016.538199773	3.1992E-01
12693066.768236116	3.1974E-01
12347023.530669244	3.1955E-01
12004890.45349436	3.1933E-01
11667476.442658884	3.1910E-01
11336879.255774053	3.1886E-01
11014472.35867429	3.1860E-01
10701235.41185783	3.1833E-01
10400709.038330032	3.1805E-01
10113272.926703798	3.1776E-01
9842079.74261538	3.1746E-01
9588061.287351057	3.1715E-01
9355715.699506907	3.1683E-01
9144591.656820986	3.1652E-01
8959104.31683882	3.1620E-01
8800282.445467303	3.1588E-01
8668812.599773975	3.1557E-01
8568021.741335627	3.1526E-01
8497972.617042255	3.1496E-01
8459537.130363576	3.1466E-01
8452896.394136153	3.1437E-01
8476975.268337166	3.1409E-01
8533169.093601745	3.1382E-01
8618482.84386527	3.1356E-01
8732028.832407735	3.1330E-01
8872887.233026238	3.1305E-01
9039887.628726367	3.1280E-01
9230349.987405676	3.1256E-01
9442231.93847726	3.1232E-01
9674974.652679972	3.1208E-01
9925896.737826766	3.1184E-01
10194249.858621279	3.1160E-01
10478778.906914677	3.1135E-01
10776940.634985423	3.1110E-01
11089208.23052755	3.1084E-01
11412954.752578318	3.1057E-01
11747284.500615451	3.1030E-01
12091348.962973485	3.1003E-01
12443999.965561718	3.0974E-01
12803488.106762158	3.0944E-01
13168776.781842723	3.0913E-01
13540908.595068501	3.0880E-01
14296714.340365062	3.0813E-01
15065224.416848227	3.0742E-01
15841866.05327794	3.0667E-01
16622192.111150682	3.0588E-01
17401585.832618818	3.0506E-01
18176420.16954934	3.0422E-01
18945415.826526478	3.0335E-01
19705496.72502574	3.0245E-01
20454525.374351762	3.0152E-01
21193064.131691765	3.0055E-01
21921186.18619896	2.9955E-01
22638576.35409082	2.9851E-01
23345336.954946704	2.9743E-01
24042429.780286353	2.9632E-01
24729352.62415901	2.9518E-01
25407647.008331962	2.9400E-01
26074414.729002073	2.9280E-01
26732168.383616023	2.9156E-01
27380274.288657155	2.9030E-01
28017406.586129628	2.8900E-01
28644997.166870173	2.8768E-01
29261848.24118258	2.8633E-01
29869340.878231645	2.8495E-01
30465870.502908662	2.8355E-01
31053539.983228967	2.8212E-01
31630233.548616104	2.8068E-01
32197845.876548946	2.7922E-01
32754907.013453726	2.7774E-01
33303332.837120075	2.7625E-01
33842533.73035181	2.7474E-01
34373662.438849896	2.7321E-01
34897102.98147971	2.7167E-01
35414238.98292889	2.7012E-01
35924905.13752263	2.6856E-01
36431386.72820457	2.6697E-01
36934313.73587439	2.6538E-01
37433743.504757844	2.6377E-01
37931351.25578839	2.6216E-01
38427548.31601933	2.6054E-01
38923465.91376467	2.5891E-01
39418229.839631304	2.5727E-01
39913975.57873683	2.5564E-01
40410609.517551206	2.5399E-01
40910236.926471114	2.5234E-01
41412791.65101044	2.5068E-01
41921791.62261556	2.4901E-01
42433910.90778694	2.4734E-01
42949749.61486971	2.4567E-01
43469913.339918226	2.4400E-01
43993755.34891287	2.4232E-01
44521938.02947037	2.4065E-01
45055123.287045844	2.3898E-01
45593487.26855751	2.3731E-01
46137345.02222685	2.3563E-01
46688613.89353939	2.3395E-01
