           1  2.867230763840118E-012
           2  8.205023997073648E-005
           6  2.187848139752069E-011
           7  3.487959047217570E-012
           8  1.258728501419062E-009
           9  1.450358596900207E-009
          10  2.853519983620200E-010
          11  1.201434531040397E-010
          12  1.427851747217136E-010
          13  8.515727953202473E-012
          14  4.738209186309020E-010
          15  1.147285622451754E-010
          16  6.797494539355280E-010
          17  1.821948488522991E-010
          18  6.687238393320726E-010
          19  5.492664695780393E-010
          20  5.916982266975916E-010
          21  6.383440529467617E-012
          22  4.770546379436523E-011
          23  1.347726445003128E-011
          24  2.020363585790165E-011
          26  3.594302111184360E-012
          27  1.723599950119229E-012
          28  3.709023672510099E-011
          29  5.507487815350665E-012
          30  2.378366844043191E-011
          31  1.624039838872105E-011
          32  2.138363742007357E-007
          33  2.018654525164320E-007
          34  2.895231441713725E-004
          35  1.383340597991383E-003
          36  3.718861066085711E-003
          37  2.458304170774004E-004
          38  1.202142362518895E-003
          39  3.942522337087348E-004
          40  6.144926074240989E-004
          41  1.560864439952489E-006
          42  8.883083820829822E-004
          43  1.872931020047178E-004
          44  7.079072504395382E-004
          45  9.335533135173985E-005
          46  6.854663939034494E-004
          47  1.443756931322179E-004
          48  1.223304751683252E-004
          49  1.032134440283009E-006
          50  9.510924584105400E-005
          51  2.736945306593495E-005
          52  2.291136635317923E-006
          53  1.513479344364944E-007
          54  4.281701627156412E-011
