           2           4  1.308670694185596E-005
           3           7  1.271146657242938E-012
           3           9  1.606087096205474E-007
           6          12  2.763074370367444E-009
           6          13  1.813451264667320E-009
           6          14  2.296878302238265E-008
           7          14  2.750513588734566E-012
           7          15  1.228301417031939E-007
           8          16  2.074738297462162E-008
           8          17  1.064434873641081E-010
           8          18  6.914161987142421E-009
           9          19  8.115630853780489E-009
          10          20  7.123621929831275E-010
          10          22  7.332467904056212E-010
          10          24  5.026981240271839E-012
          11          23  2.506694143516091E-010
          11          24  1.393999202381508E-010
          12          24  1.383785974638086E-012
          12          25  2.215549452172182E-010
          12          26  3.077837757310745E-010
          12          27  1.914914581477614E-011
          12          28  1.961014100592134E-010
          13          27  4.541351653668333E-011
          13          29  1.536489268063170E-011
          14          28  1.467409994934914E-012
          14          29  7.222226762156027E-011
          14          30  3.082056665444218E-010
          14          31  5.909126697571748E-011
          14          32  1.481845150877205E-010
          15          31  4.492323723057328E-012
          15          33  1.180119948862213E-010
          16          34  7.158558253829566E-011
          16          35  2.198809130960139E-011
          16          36  8.664966507055610E-011
          16          37  2.528906654742419E-012
          16          38  2.370528623193617E-011
          17          37  2.150717686669798E-011
          17          38  1.423882219871098E-012
          17          39  3.141300676775144E-012
          18          40  4.953674684979466E-011
          18          41  9.191258692099140E-011
          18          42  3.486829560723212E-010
          18          43  3.315877714018654E-012
          18          44  3.660474406624920E-011
          19          41  9.578288669930408E-012
          19          43  2.407951647858735E-011
          19          44  4.451067349348713E-011
          19          45  9.035989434708400E-011
          20          44  1.516036520506617E-011
          20          45  7.858779405307932E-011
          20          46  4.946936320080284E-011
          20          47  3.135615436117426E-011
          20          48  5.093260979794554E-011
          20          49  2.238811631830206E-012
          21          49  5.390442846562958E-012
          22          50  5.711840385054246E-010
          22          51  5.233821191033803E-011
          22          52  2.371006813085914E-012
          23          51  3.039604120983859E-010
          23          52  1.327627464377473E-010
          24          52  1.334516910865421E-009
          24          53  9.822323580072569E-011
          24          54  1.099839003933261E-010
          24          55  1.229582097239845E-012
          24          56  1.171102110495090E-010
          25          55  2.915005087627500E-011
          25          56  6.513400480853798E-010
          26          56  3.253687717250601E-011
          26          57  2.037791674396468E-010
          26          58  2.659414237869027E-010
          26          59  2.287402562184796E-010
          26          60  9.513303597066338E-010
          26          61  1.684017843184199E-010
          27          61  8.964683989032565E-010
          27          62  1.346392169124308E-011
          28          61  7.066136826383832E-011
          28          62  5.252010747271732E-009
          28          63  4.590285795358313E-009
          28          64  5.493961049772991E-009
          28          65  3.618188331695320E-009
          28          66  4.158878833695157E-009
          29          65  2.864224950756216E-010
          29          66  5.808298299806947E-012
          29          67  4.741717862723874E-009
          29          69  1.942915674915469E-010
          30          66  8.891423483287340E-012
          30          67  1.431713838341045E-011
          30          68  1.724014133197416E-008
          30          69  8.033627213180673E-009
          30          70  1.876074095445798E-008
          30          71  1.437580090561052E-010
          30          72  6.866183465891194E-008
          30          74  1.142153497376994E-008
          31          69  1.336175739634379E-009
          31          71  1.202986392285420E-008
          31          72  2.809300516496727E-010
          31          73  1.511789747197789E-006
          31          74  3.653700985245355E-006
          31          75  2.235834160385059E-007
          32          72  1.940424133719275E-012
          32          73  5.849159261460348E-008
          32          74  8.374632906664956E-006
          32          75  3.779671412078575E-005
          32          76  6.369122137326012E-005
          32          77  9.276085127460986E-005
          32          78  2.601838440390614E-004
          33          75  4.484140201935398E-006
          33          76  5.173371391528095E-011
          33          77  1.565216152833824E-006
          33          78  3.382040488243829E-005
          33          79  6.952496836604227E-005
          34          77  3.852404380383108E-009
          34          78  2.248974688089160E-006
          34          79  1.683828688411236E-004
          34          80  4.859207403185178E-004
          34          81  4.014811056443295E-005
          34          82  6.936651856722869E-005
          34          83  3.429412598989708E-005
          34          84  8.139925439355414E-006
          35          81  3.189871917077572E-005
          35          82  8.714112231931107E-010
          35          83  2.164132039804886E-005
          35          84  1.913674407087147E-004
          35          85  2.600943451723240E-006
          35          86  8.537307862482004E-010
          35          87  2.449101518970181E-010
          36          82  4.221434856249289E-012
          36          83  9.545248275411921E-007
          36          84  5.849910685290455E-005
          36          85  1.004291451534083E-004
          36          86  8.425647310293174E-005
          36          87  2.673171156620784E-005
          36          88  6.934146044859078E-005
          36          89  2.487890375339572E-006
          37          85  1.485826759945187E-010
          37          87  3.993165998501316E-006
          37          88  3.504350923994837E-006
          37          89  5.009713693612434E-005
          37          90  3.746107451517242E-006
          37          91  2.064999623329247E-009
          38          88  1.255511116625977E-006
          38          89  3.671166114439504E-005
          38          90  2.099010429943838E-004
          38          91  1.275427931362927E-004
          38          92  1.820571779149474E-004
          38          93  1.974582490313514E-005
          38          94  1.769601934994955E-008
          39          89  2.622856524966458E-009
          39          90  1.182581979045333E-010
          39          91  2.316669451809773E-006
          39          92  1.340686531318331E-005
          39          93  7.027141572449017E-005
          39          94  6.430006324315700E-005
          39          95  2.189887476507300E-005
          40          91  1.469225176303779E-010
          40          92  3.726091895125019E-007
          40          93  8.301135082331235E-007
          40          94  4.642590631869382E-005
          40          95  4.219177490107313E-005
          40          96  7.571247419878383E-005
          40          97  4.916873883812516E-005
          41          95  3.028526744346805E-009
          41          97  5.212760566095866E-007
          42          97  4.310108459872980E-008
          42          98  7.650385612860591E-005
          42          99  5.532906157703562E-005
          42         100  6.431259382937874E-005
          42         101  2.962637516143626E-005
          42         102  5.081969030917904E-005
          42         103  1.064223493240385E-008
          42         104  3.895369152570047E-009
          42         105  3.199059075774718E-012
          43          99  1.571737928487488E-007
          43         101  2.263205979207284E-005
          43         102  3.988702103895853E-007
          43         103  3.874270921001629E-008
          43         104  1.079702347415760E-004
          43         105  3.511694698416894E-005
          43         106  4.652028721275628E-012
          44         100  9.615707893929876E-012
          44         101  1.207898060454056E-005
          44         102  8.759322777726932E-005
          44         103  1.731126730806445E-004
          44         104  8.248528186127520E-005
          44         105  1.070831639166989E-004
          44         106  1.652244998252539E-004
          44         107  9.198476391373894E-006
          44         108  2.645272024287106E-005
          44         109  1.856484513311914E-012
          45         103  2.899972323178884E-008
          45         105  2.745063475954129E-006
          45         106  1.546716724013485E-010
          45         107  1.115928897983995E-004
          45         108  1.734604755433730E-006
          45         109  6.520809584329672E-008
          46         105  5.369352456044105E-009
          46         106  3.195878247051235E-009
          46         107  4.841668839621069E-005
          46         108  2.873786208553328E-004
          46         109  1.414382542045226E-004
          46         110  1.566472976593295E-004
          46         111  5.071620953279457E-005
          46         112  7.338001302809848E-005
          46         113  2.517142030689448E-008
          46         114  1.708885858994947E-007
          47         109  1.662048472345787E-006
          47         111  3.140117217811948E-005
          47         112  6.530812096644505E-007
          47         113  3.026858514154554E-005
          47         114  5.590957177388411E-009
          47         115  4.704588970674511E-006
          47         116  6.324574782086688E-007
          47         117  1.563443348115367E-009
          48         110  3.375574946512302E-011
          48         111  1.811731167293336E-008
          48         112  2.049307507205488E-008
          48         113  9.473033456316236E-007
          48         114  1.745741656337945E-005
          48         115  3.474267320916124E-006
          48         116  1.096514554767133E-005
          48         117  1.074855968318735E-005
          48         118  1.778958541006379E-005
          48         119  3.160540022509549E-007
          48         120  1.065485584651132E-010
          49         115  6.656281995134971E-009
          49         117  6.751571830612247E-007
          49         118  2.952138321122240E-008
          49         119  1.011795532814919E-006
          49         120  6.877106271280568E-012
          50         117  8.644097081479426E-008
          50         118  4.508156838989250E-006
          50         119  1.873798508167636E-005
          50         120  3.498117382011091E-005
          50         121  3.701889569810618E-005
          50         122  5.607699101643009E-005
          50         123  7.741817554307207E-005
          50         124  1.999044531111165E-004
          50         125  4.253936955341513E-004
          50         126  9.182078260985780E-004
          50         127  8.948475072345177E-004
          50         128  5.498595261718547E-004
          50         129  3.245679060165799E-006
          50         130  6.987946145354523E-006
          50         131  3.457512078553266E-010
          51         121  2.499778160756898E-007
          51         122  1.851784372692769E-011
          51         123  4.743745710822179E-009
          51         125  3.522796188027627E-007
          51         126  5.374248932469477E-011
          51         127  8.554017695870919E-005
          51         128  1.170581005800279E-004
          51         129  4.780883915898101E-004
          51         130  1.142539735618924E-004
          51         131  2.455881135433334E-005
          51         132  1.671063043729170E-007
          51         133  4.413550330234749E-009
          52         125  1.411188484577318E-012
          52         127  9.058578043646166E-008
          52         128  1.301203440312428E-006
          52         129  1.621486596293446E-005
          52         130  2.666868774314102E-005
          52         131  1.141446459059572E-005
          52         132  7.133317252519043E-006
          52         133  2.579768045241237E-007
          52         134  1.602107565486987E-007
          53         127  6.395176222571688E-010
          53         129  1.194156006066534E-006
          53         130  3.148235100059544E-012
          53         131  2.870592020589150E-006
          53         132  1.250304442149058E-008
          53         133  2.721753869507087E-007
          53         134  4.529051378654459E-008
          53         135  3.275013292297712E-008
          53         136  5.300671725430056E-011
          54         131  9.810867903081448E-010
          54         132  4.207769902604261E-010
          54         133  1.206543530829476E-009
          54         134  5.458115148603796E-009
          54         135  9.327872162218384E-010
          54         136  1.278217200110280E-007
          54         137  5.943925830192985E-009
          54         138  4.288476928768194E-008
          55         135  9.722761332428193E-012
          55         137  9.752063944687582E-008
          55         138  4.375697871769276E-008
          55         139  1.930120744198490E-009
          56         138  9.172898593747474E-009
          56         139  3.891749882903464E-009
          56         140  8.857170639986296E-009
          56         141  2.088610717524347E-009
          56         142  6.342266305289339E-010
          57         139  3.144098765066892E-010
          57         140  4.925921074428501E-012
          57         141  1.691317350651715E-009
          57         142  1.141374885800039E-009
          57         143  2.146227936933144E-010
          58         141  4.483294351957646E-011
          58         142  8.790564068751737E-011
          58         143  2.573044752168780E-010
          58         144  3.118220752182533E-009
          58         145  7.341425208273566E-011
          58         146  2.499779695924880E-009
          59         145  2.508049885166028E-009
          59         146  2.528298399677114E-009
          59         147  2.001970222176669E-009
          59         148  6.346711698477310E-011
          59         149  1.648372142382974E-011
          60         145  5.895463476122380E-011
          60         146  7.552983638311155E-010
          60         147  2.355976842973428E-009
          60         148  4.910027267430274E-009
          60         149  2.053780486498769E-009
          60         150  2.137577697117386E-009
          60         151  5.099331827746735E-010
          60         152  8.217163684332102E-010
          61         149  1.907797108974523E-010
          61         151  7.339247437370267E-010
          61         152  3.832032699403086E-010
          61         153  1.551549317665684E-010
          61         154  3.292085198072412E-011
          62         151  2.795685505522223E-012
          62         152  1.024555886365059E-009
          62         153  1.045583295714369E-009
          62         154  1.789067082207747E-009
          62         155  6.106749275727144E-010
          62         156  8.173688955606603E-010
          62         157  1.404752317426963E-010
          62         158  9.583139048089778E-011
          63         153  2.745213146767202E-012
          63         155  3.724545298994513E-010
          63         156  1.624261751539277E-011
          63         157  4.253196752535330E-010
          63         158  6.043936768304352E-010
          63         159  2.518913666762337E-010
          64         157  3.281391820572483E-012
          64         158  1.083234106039886E-010
          64         159  2.162068062080636E-010
          64         160  5.208242413746481E-010
          64         161  1.230035051050665E-011
          64         162  8.607559836079963E-011
          65         159  1.230907454957764E-012
          65         161  2.238994066234556E-010
          65         162  1.040622521430591E-010
          65         163  1.097805747422567E-010
          65         164  6.587731500538776E-012
          66         162  1.274592115031473E-010
          66         163  7.516265930278257E-011
          66         164  2.008126563701346E-010
          66         165  8.011231070692593E-011
          66         166  6.605499345020334E-011
          66         167  3.851387883071979E-012
          66         168  9.429240389430793E-012
          67         165  5.455758489808904E-012
          67         167  1.817057219635602E-011
          67         168  4.496747940312255E-012
          67         169  1.474812104607460E-012
          68         168  2.039725864567604E-011
          68         169  1.239171699873582E-011
          68         170  1.776883588513456E-011
          68         171  8.153128931994151E-012
          68         172  8.867900900421955E-012
          69         173  4.349864828083238E-012
          69         174  1.246549588607733E-012
          69         175  1.616296952044205E-012
          70         174  4.045990844455180E-012
          70         175  1.543361615338329E-012
          70         176  2.688942148368817E-012
          70         177  1.491367570468739E-012
          70         178  1.803346230749779E-012
          72         180  1.351351285502181E-012
          72         182  1.255033125065891E-012
          72         184  1.774106579648125E-012
          73         186  1.237752706217226E-012
          74         186  1.584945496829811E-012
          74         188  1.506026851503650E-012
          74         190  1.114831145735989E-012
          76         192  1.195228345996775E-012
