           1           1  1.792346673039804E-012
           2           4  7.303631779728454E-004
           6          12  1.293844763319073E-012
           8          18  2.522194025144340E-009
           9          19  2.994827370799031E-009
          10          20  5.414418451627384E-012
          10          22  5.694693036502302E-010
          11          23  1.033782574329486E-011
          12          24  9.872288227097237E-011
          12          25  9.779516660712706E-011
          12          26  3.047353906819960E-010
          12          27  4.948016082196305E-012
          12          28  9.186216657680917E-011
          13          27  1.176047081123948E-011
          13          29  1.991827335408802E-012
          14          28  1.709992482759165E-012
          14          29  1.145879808043677E-011
          14          30  1.708877137898225E-010
          14          31  2.387193165486713E-011
          14          32  3.876315701298138E-011
          15          31  1.815357294986479E-012
          15          33  2.857297762405095E-011
          16          34  1.938972764731909E-010
          16          35  1.097336081290869E-010
          16          36  7.000672336441019E-010
          16          37  7.618623466981866E-011
          16          38  7.571415509422635E-010
          17          37  6.482652058021234E-010
          17          38  4.549589814306644E-011
          17          39  1.233312491500772E-010
          18          38  7.581333285693986E-012
          18          39  2.757174161625106E-011
          18          40  3.621039458324178E-010
          18          41  5.171556356043897E-010
          18          42  5.897881834152005E-010
          18          43  4.867716053324718E-010
          18          44  5.737597433078848E-009
          19          41  5.389327816415474E-011
          19          43  3.539945411947835E-009
          19          44  6.977158378396591E-009
          19          45  6.820392020138620E-009
          19          46  3.198255941799200E-012
          20          43  2.043819495520610E-011
          20          44  2.376234128048356E-009
          20          45  5.932770036996483E-009
          20          46  1.732140871548069E-009
          20          47  6.645885893144843E-009
          20          48  1.516995962218289E-008
          20          49  2.178032370302214E-010
          21          47  1.144615261832247E-011
          21          49  5.241511427053624E-010
          21          50  3.059673806619385E-012
          22          49  6.779794404130117E-011
          22          50  1.806802764672225E-009
          22          51  9.853719068225539E-011
          22          52  1.443261120851165E-012
          23          51  5.717739364646348E-010
          23          52  8.098971374959640E-011
          23          53  6.638921506827570E-012
          24          52  8.148438493087552E-010
          24          53  5.631352715983254E-009
          24          54  1.828133062641322E-009
          24          55  2.124467208743007E-012
          24          56  1.241367404438474E-011
          25          55  5.021318253982853E-011
          25          56  6.906100348615718E-011
          26          56  3.449848379616658E-012
          26          57  1.163669734811171E-011
          26          58  5.972088021504148E-011
          26          59  4.763737832154403E-010
          26          60  2.932892150382333E-010
          26          61  3.837293896682537E-011
          27          61  2.043329230837901E-010
          27          62  4.602744521239483E-012
          28          61  1.610607387569306E-011
          28          62  1.799501920221691E-009
          28          63  4.742702074052215E-010
          28          64  6.972176033678840E-010
          28          65  1.091831432691762E-009
          28          66  8.103363044071665E-010
          29          65  8.642789284376320E-011
          29          66  1.134396713294765E-012
          29          67  6.099597346692277E-010
          29          69  4.794539338273544E-012
          30          66  1.749366902540440E-012
          30          67  1.841505557724270E-012
          30          68  2.068212088916564E-009
          30          69  1.996222243471935E-010
          30          70  2.892739213422240E-010
          30          71  4.294692467294847E-012
          30          72  5.044604598324046E-010
          30          74  1.064268969747565E-012
          31          69  3.325479090678099E-011
          31          71  3.597270042911539E-010
          31          72  2.261479640227115E-012
          31          73  2.118914975511541E-009
          31          74  3.415514941437692E-010
          31          75  4.368776481087457E-012
          32          73  8.197015859338304E-011
          32          74  7.831602427705270E-010
          32          75  7.392442926907770E-010
          32          76  2.774219852467871E-009
          32          77  7.997487027393648E-009
          32          78  1.292865654926857E-008
          33          75  8.769853912095045E-011
          33          77  1.349425274161702E-010
          33          78  1.680134922929651E-009
          33          79  4.254688679120800E-009
          34          78  1.116925506534205E-010
          34          79  1.031459148933855E-008
          34          80  5.904057103115605E-006
          34          81  2.281126317900009E-005
          34          82  5.449894564607694E-006
          34          83  4.224515198306380E-005
          34          84  2.525825677100675E-005
          34          85  1.280117013494781E-012
          35          81  1.812974767391306E-005
          35          82  3.507868925400814E-009
          35          83  2.670951171486501E-005
          35          84  5.937398653101832E-004
          35          85  5.887082955887404E-006
          35          86  2.997349345539003E-009
          35          87  4.396894298347064E-009
          36          82  1.592398276448393E-011
          36          83  1.179858434703906E-006
          36          84  1.814546831361893E-004
          36          85  2.275860778021111E-004
          36          86  3.102935939663256E-004
          36          87  4.179604924849334E-004
          36          88  1.865742836742305E-004
          36          89  5.555420909185899E-006
          36          90  2.680255249897540E-012
          37          85  3.367603258898040E-010
          37          87  6.183278276437971E-005
          37          88  9.428079553707353E-006
          37          89  1.120509149680628E-004
          37          90  1.159064888746764E-005
          37          91  1.719367170366320E-008
          38          88  3.376873396568624E-006
          38          89  8.215736678288811E-005
          38          90  6.516322749939908E-004
          38          91  1.069242348962127E-003
          38          92  9.836396590763260E-004
          38          93  5.816133022409462E-005
          38          94  1.061197243679164E-007
          39          89  5.871317214436430E-009
          39          90  3.673995192618537E-010
          39          91  1.942416679357275E-005
          39          92  7.242902938211730E-005
          39          93  2.073838963525193E-004
          39          94  3.865788779064470E-004
          39          95  1.236256081978783E-004
          40          91  1.231902663903187E-009
          40          92  2.012664115525549E-006
          40          93  2.452274644938419E-006
          40          94  2.791450804031711E-004
          40          95  2.381222518026816E-004
          40          96  2.912426788113422E-004
          40          97  1.853976592041181E-004
          40          98  4.038521816815047E-012
          41          95  1.708804095149729E-008
          41          97  1.965336560361367E-006
          42          95  1.396411916231275E-012
          42          97  1.624663656836083E-007
          42          98  3.989900009107897E-004
          42          99  4.494060943604159E-004
          42         100  4.930560033875675E-004
          42         101  1.024048428892349E-004
          42         102  7.080209053084133E-005
          42         103  1.108728634441812E-008
          42         104  3.966771655198163E-009
          42         105  4.255914288128427E-012
          43          99  1.276512016118812E-006
          43         101  7.821309243361709E-005
          43         102  5.557069691736941E-007
          43         103  4.035696878195081E-008
          43         104  1.104392472310312E-004
          43         105  4.758414170566150E-005
          43         106  9.376072113503051E-012
          44         100  4.193152041937757E-010
          44         101  4.172837968674673E-005
          44         102  1.220311035013885E-004
          44         103  1.805891847819872E-004
          44         104  8.462850279170087E-005
          44         105  1.450601016863161E-004
          44         106  2.583004069207878E-004
          44         107  8.091932099783634E-006
          44         108  1.727791421711409E-005
          44         109  1.526372142260360E-012
          45         103  3.024721576678010E-008
          45         105  3.717498500752876E-006
          45         106  2.419609158120839E-010
          45         107  9.809867697031666E-005
          45         108  1.132979826611214E-006
          45         109  4.065729432612809E-008
          46         104  3.193870677849618E-012
          46         105  7.268821194609365E-009
          46         106  5.263542381824786E-009
          46         107  4.253723644821003E-005
          46         108  1.876182216786368E-004
          46         109  8.806937241244015E-005
          46         110  1.667711703510823E-004
          46         111  6.651010017204075E-005
          46         112  1.110304283902084E-004
          46         113  3.612496851035465E-008
          46         114  2.122197860033393E-007
          47         109  1.034429271742184E-006
          47         111  4.116193793207477E-005
          47         112  1.009032484671736E-006
          47         113  4.322456671185697E-005
          47         114  6.943334178904455E-009
          47         115  4.746385571711223E-006
          47         116  4.898520893748402E-007
          47         117  1.012756023901798E-009
          48         110  1.913048630934357E-010
          48         111  2.373835561563759E-008
          48         112  3.212393746833845E-008
          48         113  1.351731802249565E-006
          48         114  2.174677687846714E-005
          48         115  3.522124108998834E-006
          48         116  8.489771500889630E-006
          48         117  6.929443350805442E-006
          48         118  7.759475422319312E-006
          48         119  9.144738577151122E-008
          48         120  1.948666697027553E-011
          49         115  6.769288145047671E-009
          49         117  4.350302535666798E-007
          49         118  1.287666193219979E-008
          49         119  2.927584266000031E-007
          49         120  1.258249524771156E-012
          50         117  5.566194369507580E-008
          50         118  1.965512262724632E-006
          50         119  5.419419066608147E-006
          50         120  6.381323122426947E-006
          50         121  4.096506735447901E-006
          50         122  3.356916989357024E-006
          50         123  1.970408551088003E-006
          50         124  1.608623158889166E-006
          50         125  3.210199847289051E-006
          50         126  8.959924961671778E-006
          50         127  9.090190836789364E-006
          50         128  6.302703363104482E-006
          50         129  3.872068297531608E-008
          50         130  9.288433595344285E-008
          50         131  3.078921466755073E-012
          51         121  2.765253472251465E-008
          51         122  1.454519519757515E-011
          51         123  1.207475585986076E-010
          51         125  2.658092798710370E-009
          51         126  1.207873282406014E-012
          51         127  8.688868916983967E-007
          51         128  1.341788999022220E-006
          51         129  5.711462573194393E-006
          51         130  1.520270564522365E-006
          51         131  2.204601753954066E-007
          51         132  1.800726348465373E-010
          52         127  9.199754168631322E-010
          52         128  1.491411167378164E-008
          52         129  1.937126318284501E-007
          52         130  3.549417478412330E-007
          52         131  1.024825561391264E-007
          52         132  7.736925050354343E-009
          52         133  1.017283728887272E-011
          52         134  2.887368022590029E-012
          53         127  6.493005165665485E-012
          53         129  1.426430659611197E-008
          53         131  2.577394603313364E-008
          53         132  1.405616864355914E-011
          53         133  1.072706434540216E-011
          54         131  8.808039294313342E-012
