           2           4  3.050025893156080E-006
           3           7  2.985581094898346E-012
           3           9  1.484623396029948E-012
           6          14  2.219721494161294E-010
           7          14  1.546797850317617E-012
           7          15  1.173956890514983E-010
           8          16  5.313717207846609E-012
           8          18  3.017696355161329E-011
           9          19  1.684455410261376E-011
          10          20  4.541084943868402E-012
          10          21  1.941569707360886E-012
          10          22  2.733182910048554E-012
          11          23  6.300633012956919E-012
          11          24  4.914658638970145E-012
          12          26  1.580638765149252E-011
          12          28  1.491966376595715E-012
          13          27  2.021406818899814E-012
          14          29  1.107538997175275E-012
          14          30  3.008837948877209E-012
          14          32  2.173241273750919E-012
          15          33  1.116324029443699E-012
          16          34  2.132316538290325E-012
          16          36  1.399712481090251E-012
          18          42  1.256264995609992E-012
          20          47  3.042413599789666E-010
          20          48  2.582405951010492E-009
          20          49  1.262333364295814E-010
          21          49  3.037736037636002E-010
          21          50  7.170652264127211E-012
          22          49  3.928136735649332E-011
          22          50  4.240049626601248E-009
          22          51  1.920586968520538E-010
          23          51  1.113702141596808E-009
          23          52  5.279528893510567E-011
          23          53  6.557283348083600E-012
          24          52  5.310654975995563E-010
          24          53  5.567509676447666E-009
          24          54  8.225275516747598E-010
          24          55  1.690569792169884E-012
          24          56  2.059670859319331E-010
          25          55  3.997760730612511E-011
          25          56  1.145085882187991E-009
          26          56  5.716512045824427E-011
          26          57  3.682396543701138E-010
          26          58  1.539741551850599E-009
          26          59  5.748433977075606E-009
          26          60  2.719995551119552E-008
          26          61  8.459814460385677E-009
          26          62  2.468027057557606E-011
          27          59  1.027249993372792E-012
          27          61  4.502885383438319E-008
          27          62  1.006341744417442E-009
          28          61  3.547434690091265E-009
          28          62  3.933934129577783E-007
          28          63  1.259301661222885E-007
          28          64  1.871014419610949E-007
          28          65  2.460176438665921E-007
          28          66  4.417457422180517E-007
          29          65  1.946544569349086E-008
          29          66  6.176073402913935E-010
          29          67  4.937366174227007E-007
          29          69  5.244629408726221E-009
          30          66  9.485791365981696E-010
          30          67  1.489904435338979E-009
          30          68  1.669570057376798E-006
          30          69  2.188138154860625E-007
          30          70  3.448167905536924E-007
          30          71  2.859110666465760E-009
          30          72  6.168995448251305E-007
          30          74  3.812857523555720E-009
          31          69  3.646296448402209E-008
          31          70  2.672142769964146E-012
          31          71  2.394037363392974E-007
          31          72  2.710940789710170E-009
          31          73  3.174679400737791E-006
          31          74  1.223860562763498E-006
          31          75  3.594808657306983E-008
          32          70  1.519460956947210E-012
          32          72  1.978611399088064E-011
          32          73  1.227634173299089E-007
          32          74  2.803834040957104E-006
          32          75  6.086684475164687E-006
          32          76  3.065353584208069E-005
          32          77  1.076102818094203E-004
          32          78  2.912004327073126E-004
          33          75  7.217548859724137E-007
          33          76  7.943429693376334E-011
          33          77  1.814936961154448E-006
          33          78  3.782329789955776E-005
          33          79  5.833131728261691E-005
          33          80  1.079268947728999E-012
          33          81  4.539241519785722E-012
          34          77  4.463864991068453E-009
          34          78  2.512666909751647E-006
          34          79  1.411655290262983E-004
          34          80  1.185469027633299E-003
          34          81  2.958548470791375E-004
          34          82  3.504392421437827E-004
          34          83  6.873408492655354E-005
          34          84  2.805835290141053E-005
          34          85  3.782650059976540E-012
          35          81  2.349921670067242E-004
          35          82  6.064704953010770E-008
          35          83  4.333477396428097E-005
          35          84  6.644563135458509E-004
          35          85  1.779426132624690E-005
          35          86  5.607591333075793E-009
          35          87  3.677164791542984E-009
          36          82  2.877051899948218E-010
          36          83  1.909220524945477E-006
          36          84  2.036033601244117E-004
          36          85  6.878887237405899E-004
          36          86  5.687543989260911E-004
          36          87  3.920325979273593E-004
          36          88  7.937810160816296E-004
          36          89  5.074173660601467E-006
          37          85  1.017388170595219E-009
          37          87  5.840792435244215E-005
          37          88  4.009969550819146E-005
          37          89  1.013939978610476E-004
          37          90  2.214817725110776E-006
          37          91  3.613537847113877E-009
          38          88  1.435375203477113E-005
          38          89  7.395346519603769E-005
          38          90  1.245008098327733E-004
          38          91  2.258428735136660E-004
          38          92  2.467032882839874E-004
          38          93  2.852313313532035E-005
          38          94  2.762397204602195E-008
          39          89  5.263194320342474E-009
          39          90  7.017964488612011E-011
          39          91  4.100919734253710E-006
          39          92  1.815772190679521E-005
          39          93  1.014774394131325E-004
          39          94  1.005484584201379E-004
          39          95  4.918244854960158E-005
          40          91  2.599252310721788E-010
          40          92  5.042661762129176E-007
          40          93  1.198052533326307E-006
          40          94  7.253790183149306E-005
          40          95  9.467876488213758E-005
          40          96  1.538124802333467E-004
          40          97  1.097932609688899E-004
          40          98  2.137409306431375E-012
          41          95  6.789914478338368E-009
          41          97  1.162853474972138E-006
          42          97  9.601888714137808E-008
          42          98  1.334654749939135E-004
          42          99  1.194038391146613E-004
          42         100  1.837233538101622E-004
          42         101  5.193415789146652E-005
          42         102  4.973079525912745E-005
          42         103  6.086839310530454E-009
          42         104  2.343669584967668E-009
          42         105  2.531014323836177E-012
          43          99  3.388473078103382E-007
          43         101  3.963919426653840E-005
          43         102  3.903238678809433E-007
          43         103  2.215556962654282E-008
          43         104  6.520231720393523E-005
          43         105  2.888639260064062E-005
          43         106  6.602049266865855E-012
          44         100  1.992593633663267E-010
          44         101  2.112436348761329E-005
          44         102  8.558171764974487E-005
          44         103  9.872966123814067E-005
          44         104  5.003131899114646E-005
          44         105  8.798397015927768E-005
          44         106  1.939663900136750E-004
          44         107  6.988753452544505E-006
          44         108  1.691406260042036E-005
          44         109  1.466183173551520E-012
          45         103  1.651511004397485E-008
          45         105  2.252895397932489E-006
          45         106  1.816789302797478E-010
          45         107  8.449465628309434E-005
          45         108  1.109120523357167E-006
          45         109  3.915678980541924E-008
          46         104  2.450474467187239E-012
          46         105  4.400748739904918E-009
          46         106  3.975235528978421E-009
          46         107  3.656819111642613E-005
          46         108  1.830561866261642E-004
          46         109  8.421141910832148E-005
          46         110  1.891787279158767E-004
          46         111  8.647608561991474E-005
          46         112  1.928369880773916E-004
          46         113  9.009239674284452E-008
          46         114  9.235386297778009E-007
          47         109  9.874248489700600E-007
          47         111  5.342736188237736E-005
          47         112  1.773219705455472E-006
          47         113  1.071850420258563E-004
          47         114  3.021574247189582E-008
          47         115  2.041166303788917E-005
          47         116  1.901222490126535E-006
          47         117  2.551115794935006E-009
          48         110  2.715253986676221E-010
          48         111  3.076228030092406E-008
          48         112  5.705790119451984E-008
          48         113  3.346377228926072E-006
          48         114  9.425977569645547E-005
          48         115  1.523227021865031E-005
          48         116  3.284034780061477E-005
          48         117  1.718491368124726E-005
          48         118  1.743513574816805E-005
          48         119  2.158457534205560E-007
          48         120  4.548691119634801E-011
          49         115  2.939785214426209E-008
          49         117  1.076750171285578E-006
          49         118  2.893318652896143E-008
          49         119  6.908113235618224E-007
          49         120  2.936951374235925E-012
          50         116  4.220624257886073E-012
          50         117  1.374573818930030E-007
          50         118  4.409991764449058E-006
          50         119  1.275262578525760E-005
          50         120  1.480932852399362E-005
          50         121  1.195254987033753E-005
          50         122  1.456150004912766E-005
          50         123  1.000992698580464E-005
          50         124  9.255344201692725E-006
          50         125  1.664413839894211E-005
          50         126  5.234992274365669E-005
          50         127  8.083730871373654E-005
          50         128  7.732293467399437E-005
          50         129  7.888287346349470E-007
          50         130  3.288001566091839E-006
          50         131  2.039832127942194E-010
          51         121  8.061352394147394E-008
          51         122  6.422284955341536E-011
          51         123  6.132883932348440E-010
          51         125  1.377191042254602E-008
          51         126  1.125477131266721E-011
          51         127  7.722754459437961E-006
          51         128  1.645326964058181E-005
          51         129  1.163773624259099E-004
          51         130  5.380277721384863E-005
          51         131  1.469975040223036E-005
          51         132  2.131766557817353E-008
          51         133  9.638195952707430E-011
          52         127  8.171334158881927E-009
          52         128  1.827650114554922E-007
          52         129  3.945443885007148E-006
          52         130  1.255537291366092E-005
          52         131  6.831321291319707E-006
          52         132  9.176356384084978E-007
          52         133  5.675191599717839E-009
          52         134  1.350160618769682E-008
          53         127  5.762359185595743E-011
          53         129  2.903405191670615E-007
          53         130  8.328969601300871E-012
          53         131  1.717077120499732E-006
          53         132  1.642011945154998E-009
          53         133  5.998663783481666E-009
          53         134  3.815579176868565E-009
          53         135  2.946181379170515E-010
          54         131  5.863762509226407E-010
          54         132  5.634821974770084E-011
          54         133  2.661565794416802E-011
          54         134  4.595427039137604E-010
          54         135  8.387225759172172E-012
          54         136  1.322726076359718E-011
          54         138  3.167517723973091E-012
          55         137  1.503544632188284E-012
          55         138  3.232215776382943E-012
