           1  4.038308564774988E-012
           2  1.814914690016563E-003
           6  4.043610159068578E-011
           8  2.433752109435114E-012
          10  1.551050028952729E-012
          14  1.742436857171528E-012
          16  2.826101370932101E-011
          18  7.714318495859823E-011
          19  8.523015702142627E-012
          20  4.878835081159655E-010
          21  8.542349349637265E-012
          22  3.780211395350822E-009
          23  2.012735674926545E-011
          24  4.135326859485681E-010
          25  6.700673012211998E-010
          26  3.891884433652309E-009
          27  3.726880961102095E-010
          28  1.074957570252914E-008
          29  1.722322804256490E-009
          30  1.589689555205178E-008
          31  6.582525384692746E-009
          32  7.027492194757817E-008
          33  8.932321484774960E-009
          34  2.633387343361864E-004
          35  2.495234036787058E-004
          36  5.344665930856377E-003
          37  5.280450580186888E-004
          38  2.942611989669349E-003
          39  1.665735790724891E-004
          40  4.973234623128606E-004
          41  1.668845247952929E-006
          42  5.474523026153502E-004
          43  1.077964755611535E-004
          44  3.532355096612314E-004
          45  1.049191501915885E-005
          46  4.611349928732891E-005
          47  3.415016792180729E-006
          48  2.761380375757761E-006
          49  2.036263774369752E-008
          50  4.023440090859836E-007
          51  4.242718252806880E-008
          52  4.345220025351833E-009
          53  2.925607060485300E-010
