           2  1.308670694185596E-005
           3  1.606099807672047E-007
           6  2.754530865741742E-008
           7  1.228328922167827E-007
           8  2.776798844912815E-008
           9  8.115630853780489E-009
          10  1.450635964629021E-009
          11  3.900693345897599E-010
          12  7.459730627969202E-010
          13  6.077840921731503E-011
          14  5.891711262243549E-010
          15  1.225043186092786E-010
          16  2.064575318051317E-010
          17  2.607235976334422E-011
          18  5.300529116233751E-010
          19  1.685283729890889E-010
          20  2.277450982498983E-010
          21  5.390442846562958E-012
          22  6.258932572288485E-010
          23  4.367231585361332E-010
          24  1.661063840206221E-009
          25  6.804900989616548E-010
          26  1.850729868642589E-009
          27  9.099323205944996E-010
          28  2.318398612605736E-008
          29  5.228240223590849E-009
          30  1.242848457032175E-007
          31  5.402721118195789E-006
          32  4.628657572474209E-004
          33  1.093947813369637E-004
          34  8.085051168130251E-004
          35  2.475103937814239E-004
          36  3.427003165483588E-004
          37  6.134297489243707E-005
          38  5.772317072291301E-004
          39  1.721966296124361E-004
          40  2.147017638769392E-004
          41  5.243045833539334E-007
          42  2.766492188933783E-004
          43  1.663140328822948E-004
          44  6.632290351721197E-004
          45  1.161669205205349E-004
          46  7.581817089131982E-004
          47  6.932908785108392E-005
          48  6.173708256415355E-005
          49  1.723137258188772E-006
          50  3.227274798076146E-003
          51  8.202780473403983E-004
          52  6.324131374220045E-005
          53  4.428162777312017E-006
          54  1.856497248051266E-007
          55  1.432174616700995E-007
          56  2.464465646469051E-008
          57  3.366650827726186E-009
          58  6.081457759614120E-009
          59  7.118269345428414E-009
          60  1.360326484382008E-008
          61  1.495983508322080E-009
          62  5.526352395149668E-009
          63  1.673047079321813E-009
          64  9.470117988785790E-010
          65  4.455608724642680E-010
          66  5.628824596056965E-010
          67  2.959789073108463E-011
          68  6.757884136196254E-011
          69  7.212711368735175E-012
          70  1.157300840938084E-011
          72  4.380490990216197E-012
          73  1.237752706217226E-012
          74  4.205803494069450E-012
          76  1.195228345996775E-012
