           2  7.864026469505833E-006
           3  1.645702474675776E-009
           6  9.119558259039938E-009
           7  2.094863509061527E-008
           8  4.755676821029527E-009
           9  2.606294667809779E-009
          10  1.643448989678379E-009
          11  1.260411317880489E-009
          12  1.640510140486140E-009
          13  1.889036688838119E-010
          14  7.110960263118988E-010
          15  1.178663367137820E-010
          16  3.470212311646162E-010
          17  4.000028551946452E-011
          18  2.769397789250440E-010
          19  1.599659594508921E-010
          20  1.991369412226757E-009
          21  2.590039595850789E-010
          22  2.063404266328409E-008
          23  5.900059617910901E-009
          24  1.551902553391792E-008
          25  1.469270023950902E-009
          26  1.383495295218417E-008
          27  7.557218521657906E-009
          28  1.962158122898158E-007
          29  5.762772640397684E-008
          30  6.254349877799397E-007
          31  3.125431603619212E-006
          32  8.659764461076668E-004
          33  1.622803199301919E-004
          34  2.826576497312190E-003
          35  5.602198746444106E-004
          36  1.172704661612845E-003
          37  1.140536491748382E-004
          38  3.409584321016360E-004
          39  1.743657301831617E-004
          40  2.756124106903664E-004
          41  7.448664301543164E-007
          42  3.089446285254070E-004
          43  1.030418867218741E-004
          44  5.048256606598934E-004
          45  9.587010895912851E-005
          46  8.287595073028112E-004
          47  1.637947803025418E-004
          48  1.399883384477027E-004
          49  1.814302656186748E-006
          50  8.466903605196037E-004
          51  8.275831084836018E-004
          52  1.097881391883683E-004
          53  1.001496230472270E-005
          54  2.623982426383559E-008
          55  1.023766486081656E-009
          56  8.023000264215444E-010
          57  3.100036186272438E-010
          58  1.702972193804169E-010
          59  1.859708319002098E-010
          60  5.167091875359239E-010
          61  4.634311130294687E-011
          62  1.659128997741036E-010
          63  5.039699292094499E-011
          64  3.261697971156699E-011
          65  1.677010333309311E-011
          66  1.666352439186303E-011
