           1           1  2.867230763840118E-012
           2           4  8.205023997073648E-005
           6          14  2.187848139752069E-011
           7          15  3.487959047217570E-012
           8          16  2.669582511186628E-012
           8          18  1.256058918907875E-009
           9          19  1.450358596900207E-009
          10          20  8.496806770034642E-012
          10          22  2.753140317303588E-010
          10          24  1.541159861626628E-012
          11          23  7.772247830469041E-011
          11          24  4.242097479934930E-011
          12          24  8.921303909676200E-012
          12          25  8.194252967856709E-012
          12          26  7.919426582805508E-011
          12          27  2.800868018965078E-012
          12          28  4.367448399716053E-011
          13          27  6.646617410841756E-012
          13          29  1.869110542360717E-012
          14          29  8.823587148866394E-012
          14          30  1.448447090170323E-010
          14          31  4.451295820719502E-011
          14          32  2.756396642578083E-010
          15          31  3.384022029091831E-012
          15          33  1.113445402160836E-010
          16          34  2.366600201849728E-010
          16          35  4.422004361294970E-011
          16          36  2.220140854682467E-010
          16          37  1.669716424900889E-011
          16          38  1.601581404203500E-010
          17          37  1.420476980915427E-010
          17          38  9.630763980154540E-012
          17          39  3.051638678060187E-011
          18          38  1.606029240936228E-012
          18          39  6.821101703141203E-012
          18          40  9.603169996832026E-011
          18          41  1.408474717172165E-010
          18          42  2.307829123425580E-010
          18          43  1.649009213265203E-011
          18          44  1.761445322272484E-010
          19          41  1.467578423387434E-011
          19          43  1.198573559155217E-010
          19          44  2.141574614044842E-010
          19          45  2.005758680241592E-010
          20          44  7.291648245271550E-011
          20          45  1.744533181757031E-010
          20          46  1.082267923065519E-010
          20          47  7.879661959174991E-011
          20          48  1.546524265519517E-010
          20          49  2.652587618919644E-012
          21          49  6.383440529467617E-012
          22          50  4.538191820695493E-011
          22          51  2.323545587410299E-012
          23          51  1.347726445003128E-011
          24          52  4.603905207267310E-012
          24          53  1.157975632073054E-011
          24          54  4.019974329903807E-012
          26          59  1.822333363949168E-012
          26          60  1.771968747235192E-012
          27          61  1.723599950119229E-012
          28          62  1.359544397295141E-011
          28          63  3.942741495093600E-012
          28          64  5.447242646752822E-012
          28          65  6.702732472833662E-012
          28          66  7.402076137469495E-012
          29          67  5.507487815350665E-012
          30          68  1.646871093077904E-011
          30          69  1.965486349736025E-012
          30          70  2.498119445085795E-012
          30          72  2.851351714831049E-012
          31          71  1.721175462552522E-012
          31          73  1.217190687659185E-011
          31          74  2.347316049576681E-012
          32          74  5.381732045620708E-012
          32          75  6.418711063118193E-012
          32          76  1.686316879891797E-009
          32          77  8.394916480982459E-009
          32          78  2.037433403967527E-007
          33          77  1.416009953121126E-010
          33          78  2.646427194959861E-008
          33          79  1.752581781012842E-007
          33          81  1.401470237128340E-012
          34          78  1.758376487088394E-009
          34          79  4.247513552793039E-007
          34          80  4.565145057358858E-005
          34          81  9.001497463731043E-005
          34          82  4.930261920166971E-005
          34          83  5.103964831694123E-005
          34          84  5.308793591874215E-005
          34          85  5.791353974240453E-012
          35          81  7.151149529896830E-005
          35          82  2.602866537284605E-008
          35          83  3.224683428513532E-005
          35          84  1.252655702713871E-003
          35          85  2.688571430811186E-005
          35          86  9.531738470020144E-009
          35          87  5.290981454285614E-009
          36          82  1.222216200230910E-010
          36          83  1.423475219919167E-006
          36          84  3.833871887533926E-004
          36          85  1.039477253286249E-003
          36          86  9.590043178425667E-004
          36          87  5.393324179142272E-004
          36          88  7.901214488810332E-004
          36          89  6.114841966703409E-006
          37          85  1.537897092943704E-009
          37          87  8.015787106581324E-005
          37          88  3.992266519406529E-005
          37          89  1.222263854861286E-004
          37          90  3.515007207998971E-006
          37          91  6.950226301463885E-009
          38          88  1.429645448358472E-005
          38          89  8.919220936128082E-005
          38          90  1.975576010210987E-004
          38          91  4.327570064373172E-004
          38          92  4.342381310421342E-004
          38          93  3.405766945146209E-005
          38          94  4.329072201711711E-008
          39          89  6.351163724251753E-009
          39          90  1.113918386997068E-010
          39          91  7.860227001181604E-006
          39          92  3.195900774120274E-005
          39          93  1.212144621993609E-004
          39          94  1.570029087904818E-004
          39          95  7.620916542094471E-005
          40          91  4.983900711575761E-010
          40          92  8.876237465934695E-007
          40          93  1.431636266354497E-006
          40          94  1.132793681400913E-004
          40          95  1.467071496697634E-004
          40          96  2.058031106313376E-004
          40          97  1.463832166396333E-004
          40          98  3.940254213797467E-012
          41          95  1.052303351352315E-008
          41          97  1.550341406438965E-006
          42          97  1.280252092808892E-007
          42          98  2.088485614893070E-004
          42          99  2.050985327237208E-004
          42         100  3.106086923603402E-004
          42         101  8.517328178788089E-005
          42         102  7.844001084756727E-005
          42         103  8.224008917949130E-009
          42         104  3.050417989699274E-009
          42         105  3.237977372862882E-012
          43          99  5.820908562118535E-007
          43         101  6.500450276015430E-005
          43         102  6.156549944275406E-007
          43         103  2.991522934121169E-008
          43         104  8.462555585332002E-005
          43         105  3.643537423051813E-005
          43         106  8.080744783936222E-012
          44         100  4.012113508496208E-010
          44         101  3.464562876310073E-005
          44         102  1.350116619901187E-004
          44         103  1.324364707941614E-004
          44         104  6.504057370968108E-005
          44         105  1.109605639762355E-004
          44         106  2.050528435737846E-004
          44         107  7.391138183557228E-006
          44         108  1.736796667573831E-005
          44         109  1.561809823007237E-012
          45         103  2.215149298366931E-008
          45         105  2.841527054988081E-006
          45         106  1.921247721357741E-010
          45         107  8.931651720384247E-005
          45         108  1.138885339727602E-006
          45         109  3.605813542589811E-008
          46         104  3.901750819521606E-012
          46         105  5.551945281418430E-009
          46         106  4.313851940516241E-009
          46         107  3.865750436203597E-005
          46         108  1.879333862586882E-004
          46         109  7.708431917562936E-005
          46         110  1.559179871301465E-004
          46         111  6.912507431433289E-005
          46         112  1.559641874594987E-004
          46         113  7.205910099623399E-008
          46         114  7.020064031488461E-007
          47         109  9.036482804937869E-007
          47         111  4.270662166314657E-005
          47         112  1.437908414205671E-006
          47         113  8.538157288815105E-005
          47         114  2.296790548392882E-008
          47         115  1.282088826407897E-005
          47         116  1.100687151358614E-006
          47         117  1.398565299276964E-009
          48         110  2.829629448915880E-010
          48         111  2.459267747339112E-008
          48         112  4.633723909322899E-008
          48         113  2.665377996303752E-006
          48         114  7.159655559743157E-005
          48         115  9.612220261232173E-006
          48         116  1.899154899490666E-005
          48         117  9.336379541754887E-006
          48         118  9.928299753646493E-006
          48         119  1.288532706444072E-007
          48         120  2.687289368391873E-011
          49         115  1.861418226491389E-008
          49         117  5.848266145946128E-007
          49         118  1.647577438204767E-008
          49         119  4.122161336214785E-007
          49         120  1.735419956087502E-012
          50         116  3.383635303025488E-012
          50         117  7.465113274947176E-008
          50         118  2.511090286851759E-006
          50         119  7.603940111826115E-006
          50         120  8.637233995582468E-006
          50         121  6.300812184160812E-006
          50         122  7.591191094093382E-006
          50         123  4.351623725370401E-006
          50         124  3.552726068171789E-006
          50         125  5.492395484270099E-006
          50         126  1.442337955966508E-005
          50         127  1.946138449949475E-005
          50         128  1.467949140924732E-005
          50         129  1.095602722158491E-007
          50         130  3.197494285699504E-007
          50         131  1.320514944757795E-011
          51         121  4.249409084962585E-008
          51         122  4.187655960765407E-011
          51         123  2.667700244699338E-010
          51         125  4.544368926683104E-009
          51         126  4.860375898348517E-012
          51         127  1.859272615688150E-006
          51         128  3.123971327942524E-006
          51         129  1.615272784293258E-005
          51         130  5.237103445864116E-006
          51         131  9.480290290389240E-007
          51         132  9.949497220447658E-010
          51         133  1.888010325466463E-012
          52         127  1.967500866039807E-009
          52         128  3.470947355296466E-008
          52         129  5.476804482054401E-007
          52         130  1.222939405482949E-006
          52         131  4.406609862264011E-007
          52         132  4.300380022007766E-008
          52         133  1.104360810467904E-010
          52         134  6.458468300418720E-011
          53         127  1.387762283102175E-011
          53         129  4.031368939998535E-008
          53         130  1.774587573487590E-012
          53         131  1.108039048199406E-007
          53         132  7.876801228304371E-011
          53         133  1.164314189863476E-010
          53         134  1.825863011877691E-011
          53         135  1.229944775790787E-012
          54         131  3.785711579801366E-011
          54         132  2.759859630574218E-012
          54         134  2.200040842976245E-012
