           4  3.050025893156080E-006
           7  2.985581094898346E-012
           9  1.484623396029948E-012
          14  2.235189472664470E-010
          15  1.173956890514983E-010
          16  5.313717207846609E-012
          18  3.017696355161329E-011
          19  1.684455410261376E-011
          20  4.541084943868402E-012
          21  1.941569707360886E-012
          22  2.733182910048554E-012
          23  6.300633012956919E-012
          24  4.914658638970145E-012
          26  1.580638765149252E-011
          27  2.021406818899814E-012
          28  1.491966376595715E-012
          29  1.107538997175275E-012
          30  3.008837948877209E-012
          32  2.173241273750919E-012
          33  1.116324029443699E-012
          34  2.132316538290325E-012
          36  1.399712481090251E-012
          42  1.256264995609992E-012
          47  3.042413599789666E-010
          48  2.582405951010492E-009
          49  4.692883075496749E-010
          50  4.247220278865375E-009
          51  1.305760838448862E-009
          52  5.838607865346620E-010
          53  5.574066959795750E-009
          54  8.225275516747598E-010
          55  4.166817709829499E-011
          56  1.408218088578169E-009
          57  3.682396543701138E-010
          58  1.539741551850599E-009
          59  5.749461227068978E-009
          60  2.719995551119552E-008
          61  5.703610298486014E-008
          62  3.944244349727713E-007
          63  1.259301661222885E-007
          64  1.871014419610949E-007
          65  2.654830895600829E-007
          66  4.433119286949412E-007
          67  4.952265218580396E-007
          68  1.669570057376798E-006
          69  2.605214093788108E-007
          70  3.448209821574193E-007
          71  2.422628470057632E-007
          72  6.196302717288316E-007
          73  3.297442818067700E-006
          74  4.031507461244158E-006
          75  6.844387447710170E-006
          76  3.065361527637763E-005
          77  1.094296826355658E-004
          78  3.315363975166220E-004
          79  1.994968463089152E-004
          80  1.185469028712568E-003
          81  5.308470186251033E-004
          82  3.505001768985028E-004
          83  1.139780794157800E-004
          84  8.961180265716730E-004
          85  7.056840062376575E-004
          86  5.687600065174243E-004
          87  4.504441994445929E-004
          88  8.482344636245922E-004
          89  1.804268999120071E-004
          90  1.267156977375290E-004
          91  2.299476667109979E-004
          92  2.653652763669955E-004
          93  1.311986250817791E-004
          94  1.731139842236770E-004
          95  1.438680033462175E-004
          96  1.538124802333467E-004
          97  1.110521333310034E-004
          98  1.334654771313229E-004
          99  1.197426864224716E-004
         100  1.837235530695256E-004
         101  1.126977156456182E-004
         102  1.357028367767533E-004
         103  9.877441875712171E-005
         104  1.152359823151411E-004
         105  1.191276614376050E-004
         106  1.939705535301835E-004
         107  1.280516008520650E-004
         108  2.010793697499417E-004
         109  8.523800221328014E-005
         110  1.891789994412754E-004
         111  1.399342097825930E-004
         112  1.946672656840416E-004
         113  1.106215116515252E-004
         114  9.521353006870517E-005
         115  3.567333110868375E-005
         116  3.474157451136556E-005
         117  1.840167235022078E-005
         118  2.187406069914606E-005
         119  1.365928286223998E-005
         120  1.480937694785619E-005
         121  1.203316339427901E-005
         122  1.456156427197722E-005
         123  1.001054027419788E-005
         124  9.255344201692725E-006
         125  1.665791030936465E-005
         126  5.234993399842801E-005
         127  8.856829213092524E-005
         128  9.395896932603167E-005
         129  1.214019755647190E-004
         130  6.964616002257099E-005
         131  2.324893917351352E-005
         132  9.406516641515741E-007
         133  1.179685300067075E-008
         134  1.777672806847915E-008
         135  3.030053636762236E-010
         136  1.322726076359718E-011
         137  1.503544632188284E-012
         138  6.399733500356033E-012
