1209412.3573041575	2.7162501601371334e+29
1815123.2602773837	2.7024607954667316e+29
2418463.0491285166	2.6845909659980415e+29
3017887.7000312647	2.6691990470329607e+29
3610934.39153912	2.656418675453054e+29
4195882.130136642	2.6403072239399865e+29
4771527.443073129	2.6269215441044457e+29
5337349.582892242	2.616103609227987e+29
5893210.72591164	2.602945488271883e+29
6438578.082154476	2.5924772142386694e+29
6974168.014896113	2.5822967685628476e+29
7499804.365448475	2.5715385177173398e+29
8015064.763306657	2.5621399183664308e+29
8520987.443653462	2.5538440400288048e+29
9017207.211820075	2.543749456644482e+29
9503171.422761982	2.5346751754838626e+29
9979826.462544326	2.526523906669604e+29
10446860.968731228	2.51663121804407e+29
10903760.188577147	2.507869708318724e+29
11350256.07023912	2.4989727952336393e+29
11785284.923157351	2.4893277212583632e+29
12209280.797819337	2.4801950471467765e+29
12621586.236285834	2.4709788632441745e+29
13021428.60825954	2.4604377635033314e+29
13408104.163154462	2.4501307008285476e+29
13780901.148328431	2.440635033727567e+29
14138988.7354082	2.4294512812461824e+29
14481278.993583405	2.4182679905305172e+29
14806592.187265778	2.407950767436489e+29
15113531.667019458	2.3963645209444072e+29
15401755.600255447	2.3851902224564044e+29
15670449.880268274	2.373984610838097e+29
15918985.797468381	2.362208861949966e+29
16147694.717513084	2.3512589390054697e+29
16356872.252970612	2.3404071707892757e+29
16547142.024531005	2.3288822280483565e+29
16718957.545400372	2.3185383410727834e+29
16873085.12941246	2.30680774255134e+29
17018231.46682404	2.295227014335054e+29
17144646.064926505	2.283624240784191e+29
17253467.338769905	2.270487419575948e+29
17344971.577953074	2.2576288346551456e+29
17419467.59174918	2.2437660024746112e+29
17477170.812806055	2.2297360422868787e+29
17518339.53347177	2.2140600720388754e+29
17542827.02559653	2.1981368794388943e+29
17550699.59431817	2.1817871445441588e+29
17541899.575587586	2.1649600610829695e+29
17516088.67869765	2.1465434436210585e+29
17473000.103588395	2.1288656350052958e+29
17412154.937571626	2.1098393585637716e+29
17332586.76597351	2.0895459463046842e+29
17233925.63811275	2.0719671616531444e+29
17115399.70815756	2.0530165975784302e+29
16976673.37260159	2.032104799664102e+29
16817825.4197741	2.0145983186506466e+29
16639306.508385496	1.9980189008613306e+29
16441632.234361649	1.979674970675746e+29
16226548.326739116	1.9631215101686885e+29
15995003.296342267	1.9491577406392817e+29
15748229.825361326	1.934688247048775e+29
15487140.459825404	1.918960710235224e+29
15213379.588457653	1.9058662083135538e+29
14927440.554227639	1.8945741916154597e+29
14631207.443338366	1.8788499408701115e+29
14324707.807491222	1.8657415579613072e+29
14009623.754048498	1.855497588382856e+29
13686794.671141962	1.8437485467756663e+29
13356848.337837784	1.8321804270040106e+29
13021597.782146398	1.8240898674553916e+29
12681734.968055435	1.8112441072965277e+29
12339019.05704015	1.7985284512636716e+29
11995030.534350464	1.7851330174398712e+29
11650434.270446744	1.7725964472740712e+29
11308051.199477298	1.7582601855907834e+29
10968603.895665117	1.745742122942516e+29
10635491.309760917	1.7306471599157467e+29
10309441.201636488	1.7176977840691818e+29
9993887.534388207	1.7043603065159292e+29
9691183.699631328	1.6903401531595593e+29
9404218.645905677	1.6764627587484416e+29
9135200.059659338	1.6618019891121876e+29
8886737.56898447	1.6478053144581524e+29
8662658.651938215	1.6339255381417096e+29
8465948.961575422	1.619915317558724e+29
8297040.790402322	1.6053385402536012e+29
8161092.834106226	1.5909390203583757e+29
8057669.81227203	1.5764411224764126e+29
7990634.4908836875	1.5609372158106452e+29
7959553.749425905	1.5463707955319357e+29
7965392.362589553	1.5318850733399594e+29
8008412.907686516	1.5160477940480824e+29
8089245.17492207	1.5004953227353842e+29
8204979.670907172	1.4858931971459284e+29
8355149.576758036	1.4702556484260361e+29
8537845.61643041	1.4545261449395064e+29
8751874.756873524	1.4397092000832118e+29
8993785.833563082	1.4246321510885812e+29
9262019.804016834	1.4087742529646836e+29
9554714.485006865	1.3934065166139304e+29
9868228.020267872	1.3787463522279753e+29
10201544.650198814	1.3629830151224164e+29
10551894.548847612	1.3475100107279447e+29
10915559.54864431	1.3321698113206472e+29
11291546.369297696	1.3168481268457014e+29
11676069.42511049	1.3015285700271883e+29
12067439.99695047	1.2867136624333923e+29
12462326.868205631	1.271722051348221e+29
12859378.053389674	1.2570479341034002e+29
13256090.85439595	1.2425473896373355e+29
13650823.095330184	1.2281795477898282e+29
14042940.664262593	1.2147109358353439e+29
14430339.909025012	1.2011990780532933e+29
14814648.080616023	1.1878865598388114e+29
15193479.408552207	1.1744694103051496e+29
15568624.85015616	1.1618092261240675e+29
15938800.634693317	1.1499379980683339e+29
16305624.972076353	1.1374439632950183e+29
16667770.547076773	1.1245443149855661e+29
17026668.487111624	1.1122132417807271e+29
17381733.68942235	1.100776508336619e+29
17732129.66792201	1.089575185816849e+29
18079980.34539861	1.0775412715441993e+29
18423790.97173	1.0653742635667348e+29
18763358.341459025	1.0541398797635595e+29
19099925.177863915	1.0436965824781196e+29
19431590.82782467	1.0327284376934435e+29
19760270.357715253	1.0212434457654126e+29
20404077.799547814	9.993211862681916e+28
21029540.835215587	9.784903414916403e+28
21635933.56478985	9.57077482686245e+28
22221071.4388393	9.368963361148356e+28
22784598.773952547	9.165783169348396e+28
23326762.007188223	8.967904572866381e+28
23848047.749449007	8.769721104649907e+28
24347074.462858982	8.57278944292882e+28
24825750.779785085	8.387184218808718e+28
25286497.810689405	8.188262815031838e+28
25728647.958237138	8.009823591928284e+28
26156214.0309411	7.821855021940523e+28
26567341.581159376	7.643828686650069e+28
26965446.14668928	7.467841045859539e+28
27351035.16761294	7.290971576539699e+28
27725529.979785778	7.123449817357367e+28
28089924.642476346	6.951842757763647e+28
28445107.742808778	6.789456948743147e+28
28793365.66120744	6.62755806547637e+28
29134562.80313813	6.4691242077119445e+28
29469665.973845035	6.31362501847795e+28
29800828.837802477	6.160455509897502e+28
30127864.16193488	6.010427466478293e+28
30452287.706016436	5.8643886347606905e+28
30775888.10822524	5.717535095877174e+28
31098108.85890008	5.578495289738175e+28
31421578.048850443	5.440840865047111e+28
31746304.924038008	5.304246731291438e+28
32073019.08146472	5.17439624624472e+28
32403336.67448462	5.047315077910604e+28
32739165.90733643	4.922320161060897e+28
33080814.72873514	4.801665588789344e+28
33429060.82871608	4.687015875161418e+28
33786257.026785314	4.570772020136995e+28
34152359.415566005	4.4595515100633e+28
34528764.287909284	4.351049008449202e+28
34916277.58510348	4.246820395968695e+28
35314426.45152262	4.1436084589186065e+28
35726646.20531851	4.043921692715661e+28
36151067.92129383	3.9469781847944883e+28
36589796.65207228	3.8518753058708493e+28
37044588.23539546	3.7590843407126656e+28
37514082.27705964	3.6676947154840907e+28
37999004.63867442	3.578847682959946e+28
38500270.56489343	3.4902251460870816e+28
39016968.54767167	3.405171041721428e+28
39549265.38356938	3.3206851982765765e+28
40098376.48708485	3.2378925158992616e+28
40663428.037119545	3.1583906788699905e+28
41246192.82709617	3.081991929953801e+28
41844159.15011317	3.006052354877303e+28
42457551.058675066	2.931364683842803e+28
43086454.18666985	2.8595664693449247e+28
43728907.57954056	2.7918138324972696e+28
