1209412.3573041575	2.287554767531498e+28
1815123.2602773837	2.264558449569188e+28
2418463.0491285166	2.2570478676159495e+28
3017887.7000312647	2.2438651112824893e+28
3610934.39153912	2.2244313061318015e+28
4195882.130136642	2.2181151013613083e+28
4771527.443073129	2.204928279056625e+28
5337349.582892242	2.1895025915431184e+28
5893210.72591164	2.1842694659962867e+28
6438578.082154476	2.1743031951195e+28
6974168.014896113	2.1595718194185564e+28
7499804.365448475	2.1552714061389306e+28
8015064.763306657	2.1479166389327576e+28
8520987.443653462	2.1336821877224773e+28
9017207.211820075	2.1306186810418853e+28
9503171.422761982	2.1242668989599166e+28
9979826.462544326	2.1108240135689372e+28
10446860.968731228	2.1074242144777676e+28
10903760.188577147	2.1011471003892154e+28
11350256.07023912	2.0882386596735663e+28
11785284.923157351	2.0847882818095e+28
12209280.797819337	2.078032145455182e+28
12621586.236285834	2.0656040131604333e+28
13021428.60825954	2.0598447366186595e+28
13408104.163154462	2.0531153725607502e+28
13780901.148328431	2.0396313018124416e+28
14138988.7354082	2.0348046968073332e+28
14481278.993583405	2.0250572346079035e+28
14806592.187265778	2.012373889221749e+28
15113531.667019458	2.0061293039581626e+28
15401755.600255447	1.996190924522973e+28
15670449.880268274	1.983312255221084e+28
15918985.797468381	1.9766380343787939e+28
16147694.717513084	1.966596652949928e+28
16356872.252970612	1.9562663034197345e+28
16547142.024531005	1.9463408553737588e+28
16718957.545400372	1.9387036331670377e+28
16873085.12941246	1.9271395014493544e+28
17018231.46682404	1.9187035497696797e+28
17144646.064926505	1.908337147792817e+28
17253467.338769905	1.8964105266846186e+28
17344971.577953074	1.886116275833103e+28
17419467.59174918	1.874050187564898e+28
17477170.812806055	1.8625417443220067e+28
17518339.53347177	1.8494117219843803e+28
17542827.02559653	1.8348204398579108e+28
17550699.59431817	1.8207783260763588e+28
17541899.575587586	1.8074443904572768e+28
17516088.67869765	1.7900744780013337e+28
17473000.103588395	1.7760732501795047e+28
17412154.937571626	1.760377631847927e+28
17332586.76597351	1.7408353973706017e+28
17233925.63811275	1.7281060423799116e+28
17115399.70815756	1.7110180362443984e+28
16976673.37260159	1.6932769020479151e+28
16817825.4197741	1.6798224800610945e+28
16639306.508385496	1.6648697829496677e+28
16441632.234361649	1.6505277455386396e+28
16226548.326739116	1.6355384480988493e+28
15995003.296342267	1.6238341314154574e+28
15748229.825361326	1.6137412510713173e+28
15487140.459825404	1.5992388743737674e+28
15213379.588457653	1.5913864559897339e+28
14927440.554227639	1.5805570859991566e+28
14631207.443338366	1.569532852244326e+28
14324707.807491222	1.5593147060570595e+28
14009623.754048498	1.5517794445905732e+28
13686794.671141962	1.542070587320554e+28
13356848.337837784	1.5316463274728712e+28
13021597.782146398	1.5245810120114796e+28
12681734.968055435	1.5154838622233694e+28
12339019.05704015	1.507609720625902e+28
11995030.534350464	1.4995034788428326e+28
11650434.270446744	1.4898683118244634e+28
11308051.199477298	1.4795888374294308e+28
10968603.895665117	1.4697074541631079e+28
10635491.309760917	1.459807354514588e+28
10309441.201636488	1.452477884283455e+28
9993887.534388207	1.4423573226046104e+28
9691183.699631328	1.4351878958730397e+28
9404218.645905677	1.4246357330176876e+28
9135200.059659338	1.4195494567467044e+28
8886737.56898447	1.4097873657633316e+28
8662658.651938215	1.4005563039799625e+28
8465948.961575422	1.392751800420261e+28
8297040.790402322	1.3848083436599808e+28
8161092.834106226	1.3747137585325482e+28
8057669.81227203	1.3676160586444738e+28
7990634.4908836875	1.3576230191602174e+28
7959553.749425905	1.3455426738054381e+28
7965392.362589553	1.3301435850872231e+28
8008412.907686516	1.318308081447542e+28
8089245.17492207	1.3033885171286884e+28
8204979.670907172	1.288335073863493e+28
8355149.576758036	1.274561097445797e+28
8537845.61643041	1.2607282465697653e+28
8751874.756873524	1.2472795564284672e+28
8993785.833563082	1.2330794859433243e+28
9262019.804016834	1.2202832653570515e+28
9554714.485006865	1.206585022893773e+28
9868228.020267872	1.1929569558675354e+28
10201544.650198814	1.1796326207064013e+28
10551894.548847612	1.1650990486855297e+28
10915559.54864431	1.1529346108218767e+28
11291546.369297696	1.1395607295985907e+28
11676069.42511049	1.1260509686838389e+28
12067439.99695047	1.1113979457541743e+28
12462326.868205631	1.1004959450773513e+28
12859378.053389674	1.0869370647053675e+28
13256090.85439595	1.0734770691940993e+28
13650823.095330184	1.0597350949912514e+28
14042940.664262593	1.0488650914397358e+28
14430339.909025012	1.0374288597966973e+28
14814648.080616023	1.0253890551327479e+28
15193479.408552207	1.0119874526260842e+28
15568624.85015616	1.0008410499591094e+28
15938800.634693317	9.920592394232278e+27
16305624.972076353	9.811059781698163e+27
16667770.547076773	9.68082225696349e+27
17026668.487111624	9.568984644219348e+27
17381733.68942235	9.482596221006479e+27
17732129.66792201	9.386262661180627e+27
18079980.34539861	9.282056575443051e+27
18423790.97173	9.165449656348764e+27
18763358.341459025	9.068712055634134e+27
19099925.177863915	8.98910435419471e+27
19431590.82782467	8.896307023417818e+27
19760270.357715253	8.783852007864458e+27
20404077.799547814	8.587605606750307e+27
21029540.835215587	8.428417467222166e+27
21635933.56478985	8.213237219746273e+27
22221071.4388393	8.065851024125537e+27
22784598.773952547	7.86405061997263e+27
23326762.007188223	7.70376140631316e+27
23848047.749449007	7.527500636108283e+27
24347074.462858982	7.349777437221412e+27
24825750.779785085	7.203751060468955e+27
25286497.810689405	7.010698932360291e+27
25728647.958237138	6.87889158801376e+27
26156214.0309411	6.696674183157296e+27
26567341.581159376	6.547354404939893e+27
26965446.14668928	6.400262769654406e+27
27351035.16761294	6.231971441171017e+27
27725529.979785778	6.109487127208266e+27
28089924.642476346	5.937491535005246e+27
28445107.742808778	5.808920244518564e+27
28793365.66120744	5.664813108475528e+27
29134562.80313813	5.518308704612351e+27
29469665.973845035	5.412098392170052e+27
29800828.837802477	5.250889732888616e+27
30127864.16193488	5.12807261941084e+27
30452287.706016436	5.016636509313419e+27
30775888.10822524	4.869699003511885e+27
31098108.85890008	4.760623215651558e+27
31421578.048850443	4.647451488135494e+27
31746304.924038008	4.5124217024401507e+27
32073019.08146472	4.4097137789247496e+27
32403336.67448462	4.311220203521378e+27
32739165.90733643	4.1847939422321677e+27
33080814.72873514	4.081828298097501e+27
33429060.82871608	3.9954857877097194e+27
33786257.026785314	3.885236285896204e+27
34152359.415566005	3.7817134400991105e+27
34528764.287909284	3.696653254223625e+27
34916277.58510348	3.612327275596032e+27
35314426.45152262	3.5095909864241595e+27
35726646.20531851	3.422175827601398e+27
36151067.92129383	3.3503861026756807e+27
36589796.65207228	3.2674207909252615e+27
37044588.23539546	3.1750561697171916e+27
37514082.27705964	3.0964163444687056e+27
37999004.63867442	3.030308131897325e+27
38500270.56489343	2.953869728867441e+27
39016968.54767167	2.8728173563505235e+27
39549265.38356938	2.801739758261348e+27
40098376.48708485	2.739799099351687e+27
40663428.037119545	2.6724175055670264e+27
41246192.82709617	2.599338479220233e+27
41844159.15011317	2.535437007450366e+27
42457551.058675066	2.479299557585485e+27
43086454.18666985	2.418602029253761e+27
43728907.57954056	2.3534988049903348e+27
