1209412.3573041575	1.4312064825920517e-20
1815123.2602773837	1.417793061422619e-20
2418463.0491285166	1.417376260637048e-20
3017887.7000312647	1.408497398832878e-20
3610934.39153912	1.4033462136695426e-20
4195882.130136642	1.4013459130865538e-20
4771527.443073129	1.397585281160819e-20
5337349.582892242	1.3940351882564782e-20
5893210.72591164	1.3923863456011823e-20
6438578.082154476	1.391004641436461e-20
6974168.014896113	1.3859253524487462e-20
7499804.365448475	1.3841111586627987e-20
8015064.763306657	1.3829814096680797e-20
8520987.443653462	1.3741987693448184e-20
9017207.211820075	1.3743102820936603e-20
9503171.422761982	1.3720744458358816e-20
9979826.462544326	1.3651149514797256e-20
10446860.968731228	1.3613517050333625e-20
10903760.188577147	1.3606850714066875e-20
11350256.07023912	1.3526879814645447e-20
11785284.923157351	1.350397418287817e-20
12209280.797819337	1.3443972455457739e-20
12621586.236285834	1.3364673377803753e-20
13021428.60825954	1.3309960216804473e-20
13408104.163154462	1.3254117308520249e-20
13780901.148328431	1.3150398322809799e-20
14138988.7354082	1.308541041191028e-20
14481278.993583405	1.2982054188802341e-20
14806592.187265778	1.2898237006652245e-20
15113531.667019458	1.2848840344349667e-20
15401755.600255447	1.2748018712013492e-20
15670449.880268274	1.2655891200538146e-20
15918985.797468381	1.2600279483390205e-20
16147694.717513084	1.253201534482674e-20
16356872.252970612	1.2450851316941051e-20
16547142.024531005	1.238251087625959e-20
16718957.545400372	1.2340460825754538e-20
16873085.12941246	1.2225750432538223e-20
17018231.46682404	1.2137675183011778e-20
17144646.064926505	1.2054935527029812e-20
17253467.338769905	1.1940072503269608e-20
17344971.577953074	1.1818418629071094e-20
17419467.59174918	1.1711236317900311e-20
17477170.812806055	1.1567588248219028e-20
17518339.53347177	1.142587962578533e-20
17542827.02559653	1.1282408942373717e-20
17550699.59431817	1.1125763062450425e-20
17541899.575587586	1.0965833911129448e-20
17516088.67869765	1.0815506896672327e-20
17473000.103588395	1.063198349658593e-20
17412154.937571626	1.0463311497561655e-20
17332586.76597351	1.031229439344655e-20
17233925.63811275	1.0143025280483399e-20
17115399.70815756	1.0005487186965005e-20
16976673.37260159	9.861076264782871e-21
16817825.4197741	9.741839952079086e-21
16639306.508385496	9.631798441776143e-21
16441632.234361649	9.568549524610397e-21
16226548.326739116	9.458672764985382e-21
15995003.296342267	9.388755108463111e-21
15748229.825361326	9.321345752952096e-21
15487140.459825404	9.25892484761293e-21
15213379.588457653	9.164183957589779e-21
14927440.554227639	9.110780669246401e-21
14631207.443338366	9.005101498292465e-21
14324707.807491222	8.940851420414365e-21
14009623.754048498	8.850751655495615e-21
13686794.671141962	8.763726829190506e-21
13356848.337837784	8.685448063455111e-21
13021597.782146398	8.57815006657266e-21
12681734.968055435	8.511094866729778e-21
12339019.05704015	8.419172383224168e-21
11995030.534350464	8.327769367400529e-21
11650434.270446744	8.244381929405987e-21
11308051.199477298	8.143323533826018e-21
10968603.895665117	8.066410299425393e-21
10635491.309760917	7.950548076467784e-21
10309441.201636488	7.881710048250788e-21
9993887.534388207	7.788117919008367e-21
9691183.699631328	7.686280611372301e-21
9404218.645905677	7.587749712725652e-21
9135200.059659338	7.5170224762003e-21
8886737.56898447	7.43270434117939e-21
8662658.651938215	7.33318818028876e-21
8465948.961575422	7.239566949484148e-21
8297040.790402322	7.189909007957333e-21
8161092.834106226	7.082570759095809e-21
8057669.81227203	7.032510061924628e-21
7990634.4908836875	6.947687675058949e-21
7959553.749425905	6.877576088950613e-21
7965392.362589553	6.79889086975921e-21
8008412.907686516	6.726889412672585e-21
8089245.17492207	6.628791144810649e-21
8204979.670907172	6.554143798986016e-21
8355149.576758036	6.470720429817784e-21
8537845.61643041	6.3894192552164856e-21
8751874.756873524	6.290180261463766e-21
8993785.833563082	6.207443550094394e-21
9262019.804016834	6.117946942306126e-21
9554714.485006865	6.010537286996302e-21
9868228.020267872	5.919793182340873e-21
10201544.650198814	5.806359955256447e-21
10551894.548847612	5.695461369532378e-21
10915559.54864431	5.601672214152365e-21
11291546.369297696	5.485581266795043e-21
11676069.42511049	5.38652191980875e-21
12067439.99695047	5.2735184678672605e-21
12462326.868205631	5.182666822419889e-21
12859378.053389674	5.079347022849838e-21
13256090.85439595	4.99197866625318e-21
13650823.095330184	4.901510281616758e-21
14042940.664262593	4.819451170403353e-21
14430339.909025012	4.761477927245963e-21
14814648.080616023	4.679981287346069e-21
15193479.408552207	4.628353214161904e-21
15568624.85015616	4.560950513532363e-21
15938800.634693317	4.5211925985076136e-21
16305624.972076353	4.4565417344808636e-21
16667770.547076773	4.410193984618946e-21
17026668.487111624	4.344443811456441e-21
17381733.68942235	4.297402604361417e-21
17732129.66792201	4.259811171404557e-21
18079980.34539861	4.189342001031776e-21
18423790.97173	4.137465085115824e-21
18763358.341459025	4.091483513638484e-21
19099925.177863915	4.030923983971359e-21
19431590.82782467	3.991246024649805e-21
19760270.357715253	3.919465296033913e-21
20404077.799547814	3.787680305126836e-21
21029540.835215587	3.6961392049301946e-21
21635933.56478985	3.5878765341784535e-21
22221071.4388393	3.5011145811926686e-21
22784598.773952547	3.398177366288382e-21
23326762.007188223	3.297641247337361e-21
23848047.749449007	3.191052385363396e-21
24347074.462858982	3.0876764421090806e-21
24825750.779785085	2.9905559850982398e-21
25286497.810689405	2.8863300831816145e-21
25728647.958237138	2.8005349631927066e-21
26156214.0309411	2.6963576070250052e-21
26567341.581159376	2.611572440322482e-21
26965446.14668928	2.5203111128905352e-21
27351035.16761294	2.4287777850840117e-21
27725529.979785778	2.343581002412335e-21
28089924.642476346	2.254100574288483e-21
28445107.742808778	2.1739463252600992e-21
28793365.66120744	2.0880732171093753e-21
29134562.80313813	2.0038048915586188e-21
29469665.973845035	1.9270771076861913e-21
29800828.837802477	1.836946059955359e-21
30127864.16193488	1.7585521278664256e-21
30452287.706016436	1.6790238827896175e-21
30775888.10822524	1.5937555518420087e-21
31098108.85890008	1.5160956756121471e-21
31421578.048850443	1.438864905413581e-21
31746304.924038008	1.3608587850205151e-21
32073019.08146472	1.2951848272384973e-21
32403336.67448462	1.2329460635483755e-21
32739165.90733643	1.170173174543023e-21
33080814.72873514	1.1168408106272302e-21
33429060.82871608	1.0720161313632059e-21
33786257.026785314	1.0227426529989103e-21
34152359.415566005	9.801730899317704e-22
34528764.287909284	9.408157725468583e-22
34916277.58510348	9.032641121043182e-22
35314426.45152262	8.659238813568575e-22
35726646.20531851	8.28035748989219e-22
36151067.92129383	7.975640335960633e-22
36589796.65207228	7.64388013647357e-22
37044588.23539546	7.300046612465743e-22
37514082.27705964	7.00642936959035e-22
37999004.63867442	6.744525994471877e-22
38500270.56489343	6.45416564985484e-22
39016968.54767167	6.186227877940317e-22
39549265.38356938	5.933716052605935e-22
40098376.48708485	5.690469088742351e-22
40663428.037119545	5.448874149547113e-22
41246192.82709617	5.196146139644541e-22
41844159.15011317	4.980363940038634e-22
42457551.058675066	4.777391786974619e-22
43086454.18666985	4.56507888925492e-22
43728907.57954056	4.368612767163966e-22
