1209412.3573041575	3.338450582619872e-20
1815123.2602773837	3.3159914212164706e-20
2418463.0491285166	3.3093209720378246e-20
3017887.7000312647	3.290663718694836e-20
3610934.39153912	3.2862051926005243e-20
4195882.130136642	3.2745502167252545e-20
4771527.443073129	3.267612439878613e-20
5337349.582892242	3.2673354302502283e-20
5893210.72591164	3.257021157376176e-20
6438578.082154476	3.2567754847225086e-20
6974168.014896113	3.2513086488639194e-20
7499804.365448475	3.244211081555523e-20
8015064.763306657	3.2414760974989934e-20
8520987.443653462	3.22903583918954e-20
9017207.211820075	3.22486668660693e-20
9503171.422761982	3.218773297599954e-20
9979826.462544326	3.209486669940243e-20
10446860.968731228	3.1962786376292285e-20
10903760.188577147	3.19225783521917e-20
11350256.07023912	3.180791346515707e-20
11785284.923157351	3.170366718055362e-20
12209280.797819337	3.1539282477564157e-20
12621586.236285834	3.141499306224003e-20
13021428.60825954	3.12474031403485e-20
13408104.163154462	3.1078978268511295e-20
13780901.148328431	3.0904081172366545e-20
14138988.7354082	3.069960242350043e-20
14481278.993583405	3.044488159242204e-20
14806592.187265778	3.0307390384790655e-20
15113531.667019458	3.0141346396065354e-20
15401755.600255447	2.9890554687815095e-20
15670449.880268274	2.973745591590149e-20
15918985.797468381	2.955974849534832e-20
16147694.717513084	2.938106897367235e-20
16356872.252970612	2.924120370945684e-20
16547142.024531005	2.9063785565882685e-20
16718957.545400372	2.8924358141860824e-20
16873085.12941246	2.870755334481934e-20
17018231.46682404	2.8484083465489544e-20
17144646.064926505	2.826714494577916e-20
17253467.338769905	2.8035696431496245e-20
17344971.577953074	2.773201098148494e-20
17419467.59174918	2.7466211241665736e-20
17477170.812806055	2.714697957237175e-20
17518339.53347177	2.6795339536523406e-20
17542827.02559653	2.6449471935991747e-20
17550699.59431817	2.6103639655305523e-20
17541899.575587586	2.570080405793268e-20
17516088.67869765	2.535127999515476e-20
17473000.103588395	2.49302039265382e-20
17412154.937571626	2.4514960663504586e-20
17332586.76597351	2.4172150181722542e-20
17233925.63811275	2.3780587768218883e-20
17115399.70815756	2.3447974748695885e-20
16976673.37260159	2.3107805269615626e-20
16817825.4197741	2.283822027474566e-20
16639306.508385496	2.258845606644528e-20
16441632.234361649	2.2429086281815705e-20
16226548.326739116	2.2185121127784955e-20
15995003.296342267	2.2039648672139435e-20
15748229.825361326	2.189247810321065e-20
15487140.459825404	2.174922449073394e-20
15213379.588457653	2.1539417858209528e-20
14927440.554227639	2.1450272318570896e-20
14631207.443338366	2.118258926036991e-20
14324707.807491222	2.1047447587724582e-20
14009623.754048498	2.088073688874519e-20
13686794.671141962	2.067616281449153e-20
13356848.337837784	2.0522986503327266e-20
13021597.782146398	2.0362425467038982e-20
12681734.968055435	2.0193711500384365e-20
12339019.05704015	1.9981762334314153e-20
11995030.534350464	1.978370711879026e-20
11650434.270446744	1.9610131527521038e-20
11308051.199477298	1.934474887806992e-20
10968603.895665117	1.9181002748048377e-20
10635491.309760917	1.8886785930462262e-20
10309441.201636488	1.8716920495518206e-20
9993887.534388207	1.8485513117366902e-20
9691183.699631328	1.824272500604243e-20
9404218.645905677	1.8006531951918987e-20
9135200.059659338	1.7794861129170867e-20
8886737.56898447	1.7580452782583638e-20
8662658.651938215	1.734226980448243e-20
8465948.961575422	1.7098289146837893e-20
8297040.790402322	1.6939477355583285e-20
8161092.834106226	1.6675101916717196e-20
8057669.81227203	1.651879563971072e-20
7990634.4908836875	1.6285339468464435e-20
7959553.749425905	1.6104703297277014e-20
7965392.362589553	1.5925307978109896e-20
8008412.907686516	1.573918439806442e-20
8089245.17492207	1.5508588255355632e-20
8204979.670907172	1.535867581727759e-20
8355149.576758036	1.5159238683123646e-20
8537845.61643041	1.495849198312443e-20
8751874.756873524	1.473433984164961e-20
8993785.833563082	1.4551681222127873e-20
9262019.804016834	1.431823515991914e-20
9554714.485006865	1.407187092466875e-20
9868228.020267872	1.387292692207348e-20
10201544.650198814	1.3597462826114173e-20
10551894.548847612	1.3332469274445239e-20
10915559.54864431	1.311713671877222e-20
11291546.369297696	1.284067282558541e-20
11676069.42511049	1.2601867475147911e-20
12067439.99695047	1.23496936184969e-20
12462326.868205631	1.212922374566965e-20
12859378.053389674	1.1887452536093106e-20
13256090.85439595	1.1685274027008773e-20
13650823.095330184	1.148509072277484e-20
14042940.664262593	1.1286605217859773e-20
14430339.909025012	1.1148757717410381e-20
14814648.080616023	1.0958102504978675e-20
15193479.408552207	1.0851356088476348e-20
15568624.85015616	1.069144841908393e-20
15938800.634693317	1.059214201704663e-20
16305624.972076353	1.0439972536460817e-20
16667770.547076773	1.0340921929109543e-20
17026668.487111624	1.0191734383878107e-20
17381733.68942235	1.007315122076667e-20
17732129.66792201	9.981563902893201e-21
18079980.34539861	9.820985952271577e-21
18423790.97173	9.704439341905467e-21
18763358.341459025	9.595282430390298e-21
19099925.177863915	9.449046451175896e-21
19431590.82782467	9.35906946854374e-21
19760270.357715253	9.19260758853237e-21
20404077.799547814	8.88765987475617e-21
21029540.835215587	8.666749111087683e-21
21635933.56478985	8.426294692859745e-21
22221071.4388393	8.21519545144855e-21
22784598.773952547	7.986341027711993e-21
23326762.007188223	7.747647770493263e-21
23848047.749449007	7.501530948849854e-21
24347074.462858982	7.265963489534553e-21
24825750.779785085	7.033473212524053e-21
25286497.810689405	6.794270066350436e-21
25728647.958237138	6.58581802233978e-21
26156214.0309411	6.342334991009351e-21
26567341.581159376	6.143729701587938e-21
26965446.14668928	5.922099609823965e-21
27351035.16761294	5.714854315568776e-21
27725529.979785778	5.502173719807201e-21
28089924.642476346	5.303064442106912e-21
28445107.742808778	5.107783985247646e-21
28793365.66120744	4.9080392630177866e-21
29134562.80313813	4.71225431932763e-21
29469665.973845035	4.523144924185349e-21
29800828.837802477	4.31957785068183e-21
30127864.16193488	4.133347098752387e-21
30452287.706016436	3.940634581705779e-21
30775888.10822524	3.748099071489053e-21
31098108.85890008	3.562830206129873e-21
31421578.048850443	3.378183521296176e-21
31746304.924038008	3.2045227462441974e-21
32073019.08146472	3.045747992622335e-21
32403336.67448462	2.8952925466818764e-21
32739165.90733643	2.7557454832795093e-21
33080814.72873514	2.6302727647333196e-21
33429060.82871608	2.5199796815807964e-21
33786257.026785314	2.4085916821330574e-21
34152359.415566005	2.312161628198296e-21
34528764.287909284	2.216310865419599e-21
34916277.58510348	2.1253730263785864e-21
35314426.45152262	2.0438015182841697e-21
35726646.20531851	1.955212016873555e-21
36151067.92129383	1.8801910605014933e-21
36589796.65207228	1.802271633030481e-21
37044588.23539546	1.7265579385577722e-21
37514082.27705964	1.65761472538675e-21
37999004.63867442	1.5919881562095923e-21
38500270.56489343	1.525679521628534e-21
39016968.54767167	1.4663147853219325e-21
39549265.38356938	1.4074048990162873e-21
40098376.48708485	1.3466893336689147e-21
40663428.037119545	1.2914486784303119e-21
41246192.82709617	1.2356521949464409e-21
41844159.15011317	1.1848066839114571e-21
42457551.058675066	1.1344085793318483e-21
43086454.18666985	1.0850149825189664e-21
43728907.57954056	1.0422193064115094e-21
