1209412.3573041575	7.567328232539924e-20
1815123.2602773837	7.522801575414179e-20
2418463.0491285166	7.501498127593672e-20
3017887.7000312647	7.458880328476852e-20
3610934.39153912	7.451277966995819e-20
4195882.130136642	7.424992392976787e-20
4771527.443073129	7.41061284861907e-20
5337349.582892242	7.403904578279174e-20
5893210.72591164	7.385158083860421e-20
6438578.082154476	7.381195965582279e-20
6974168.014896113	7.372009517690453e-20
7499804.365448475	7.347780090896925e-20
8015064.763306657	7.343083933430671e-20
8520987.443653462	7.314367384127151e-20
9017207.211820075	7.302952073863843e-20
9503171.422761982	7.288714811524617e-20
9979826.462544326	7.26816234995729e-20
10446860.968731228	7.234640520435415e-20
10903760.188577147	7.229746270871399e-20
11350256.07023912	7.200847325937792e-20
11785284.923157351	7.175792442161285e-20
12209280.797819337	7.145448399770717e-20
12621586.236285834	7.1109987149882e-20
13021428.60825954	7.071224243151738e-20
13408104.163154462	7.041051521374544e-20
13780901.148328431	6.992538099804028e-20
14138988.7354082	6.946246086920001e-20
14481278.993583405	6.895275812888034e-20
14806592.187265778	6.855616437392991e-20
15113531.667019458	6.817852179666781e-20
15401755.600255447	6.767291279079097e-20
15670449.880268274	6.725553218445934e-20
15918985.797468381	6.686589304934995e-20
16147694.717513084	6.652345861663149e-20
16356872.252970612	6.615610725777933e-20
16547142.024531005	6.574811883100692e-20
16718957.545400372	6.551206895124143e-20
16873085.12941246	6.494455054674533e-20
17018231.46682404	6.442017382213649e-20
17144646.064926505	6.399798274003681e-20
17253467.338769905	6.340173606052573e-20
17344971.577953074	6.272044086585598e-20
17419467.59174918	6.219424671134306e-20
17477170.812806055	6.137777495487545e-20
17518339.53347177	6.057260222773474e-20
17542827.02559653	5.990018805669576e-20
17550699.59431817	5.898960281305141e-20
17541899.575587586	5.809203549407188e-20
17516088.67869765	5.736410952392523e-20
17473000.103588395	5.631943319803374e-20
17412154.937571626	5.538276420845895e-20
17332586.76597351	5.465371987034289e-20
17233925.63811275	5.3705686231221974e-20
17115399.70815756	5.296270705817228e-20
16976673.37260159	5.223942610613303e-20
16817825.4197741	5.1596614095533544e-20
16639306.508385496	5.1041403668748226e-20
16441632.234361649	5.072899447339828e-20
16226548.326739116	5.019695904406563e-20
15995003.296342267	4.983189775452953e-20
15748229.825361326	4.949856111431833e-20
15487140.459825404	4.920733135740799e-20
15213379.588457653	4.871504066617521e-20
14927440.554227639	4.849552706377641e-20
14631207.443338366	4.791465175330518e-20
14324707.807491222	4.763767222406201e-20
14009623.754048498	4.715367943097949e-20
13686794.671141962	4.6812528677797063e-20
13356848.337837784	4.6375641000339984e-20
13021597.782146398	4.590980805734086e-20
12681734.968055435	4.5512038866240603e-20
12339019.05704015	4.505035056141162e-20
11995030.534350464	4.455926026219855e-20
11650434.270446744	4.416906656541366e-20
11308051.199477298	4.358579116329484e-20
10968603.895665117	4.322342021797576e-20
10635491.309760917	4.2551898621215714e-20
10309441.201636488	4.2173439261238387e-20
9993887.534388207	4.1675605675363974e-20
9691183.699631328	4.110331332102926e-20
9404218.645905677	4.056621819472002e-20
9135200.059659338	4.012449767303484e-20
8886737.56898447	3.9659333960622326e-20
8662658.651938215	3.911756713036774e-20
8465948.961575422	3.8576900696478794e-20
8297040.790402322	3.824851856169269e-20
8161092.834106226	3.765881979539126e-20
8057669.81227203	3.729899702347497e-20
7990634.4908836875	3.6768890924326945e-20
7959553.749425905	3.637086392111337e-20
7965392.362589553	3.596532996315444e-20
8008412.907686516	3.554349643581008e-20
8089245.17492207	3.504164508033007e-20
8204979.670907172	3.467046545575941e-20
8355149.576758036	3.422034921589357e-20
8537845.61643041	3.3798941355672524e-20
8751874.756873524	3.327723775168616e-20
8993785.833563082	3.283708391545983e-20
9262019.804016834	3.2346110664015415e-20
9554714.485006865	3.1787346485736806e-20
9868228.020267872	3.130652147389645e-20
10201544.650198814	3.0693013623934243e-20
10551894.548847612	3.0115936656024886e-20
10915559.54864431	2.959843727309067e-20
11291546.369297696	2.898054199127814e-20
11676069.42511049	2.844407135581782e-20
12067439.99695047	2.7874829819994716e-20
12462326.868205631	2.7368742903831133e-20
12859378.053389674	2.6827037149531083e-20
13256090.85439595	2.6366626253775373e-20
13650823.095330184	2.5912783801393067e-20
14042940.664262593	2.5467377169434382e-20
14430339.909025012	2.5164622567645416e-20
14814648.080616023	2.4734433786224963e-20
15193479.408552207	2.4483965190468835e-20
15568624.85015616	2.4123506274109405e-20
15938800.634693317	2.3908540665029393e-20
16305624.972076353	2.3569800624711288e-20
16667770.547076773	2.3331975757261072e-20
17026668.487111624	2.299043283134804e-20
17381733.68942235	2.273299110633327e-20
17732129.66792201	2.25380388333279e-20
18079980.34539861	2.215360152873479e-20
18423790.97173	2.18903091718453e-20
18763358.341459025	2.1650174686922743e-20
19099925.177863915	2.1321439683452114e-20
19431590.82782467	2.1103790921441858e-20
19760270.357715253	2.073503567552912e-20
20404077.799547814	2.00446508907389e-20
21029540.835215587	1.9536933340939903e-20
21635933.56478985	1.899695680962489e-20
22221071.4388393	1.850934216876155e-20
22784598.773952547	1.798778190783276e-20
23326762.007188223	1.7451124250743094e-20
23848047.749449007	1.6889029173744377e-20
24347074.462858982	1.6358126426480146e-20
24825750.779785085	1.5827807293211485e-20
25286497.810689405	1.5303991243147236e-20
25728647.958237138	1.4827487095226948e-20
26156214.0309411	1.429263488431088e-20
26567341.581159376	1.384363146395353e-20
26965446.14668928	1.3354897083794278e-20
27351035.16761294	1.2889582055300354e-20
27725529.979785778	1.2417324269929251e-20
28089924.642476346	1.1966476296588017e-20
28445107.742808778	1.1529888753373585e-20
28793365.66120744	1.107707010326872e-20
29134562.80313813	1.0639052395546274e-20
29469665.973845035	1.0208748530042762e-20
29800828.837802477	9.755490314963567e-21
30127864.16193488	9.334793826265313e-21
30452287.706016436	8.899198492903984e-21
30775888.10822524	8.466329794758803e-21
31098108.85890008	8.045839995993208e-21
31421578.048850443	7.632203881128366e-21
31746304.924038008	7.234111157499738e-21
32073019.08146472	6.879963325643756e-21
32403336.67448462	6.541693619745939e-21
32739165.90733643	6.225711444681705e-21
33080814.72873514	5.943395906762961e-21
33429060.82871608	5.692904481263526e-21
33786257.026785314	5.442192656526026e-21
34152359.415566005	5.220592992120427e-21
34528764.287909284	5.003047168686482e-21
34916277.58510348	4.796471592391125e-21
35314426.45152262	4.608091943977524e-21
35726646.20531851	4.406908185336386e-21
36151067.92129383	4.233459585165894e-21
36589796.65207228	4.057404712166834e-21
37044588.23539546	3.8830160586767766e-21
37514082.27705964	3.725468961566579e-21
37999004.63867442	3.576651024666338e-21
38500270.56489343	3.424460980390614e-21
39016968.54767167	3.288161841496357e-21
39549265.38356938	3.152519481935864e-21
40098376.48708485	3.0154485082785554e-21
40663428.037119545	2.8885874395490394e-21
41246192.82709617	2.7598897119920528e-21
41844159.15011317	2.644183554135571e-21
42457551.058675066	2.5303536755841542e-21
43086454.18666985	2.4182221478146155e-21
43728907.57954056	2.318622178292649e-21
