1209412.3573041575	8.151627597930754e-21
1815123.2602773837	8.073879240057182e-21
2418463.0491285166	8.07180608021093e-21
3017887.7000312647	8.019636151099505e-21
3610934.39153912	7.990989056705848e-21
4195882.130136642	7.981544604981179e-21
4771527.443073129	7.958521651345395e-21
5337349.582892242	7.941753016040728e-21
5893210.72591164	7.934842721980417e-21
6438578.082154476	7.926966682513055e-21
6974168.014896113	7.900716829281273e-21
7499804.365448475	7.892172118911267e-21
8015064.763306657	7.885695423403784e-21
8520987.443653462	7.838255970090623e-21
9017207.211820075	7.839718435403988e-21
9503171.422761982	7.82699595532329e-21
9979826.462544326	7.788622913532283e-21
10446860.968731228	7.768362884482568e-21
10903760.188577147	7.763610578796054e-21
11350256.07023912	7.718086561072244e-21
11785284.923157351	7.705364261461267e-21
12209280.797819337	7.66970832899419e-21
12621586.236285834	7.623290503654672e-21
13021428.60825954	7.590799331603285e-21
13408104.163154462	7.557652926878288e-21
13780901.148328431	7.496066477518596e-21
14138988.7354082	7.459293403907767e-21
14481278.993583405	7.396682257655827e-21
14806592.187265778	7.34825884327186e-21
15113531.667019458	7.319608898286348e-21
15401755.600255447	7.258521670791107e-21
15670449.880268274	7.207367259940527e-21
15918985.797468381	7.175038664716354e-21
16147694.717513084	7.133293406436747e-21
16356872.252970612	7.090231895602392e-21
16547142.024531005	7.050257585809582e-21
16718957.545400372	7.023518251515703e-21
16873085.12941246	6.958901636053401e-21
17018231.46682404	6.909802690054212e-21
17144646.064926505	6.858054785006497e-21
17253467.338769905	6.793090286386889e-21
17344971.577953074	6.724504199940741e-21
17419467.59174918	6.657007827053277e-21
17477170.812806055	6.5769656258854135e-21
17518339.53347177	6.493901804905039e-21
17542827.02559653	6.405264325570203e-21
17550699.59431817	6.3170392484828915e-21
17541899.575587586	6.223654173652464e-21
17516088.67869765	6.131668993373502e-21
17473000.103588395	6.028335944056539e-21
17412154.937571626	5.930457086110494e-21
17332586.76597351	5.838485287414244e-21
17233925.63811275	5.746687538036253e-21
17115399.70815756	5.668935959792565e-21
16976673.37260159	5.5827226707966276e-21
16817825.4197741	5.5191877173593225e-21
16639306.508385496	5.461312062135254e-21
16441632.234361649	5.426245227262898e-21
16226548.326739116	5.364995084527496e-21
15995003.296342267	5.332063294291335e-21
15748229.825361326	5.2985663625891826e-21
15487140.459825404	5.262024708033954e-21
15213379.588457653	5.21621822218983e-21
14927440.554227639	5.1922575107484195e-21
14631207.443338366	5.135329080306895e-21
14324707.807491222	5.1039966410840016e-21
14009623.754048498	5.064133787505825e-21
13686794.671141962	5.017609689873683e-21
13356848.337837784	4.975441931731539e-21
13021597.782146398	4.921209290838553e-21
12681734.968055435	4.888805033122757e-21
12339019.05704015	4.841504680721405e-21
11995030.534350464	4.793108713819673e-21
11650434.270446744	4.753058775178054e-21
11308051.199477298	4.695860532690025e-21
10968603.895665117	4.655694793404321e-21
10635491.309760917	4.59340566278096e-21
10309441.201636488	4.559511497080823e-21
9993887.534388207	4.507033838725463e-21
9691183.699631328	4.45546011931724e-21
9404218.645905677	4.402738866952198e-21
9135200.059659338	4.367770073758086e-21
8886737.56898447	4.321342327425907e-21
8662658.651938215	4.268792411663316e-21
8465948.961575422	4.217699820049307e-21
8297040.790402322	4.1901216693261595e-21
8161092.834106226	4.129847810202289e-21
8057669.81227203	4.102806557568308e-21
7990634.4908836875	4.05165358792777e-21
7959553.749425905	4.0094061359463585e-21
7965392.362589553	3.9619331608652944e-21
8008412.907686516	3.918127106730003e-21
8089245.17492207	3.8574194829498195e-21
8204979.670907172	3.813974214553749e-21
8355149.576758036	3.763659059387641e-21
8537845.61643041	3.713997888484582e-21
8751874.756873524	3.656458728581024e-21
8993785.833563082	3.608071320710551e-21
9262019.804016834	3.554056959597821e-21
9554714.485006865	3.49037905165862e-21
9868228.020267872	3.438043619348503e-21
10201544.650198814	3.371044126691183e-21
10551894.548847612	3.303840796195879e-21
10915559.54864431	3.2500525919781438e-21
11291546.369297696	3.1828611404448826e-21
11676069.42511049	3.1238514810046947e-21
12067439.99695047	3.056545596598445e-21
12462326.868205631	3.0051854898275523e-21
12859378.053389674	2.9454959309767445e-21
13256090.85439595	2.8934148258794913e-21
13650823.095330184	2.8400521000794913e-21
14042940.664262593	2.793443086821124e-21
14430339.909025012	2.7605472152718896e-21
14814648.080616023	2.71265045415347e-21
15193479.408552207	2.6815004764913537e-21
15568624.85015616	2.6422186318527915e-21
15938800.634693317	2.6208152205893723e-21
16305624.972076353	2.583265879769778e-21
16667770.547076773	2.554435619019827e-21
17026668.487111624	2.5157863443849652e-21
17381733.68942235	2.4895065147756257e-21
17732129.66792201	2.468079567823094e-21
18079980.34539861	2.4264726759140316e-21
18423790.97173	2.3951763024876794e-21
18763358.341459025	2.3684802465292173e-21
19099925.177863915	2.3340329593677682e-21
19431590.82782467	2.3112994908564974e-21
19760270.357715253	2.2684019658313955e-21
20404077.799547814	2.1906567383679474e-21
21029540.835215587	2.138946415548601e-21
21635933.56478985	2.074171273008293e-21
22221071.4388393	2.0253420498322354e-21
22784598.773952547	1.9641057302601547e-21
23326762.007188223	1.9064098349111167e-21
23848047.749449007	1.844139338615338e-21
24347074.462858982	1.783625592746776e-21
24825750.779785085	1.7283552555571887e-21
25286497.810689405	1.6661559724167551e-21
25728647.958237138	1.6176243047122394e-21
26156214.0309411	1.5559417149093434e-21
26567341.581159376	1.506959151027971e-21
26965446.14668928	1.4542138814465476e-21
27351035.16761294	1.4002320069614802e-21
27725529.979785778	1.3518903145901692e-21
28089924.642476346	1.298870962249602e-21
28445107.742808778	1.2528607644357185e-21
28793365.66120744	1.2028816029075923e-21
29134562.80313813	1.1538286072293315e-21
29469665.973845035	1.1103470219836758e-21
29800828.837802477	1.0571706830971633e-21
30127864.16193488	1.0120636939240167e-21
30452287.706016436	9.663225282139785e-22
30775888.10822524	9.166288184291345e-22
31098108.85890008	8.721102660346531e-22
31421578.048850443	8.274811745928321e-22
31746304.924038008	7.821711064093639e-22
32073019.08146472	7.445375280648559e-22
32403336.67448462	7.08732082834656e-22
32739165.90733643	6.722786278723746e-22
33080814.72873514	6.415781562267101e-22
33429060.82871608	6.15881027894169e-22
33786257.026785314	5.873499546350195e-22
34152359.415566005	5.627852817306715e-22
34528764.287909284	5.401801752948732e-22
34916277.58510348	5.185261752492802e-22
35314426.45152262	4.969044424908432e-22
35726646.20531851	4.75148080792272e-22
36151067.92129383	4.576653131511466e-22
36589796.65207228	4.385060030908765e-22
37044588.23539546	4.1867589334876484e-22
37514082.27705964	4.017624118878093e-22
37999004.63867442	3.8672071146143595e-22
38500270.56489343	3.7001733209240415e-22
39016968.54767167	3.546495267464493e-22
39549265.38356938	3.4008626536357365e-22
40098376.48708485	3.260439029731269e-22
40663428.037119545	3.1221145532767567e-22
41246192.82709617	2.9775229308903455e-22
41844159.15011317	2.853374643060936e-22
42457551.058675066	2.736283720851135e-22
43086454.18666985	2.6143229049851486e-22
43728907.57954056	2.502061807188801e-22
