1209412.3573041575	4.517082461712604e-20
1815123.2602773837	4.480199877164725e-20
2418463.0491285166	4.472450061773747e-20
3017887.7000312647	4.445060460069779e-20
3610934.39153912	4.436063359646795e-20
4195882.130136642	4.4240863595469853e-20
4771527.443073129	4.41499469783146e-20
5337349.582892242	4.4088601396251764e-20
5893210.72591164	4.400204911708854e-20
6438578.082154476	4.39766308391638e-20
6974168.014896113	4.386428685668889e-20
7499804.365448475	4.377986839819061e-20
8015064.763306657	4.3765248576567437e-20
8520987.443653462	4.351426702341194e-20
9017207.211820075	4.351173494483296e-20
9503171.422761982	4.343951235219561e-20
9979826.462544326	4.324516749068895e-20
10446860.968731228	4.3114787111436953e-20
10903760.188577147	4.3079985055834564e-20
11350256.07023912	4.287501997423077e-20
11785284.923157351	4.27562359509297e-20
12209280.797819337	4.254610380699408e-20
12621586.236285834	4.2349654178904666e-20
13021428.60825954	4.212008669502335e-20
13408104.163154462	4.1916656449778615e-20
13780901.148328431	4.163096582303039e-20
14138988.7354082	4.136475510748293e-20
14481278.993583405	4.102434953571226e-20
14806592.187265778	4.08011117503068e-20
15113531.667019458	4.0589013151102217e-20
15401755.600255447	4.02559805916493e-20
15670449.880268274	4.0014131753774615e-20
15918985.797468381	3.979294981610194e-20
16147694.717513084	3.9558258264723995e-20
16356872.252970612	3.934566029559422e-20
16547142.024531005	3.911481213356977e-20
16718957.545400372	3.8943727854638615e-20
16873085.12941246	3.8621964727099265e-20
17018231.46682404	3.833276326942735e-20
17144646.064926505	3.802383880185219e-20
17253467.338769905	3.769056657815627e-20
17344971.577953074	3.7300089669910173e-20
17419467.59174918	3.6915493094095446e-20
17477170.812806055	3.647742204122581e-20
17518339.53347177	3.6010300975010836e-20
17542827.02559653	3.551364918206011e-20
17550699.59431817	3.502273072672279e-20
17541899.575587586	3.4489107799061286e-20
17516088.67869765	3.399422218424503e-20
17473000.103588395	3.3395036615102644e-20
17412154.937571626	3.2844676264038694e-20
17332586.76597351	3.2370593943379225e-20
17233925.63811275	3.182304852232111e-20
17115399.70815756	3.139489707581033e-20
16976673.37260159	3.094159150635247e-20
16817825.4197741	3.0568818614945137e-20
16639306.508385496	3.0259242136919724e-20
16441632.234361649	3.0050182111022703e-20
16226548.326739116	2.972822045962833e-20
15995003.296342267	2.955350164199973e-20
15748229.825361326	2.9341883804021177e-20
15487140.459825404	2.918802336413441e-20
15213379.588457653	2.8892833795796584e-20
14927440.554227639	2.873961954233192e-20
14631207.443338366	2.844544803591133e-20
14324707.807491222	2.82729155404929e-20
14009623.754048498	2.8051873664174555e-20
13686794.671141962	2.782265889336423e-20
13356848.337837784	2.7610478307512415e-20
13021597.782146398	2.725405177561993e-20
12681734.968055435	2.7044771804702008e-20
12339019.05704015	2.6769216908381657e-20
11995030.534350464	2.6504576671161926e-20
11650434.270446744	2.6287946268365163e-20
11308051.199477298	2.5966429543944453e-20
10968603.895665117	2.574901977060629e-20
10635491.309760917	2.5385902987932066e-20
10309441.201636488	2.5191253390931266e-20
9993887.534388207	2.4885618858569688e-20
9691183.699631328	2.4582656475368937e-20
9404218.645905677	2.4285040745020326e-20
9135200.059659338	2.4052419943907698e-20
8886737.56898447	2.3799935261189693e-20
8662658.651938215	2.350639898177081e-20
8465948.961575422	2.3202365293003456e-20
8297040.790402322	2.3048333958049706e-20
8161092.834106226	2.2724536713041812e-20
8057669.81227203	2.253695336098147e-20
7990634.4908836875	2.2256563230806846e-20
7959553.749425905	2.2045758505085056e-20
7965392.362589553	2.1820938856910523e-20
8008412.907686516	2.1594463579968864e-20
8089245.17492207	2.130797337294128e-20
8204979.670907172	2.1098920733333377e-20
8355149.576758036	2.0835000528973088e-20
8537845.61643041	2.0581746658818476e-20
8751874.756873524	2.0263540084620046e-20
8993785.833563082	2.0002097212099925e-20
9262019.804016834	1.9698627268851113e-20
9554714.485006865	1.93490039098753e-20
9868228.020267872	1.906003357619711e-20
10201544.650198814	1.8684630359959333e-20
10551894.548847612	1.832395923544145e-20
10915559.54864431	1.8013496586946558e-20
11291546.369297696	1.7638552471129918e-20
11676069.42511049	1.7308280902193637e-20
12067439.99695047	1.6954590968429256e-20
12462326.868205631	1.6653036807596373e-20
12859378.053389674	1.6323532678488003e-20
13256090.85439595	1.6045104615865436e-20
13650823.095330184	1.5765117172881043e-20
14042940.664262593	1.5498823216960515e-20
14430339.909025012	1.53166453326604e-20
14814648.080616023	1.505473329145295e-20
15193479.408552207	1.4903999854491802e-20
15568624.85015616	1.4687559841087573e-20
15938800.634693317	1.455602135793608e-20
16305624.972076353	1.4348648830855803e-20
16667770.547076773	1.4209558349203595e-20
17026668.487111624	1.4001795762441284e-20
17381733.68942235	1.384611832963727e-20
17732129.66792201	1.3723068571559e-20
18079980.34539861	1.349581529543522e-20
18423790.97173	1.333729288375827e-20
18763358.341459025	1.3189238898695676e-20
19099925.177863915	1.2985669617386096e-20
19431590.82782467	1.2856181667053203e-20
19760270.357715253	1.2628059504799245e-20
20404077.799547814	1.2199956399009415e-20
21029540.835215587	1.1892002608439068e-20
21635933.56478985	1.1552752066011605e-20
22221071.4388393	1.1260032573356598e-20
22784598.773952547	1.0935839784135332e-20
23326762.007188223	1.0603700266335013e-20
23848047.749449007	1.0258746909868364e-20
24347074.462858982	9.928577020887591e-21
24825750.779785085	9.604739039233053e-21
25286497.810689405	9.276248036771961e-21
25728647.958237138	8.988161314681985e-21
26156214.0309411	8.657402120086139e-21
26567341.581159376	8.380513640524551e-21
26965446.14668928	8.081053948932405e-21
27351035.16761294	7.79029484120303e-21
27725529.979785778	7.506248333286783e-21
28089924.642476346	7.22504616951557e-21
28445107.742808778	6.961924958385814e-21
28793365.66120744	6.68497112021757e-21
29134562.80313813	6.41610383672449e-21
29469665.973845035	6.15944829578788e-21
29800828.837802477	5.8771874212700104e-21
30127864.16193488	5.6230936659092735e-21
30452287.706016436	5.3621605722735535e-21
30775888.10822524	5.093746798273031e-21
31098108.85890008	4.841405461743394e-21
31421578.048850443	4.5916397256496566e-21
31746304.924038008	4.3453635247452294e-21
32073019.08146472	4.1323993543220395e-21
32403336.67448462	3.92980525255297e-21
32739165.90733643	3.732981908288545e-21
33080814.72873514	3.5613384404766414e-21
33429060.82871608	3.4139415623749356e-21
33786257.026785314	3.2593119619974287e-21
34152359.415566005	3.1243455318689034e-21
34528764.287909284	2.9964040794532e-21
34916277.58510348	2.8747765143545113e-21
35314426.45152262	2.7582624895142556e-21
35726646.20531851	2.6369319181877344e-21
36151067.92129383	2.5368523365080803e-21
36589796.65207228	2.4313010093877185e-21
37044588.23539546	2.323501169690259e-21
37514082.27705964	2.2294931806929622e-21
37999004.63867442	2.143833403336024e-21
38500270.56489343	2.0516038394531335e-21
39016968.54767167	1.967688581447107e-21
39549265.38356938	1.886938736748064e-21
40098376.48708485	1.8077675820529882e-21
40663428.037119545	1.7310358096551913e-21
41246192.82709617	1.6518343291165362e-21
41844159.15011317	1.583019094622429e-21
42457551.058675066	1.5170625258891386e-21
43086454.18666985	1.4494938323070067e-21
43728907.57954056	1.3881819608253044e-21
