1209412.3573041575	1.0607431617688741e-19
1815123.2602773837	1.0527024269189559e-19
2418463.0491285166	1.0505127585254985e-19
3017887.7000312647	1.0439058436531557e-19
3610934.39153912	1.0417097317868345e-19
4195882.130136642	1.0384974943790341e-19
4771527.443073129	1.036019688583629e-19
5337349.582892242	1.0345656321038948e-19
5893210.72591164	1.0319350050065562e-19
6438578.082154476	1.030989648108842e-19
6974168.014896113	1.0283849805038934e-19
7499804.365448475	1.0257080281491627e-19
8015064.763306657	1.0248699905562671e-19
8520987.443653462	1.019407069621891e-19
9017207.211820075	1.0183425572490384e-19
9503171.422761982	1.0164563746907988e-19
9979826.462544326	1.0122044531709959e-19
10446860.968731228	1.0085044205807686e-19
10903760.188577147	1.0075594818333148e-19
11350256.07023912	1.0027309469648522e-19
11785284.923157351	9.999108997479608e-20
12209280.797819337	9.950783862822485e-20
12621586.236285834	9.904363623002833e-20
13021428.60825954	9.85382916680522e-20
13408104.163154462	9.806518688749061e-20
13780901.148328431	9.742023993491541e-20
14138988.7354082	9.681731066384501e-20
14481278.993583405	9.605411670739954e-20
14806592.187265778	9.553584720782243e-20
15113531.667019458	9.505593832490126e-20
15401755.600255447	9.429467281449648e-20
15670449.880268274	9.373002043366079e-20
15918985.797468381	9.321930516935824e-20
16147694.717513084	9.268830368246563e-20
16356872.252970612	9.217472122818557e-20
16547142.024531005	9.164378504879153e-20
16718957.545400372	9.124116818773295e-20
16873085.12941246	9.049388950546733e-20
17018231.46682404	8.980034381979535e-20
17144646.064926505	8.911092641608347e-20
17253467.338769905	8.833957887411772e-20
17344971.577953074	8.742133279119822e-20
17419467.59174918	8.655702518924499e-20
17477170.812806055	8.554481775799259e-20
17518339.53347177	8.448574774431946e-20
17542827.02559653	8.337249978601055e-20
17550699.59431817	8.226910954596327e-20
17541899.575587586	8.103489398112525e-20
17516088.67869765	7.991977879824589e-20
17473000.103588395	7.85706235857746e-20
17412154.937571626	7.729512334525903e-20
17332586.76597351	7.62015199998336e-20
17233925.63811275	7.494406758505834e-20
17115399.70815756	7.392527650383184e-20
16976673.37260159	7.285006179603579e-20
16817825.4197741	7.196996553583885e-20
16639306.508385496	7.119752802812998e-20
16441632.234361649	7.066542634465575e-20
16226548.326739116	6.987983063036391e-20
15995003.296342267	6.939425579379427e-20
15748229.825361326	6.883644138594464e-20
15487140.459825404	6.838852715053587e-20
15213379.588457653	6.76555365211973e-20
14927440.554227639	6.725865063686644e-20
14631207.443338366	6.646042293257121e-20
14324707.807491222	6.600378080781332e-20
14009623.754048498	6.534432501659875e-20
13686794.671141962	6.473622520651064e-20
13356848.337837784	6.412484956840187e-20
13021597.782146398	6.32924003435113e-20
12681734.968055435	6.27196091628715e-20
12339019.05704015	6.200071610932718e-20
11995030.534350464	6.13030682390904e-20
11650434.270446744	6.071911646853644e-20
11308051.199477298	5.990157125858767e-20
10968603.895665117	5.931410829946947e-20
10635491.309760917	5.840879270460168e-20
10309441.201636488	5.786174048718713e-20
9993887.534388207	5.707426688600136e-20
9691183.699631328	5.630965337595751e-20
9404218.645905677	5.554777445172256e-20
9135200.059659338	5.490798295565404e-20
8886737.56898447	5.425163371119802e-20
8662658.651938215	5.3487192945229226e-20
8465948.961575422	5.271798635540064e-20
8297040.790402322	5.225519983418698e-20
8161092.834106226	5.146310025089803e-20
8057669.81227203	5.097516559915431e-20
7990634.4908836875	5.025681511937378e-20
7959553.749425905	4.973049410365919e-20
7965392.362589553	4.9168655477201145e-20
8008412.907686516	4.861267683519757e-20
8089245.17492207	4.793097070827644e-20
8204979.670907172	4.744069906647284e-20
8355149.576758036	4.683414728435037e-20
8537845.61643041	4.623837755255102e-20
8751874.756873524	4.5536894942397394e-20
8993785.833563082	4.4953556698562383e-20
9262019.804016834	4.426972411462888e-20
9554714.485006865	4.349739091638814e-20
9868228.020267872	4.285795323400807e-20
10201544.650198814	4.2021036577923466e-20
10551894.548847612	4.121737724466949e-20
10915559.54864431	4.052856098377685e-20
11291546.369297696	3.9694280689456626e-20
11676069.42511049	3.8953686238865086e-20
12067439.99695047	3.816237644242795e-20
12462326.868205631	3.7484138904142963e-20
12859378.053389674	3.675122479070946e-20
13256090.85439595	3.6115245390436155e-20
13650823.095330184	3.548663883622445e-20
14042940.664262593	3.4884968599702045e-20
14430339.909025012	3.446630288388011e-20
14814648.080616023	3.386960093078484e-20
15193479.408552207	3.3528627951860896e-20
15568624.85015616	3.304058088300725e-20
15938800.634693317	3.273806808729084e-20
16305624.972076353	3.226727856117225e-20
16667770.547076773	3.1955136998309785e-20
17026668.487111624	3.14925896159351e-20
17381733.68942235	3.1135210723565827e-20
17732129.66792201	3.085787260300687e-20
18079980.34539861	3.034445586030615e-20
18423790.97173	2.999410619073338e-20
18763358.341459025	2.966243310826565e-20
19099925.177863915	2.920421262439131e-20
19431590.82782467	2.891219909530712e-20
19760270.357715253	2.840995199596467e-20
20404077.799547814	2.746679625745688e-20
21029540.835215587	2.677332989535775e-20
21635933.56478985	2.6025216153639785e-20
22221071.4388393	2.5358532702265442e-20
22784598.773952547	2.4638547103821617e-20
23326762.007188223	2.389372506796081e-20
23848047.749449007	2.3121533532676694e-20
24347074.462858982	2.2385460461120463e-20
24825750.779785085	2.165440074625909e-20
25286497.810689405	2.092843051770072e-20
25728647.958237138	2.0273868815216925e-20
26156214.0309411	1.9539429437312367e-20
26567341.581159376	1.8917012878461845e-20
26965446.14668928	1.8242503708359225e-20
27351035.16761294	1.759932376184719e-20
27725529.979785778	1.6952114976432235e-20
28089924.642476346	1.6329799912383688e-20
28445107.742808778	1.573406062730938e-20
28793365.66120744	1.5112474428925457e-20
29134562.80313813	1.451311325841698e-20
29469665.973845035	1.3925525356221308e-20
29800828.837802477	1.3302487778138174e-20
30127864.16193488	1.272779929971693e-20
30452287.706016436	1.2134435494611575e-20
30775888.10822524	1.1542693336399198e-20
31098108.85890008	1.0967977743778893e-20
31421578.048850443	1.0402753803091989e-20
31746304.924038008	9.857043532438432e-21
32073019.08146472	9.372481367175055e-21
32403336.67448462	8.910539838459413e-21
32739165.90733643	8.474117455172104e-21
33080814.72873514	8.085734296345563e-21
33429060.82871608	7.745572360350725e-21
33786257.026785314	7.40061334028581e-21
34152359.415566005	7.098440520372579e-21
34528764.287909284	6.804636389270276e-21
34916277.58510348	6.5261916866113285e-21
35314426.45152262	6.26763726966562e-21
35726646.20531851	5.9937305927751106e-21
36151067.92129383	5.761482880332474e-21
36589796.65207228	5.522370345280663e-21
37044588.23539546	5.282641163875547e-21
37514082.27705964	5.068944661372754e-21
37999004.63867442	4.869627475814082e-21
38500270.56489343	4.662221503533814e-21
39016968.54767167	4.4748212708844496e-21
39549265.38356938	4.2907150714614904e-21
40098376.48708485	4.1075642810776105e-21
40663428.037119545	3.934500353462917e-21
41246192.82709617	3.7572951833263784e-21
41844159.15011317	3.6003729563331354e-21
42457551.058675066	3.447759396093907e-21
43086454.18666985	3.29518014684428e-21
43728907.57954056	3.1580047792466716e-21
