1209412.3573041575	3.1604242308233453e-19
1815123.2602773837	3.1360901154535924e-19
2418463.0491285166	3.131679141384973e-19
3017887.7000312647	3.113727671114958e-19
3610934.39153912	3.104189146223958e-19
4195882.130136642	3.098858758847573e-19
4771527.443073129	3.0916340356362717e-19
5337349.582892242	3.086485676575297e-19
5893210.72591164	3.0806811208538053e-19
6438578.082154476	3.07756769902697e-19
6974168.014896113	3.071268294634374e-19
7499804.365448475	3.063320729844108e-19
8015064.763306657	3.0601730678193467e-19
8520987.443653462	3.0469790002962763e-19
9017207.211820075	3.041877227570231e-19
9503171.422761982	3.035803224912326e-19
9979826.462544326	3.026684901668951e-19
10446860.968731228	3.013165859005845e-19
10903760.188577147	3.0108485259068955e-19
11350256.07023912	2.9982886256475173e-19
11785284.923157351	2.988455050236079e-19
12209280.797819337	2.974375697669272e-19
12621586.236285834	2.960697546045862e-19
13021428.60825954	2.945228906168171e-19
13408104.163154462	2.9311420218703796e-19
13780901.148328431	2.9123687595593186e-19
14138988.7354082	2.893556758022151e-19
14481278.993583405	2.8709970534727435e-19
14806592.187265778	2.855768103072303e-19
15113531.667019458	2.8408455160136705e-19
15401755.600255447	2.818265528133313e-19
15670449.880268274	2.802009363515965e-19
15918985.797468381	2.786115503079099e-19
16147694.717513084	2.7703069894241996e-19
16356872.252970612	2.755670185739265e-19
16547142.024531005	2.739377055363193e-19
16718957.545400372	2.727344865991437e-19
16873085.12941246	2.705696860047664e-19
17018231.46682404	2.6843466421049004e-19
17144646.064926505	2.6639238109104927e-19
17253467.338769905	2.641612474504101e-19
17344971.577953074	2.613611184265394e-19
17419467.59174918	2.5877076197244504e-19
17477170.812806055	2.5579075050316413e-19
17518339.53347177	2.5255823433228543e-19
17542827.02559653	2.492567148005524e-19
17550699.59431817	2.4598139517900035e-19
17541899.575587586	2.422355782502981e-19
17516088.67869765	2.3888328699860854e-19
17473000.103588395	2.3493170762636354e-19
17412154.937571626	2.3105538679701173e-19
17332586.76597351	2.277427688369456e-19
17233925.63811275	2.2406768885074664e-19
17115399.70815756	2.2100060862147195e-19
16976673.37260159	2.177646187829414e-19
16817825.4197741	2.152292002847122e-19
16639306.508385496	2.1283837810502952e-19
16441632.234361649	2.1134516905286228e-19
16226548.326739116	2.0910282175412018e-19
15995003.296342267	2.0753839705811033e-19
15748229.825361326	2.059033704226868e-19
15487140.459825404	2.046475002076099e-19
15213379.588457653	2.024271249751724e-19
14927440.554227639	2.0125835520777996e-19
14631207.443338366	1.9878024907492723e-19
14324707.807491222	1.9742262106328454e-19
14009623.754048498	1.9514913065412113e-19
13686794.671141962	1.93370108384527e-19
13356848.337837784	1.9132265048757416e-19
13021597.782146398	1.8896573131154213e-19
12681734.968055435	1.8714555686231254e-19
12339019.05704015	1.8493222029298643e-19
11995030.534350464	1.826823528961298e-19
11650434.270446744	1.8091364166821575e-19
11308051.199477298	1.78293270411379e-19
10968603.895665117	1.764844120829056e-19
10635491.309760917	1.7367875180611085e-19
10309441.201636488	1.7190803673335468e-19
9993887.534388207	1.6948362311654282e-19
9691183.699631328	1.6710840071687044e-19
9404218.645905677	1.647195934972068e-19
9135200.059659338	1.626850410473646e-19
8886737.56898447	1.6064430894226293e-19
8662658.651938215	1.5828875662979092e-19
8465948.961575422	1.5587731967675566e-19
8297040.790402322	1.5438618538383464e-19
8161092.834106226	1.5193037772358174e-19
8057669.81227203	1.5039437138418949e-19
7990634.4908836875	1.4815366714415654e-19
7959553.749425905	1.4653298763546148e-19
7965392.362589553	1.4483747978827404e-19
8008412.907686516	1.431023264893261e-19
8089245.17492207	1.4104467950886118e-19
8204979.670907172	1.395685619712744e-19
8355149.576758036	1.37771775975736e-19
8537845.61643041	1.3600677353758277e-19
8751874.756873524	1.3393878528655422e-19
8993785.833563082	1.3220341949692463e-19
9262019.804016834	1.301891251291497e-19
9554714.485006865	1.2792657244798576e-19
9868228.020267872	1.26019042107601e-19
10201544.650198814	1.2355707089878518e-19
10551894.548847612	1.2120774379361793e-19
10915559.54864431	1.1916007715738412e-19
11291546.369297696	1.1668586003470048e-19
11676069.42511049	1.1450726480577795e-19
12067439.99695047	1.1219554658632708e-19
12462326.868205631	1.1018281891702947e-19
12859378.053389674	1.080115431030531e-19
13256090.85439595	1.0614187938919964e-19
13650823.095330184	1.0431239057784355e-19
14042940.664262593	1.0252247389701555e-19
14430339.909025012	1.0127783683770273e-19
14814648.080616023	9.954153395660335e-20
15193479.408552207	9.855325246319393e-20
15568624.85015616	9.711612335925432e-20
15938800.634693317	9.621105718894855e-20
16305624.972076353	9.483206375195199e-20
16667770.547076773	9.392770335707662e-20
17026668.487111624	9.258097656042263e-20
17381733.68942235	9.152049404939168e-20
17732129.66792201	9.070246696356351e-20
18079980.34539861	8.919796139859679e-20
18423790.97173	8.818222707179261e-20
18763358.341459025	8.721057112849368e-20
19099925.177863915	8.585176355161812e-20
19431590.82782467	8.499127851136741e-20
19760270.357715253	8.353524830227323e-20
20404077.799547814	8.078139816451585e-20
21029540.835215587	7.874874875161759e-20
21635933.56478985	7.660203448593313e-20
22221071.4388393	7.465151046523469e-20
22784598.773952547	7.257932138510617e-20
23326762.007188223	7.041831535298495e-20
23848047.749449007	6.818198754714934e-20
24347074.462858982	6.606399078681966e-20
24825750.779785085	6.393211212456264e-20
25286497.810689405	6.184622301976846e-20
25728647.958237138	5.992321321357219e-20
26156214.0309411	5.779512950030842e-20
26567341.581159376	5.597281070990261e-20
26965446.14668928	5.3996477805417033e-20
27351035.16761294	5.2119561294349195e-20
27725529.979785778	5.02024072027988e-20
28089924.642476346	4.8380854567087094e-20
28445107.742808778	4.6609903888064165e-20
28793365.66120744	4.477159305430522e-20
29134562.80313813	4.3003253581919427e-20
29469665.973845035	4.1248041219445817e-20
29800828.837802477	3.941254327628794e-20
30127864.16193488	3.7700484027557885e-20
30452287.706016436	3.59321941243648e-20
30775888.10822524	3.418609778220441e-20
31098108.85890008	3.2474270950464173e-20
31421578.048850443	3.079433052909089e-20
31746304.924038008	2.918692123971209e-20
32073019.08146472	2.774555465991829e-20
32403336.67448462	2.6371007343056067e-20
32739165.90733643	2.508780181546829e-20
33080814.72873514	2.3936028265529514e-20
33429060.82871608	2.292063134397837e-20
33786257.026785314	2.190487498360424e-20
34152359.415566005	2.1011244216653596e-20
34528764.287909284	2.013777613283776e-20
34916277.58510348	1.9310035340576563e-20
35314426.45152262	1.8549309768538735e-20
35726646.20531851	1.7738084348345597e-20
36151067.92129383	1.7044037460340874e-20
36589796.65207228	1.6335694314948835e-20
37044588.23539546	1.563030869570926e-20
37514082.27705964	1.499705591500564e-20
37999004.63867442	1.4401897871096458e-20
38500270.56489343	1.3789458707033494e-20
39016968.54767167	1.3237000533339232e-20
39549265.38356938	1.2690862220325321e-20
40098376.48708485	1.2144743365409878e-20
40663428.037119545	1.1634221180583485e-20
41246192.82709617	1.1111943416587916e-20
41844159.15011317	1.0646756704501806e-20
42457551.058675066	1.0192409988813928e-20
43086454.18666985	9.741673791518897e-21
43728907.57954056	9.337522231637979e-21
