1209412.3573041575	1.3652506743574568e-20
1815123.2602773837	1.3521784509365365e-20
2418463.0491285166	1.3517527802224483e-20
3017887.7000312647	1.3431348872593604e-20
3610934.39153912	1.3383218630187982e-20
4195882.130136642	1.3365776737670512e-20
4771527.443073129	1.3329504843674855e-20
5337349.582892242	1.329998157557927e-20
5893210.72591164	1.3287685012484033e-20
6438578.082154476	1.3275385904423624e-20
6974168.014896113	1.3230727416662727e-20
7499804.365448475	1.321594947284769e-20
8015064.763306657	1.3205419626353806e-20
8520987.443653462	1.3126379808599579e-20
9017207.211820075	1.3126709550955456e-20
9503171.422761982	1.3106455933852292e-20
9979826.462544326	1.3042361274365927e-20
10446860.968731228	1.3007401595360879e-20
10903760.188577147	1.3001049014081647e-20
11350256.07023912	1.292475933331605e-20
11785284.923157351	1.2902036826286555e-20
12209280.797819337	1.2843914170575954e-20
12621586.236285834	1.2765894456500582e-20
13021428.60825954	1.2711418751791907e-20
13408104.163154462	1.2657678012768297e-20
13780901.148328431	1.2554204896876185e-20
14138988.7354082	1.2492735754670135e-20
14481278.993583405	1.2389060418850402e-20
14806592.187265778	1.2307518377695952e-20
15113531.667019458	1.225928243485405e-20
15401755.600255447	1.2159029217621294e-20
15670449.880268274	1.207231500194532e-20
15918985.797468381	1.2017187603008419e-20
16147694.717513084	1.195094640135222e-20
16356872.252970612	1.1875046588643524e-20
16547142.024531005	1.1809970280831903e-20
16718957.545400372	1.1767566696294613e-20
16873085.12941246	1.165727893257594e-20
17018231.46682404	1.157406965868899e-20
17144646.064926505	1.1490360068777512e-20
17253467.338769905	1.137999431356659e-20
17344971.577953074	1.1265099914328207e-20
17419467.59174918	1.1155051065539037e-20
17477170.812806055	1.1018460245081352e-20
17518339.53347177	1.0879805381725687e-20
17542827.02559653	1.0734633261730842e-20
17550699.59431817	1.0585633122621582e-20
17541899.575587586	1.0428657924575647e-20
17516088.67869765	1.0279012047146282e-20
17473000.103588395	1.0103014116293297e-20
17412154.937571626	9.938993400966992e-21
17332586.76597351	9.789369880137069e-21
17233925.63811275	9.631908991784021e-21
17115399.70815756	9.501282336563026e-21
16976673.37260159	9.359727967701587e-21
16817825.4197741	9.251283202928213e-21
16639306.508385496	9.150842305170094e-21
16441632.234361649	9.095266777951687e-21
16226548.326739116	8.992675322831133e-21
15995003.296342267	8.934355991172807e-21
15748229.825361326	8.876720491414008e-21
15487140.459825404	8.817704223801317e-21
15213379.588457653	8.738913438786218e-21
14927440.554227639	8.695974222038408e-21
14631207.443338366	8.60317202956803e-21
14324707.807491222	8.549845179936547e-21
14009623.754048498	8.481631578523045e-21
13686794.671141962	8.401660470359264e-21
13356848.337837784	8.33387845584119e-21
13021597.782146398	8.237874178752982e-21
12681734.968055435	8.184860927914243e-21
12339019.05704015	8.103191762410105e-21
11995030.534350464	8.021005279647147e-21
11650434.270446744	7.948798136473858e-21
11308051.199477298	7.85604894725502e-21
10968603.895665117	7.78812459591588e-21
10635491.309760917	7.685636395178972e-21
10309441.201636488	7.624913911230172e-21
9993887.534388207	7.541061030780449e-21
9691183.699631328	7.450665462270611e-21
9404218.645905677	7.362729821115923e-21
9135200.059659338	7.302741414199881e-21
8886737.56898447	7.224540441677283e-21
8662658.651938215	7.13454971663182e-21
8465948.961575422	7.048692977487894e-21
8297040.790402322	7.001821267676308e-21
8161092.834106226	6.899186171772671e-21
8057669.81227203	6.852931945356075e-21
7990634.4908836875	6.770298502758096e-21
7959553.749425905	6.699648427247273e-21
7965392.362589553	6.62239538258743e-21
8008412.907686516	6.549911223793386e-21
8089245.17492207	6.449327305739501e-21
8204979.670907172	6.376316110188491e-21
8355149.576758036	6.2922282910177e-21
8537845.61643041	6.210562882440543e-21
8751874.756873524	6.11379668704449e-21
8993785.833563082	6.03303714002917e-21
9262019.804016834	5.943372135548834e-21
9554714.485006865	5.837156928075481e-21
9868228.020267872	5.749490321726341e-21
10201544.650198814	5.6373637057639745e-21
10551894.548847612	5.526218031513811e-21
10915559.54864431	5.4358059064279794e-21
11291546.369297696	5.323002164640573e-21
11676069.42511049	5.225271425217679e-21
12067439.99695047	5.113168153621672e-21
12462326.868205631	5.026412228695633e-21
12859378.053389674	4.926513092839362e-21
13256090.85439595	4.840350137461261e-21
13650823.095330184	4.751260988036419e-21
14042940.664262593	4.672894642505124e-21
14430339.909025012	4.61742813624867e-21
14814648.080616023	4.537638651988159e-21
15193479.408552207	4.4860561996246605e-21
15568624.85015616	4.420503770150941e-21
15938800.634693317	4.383470601893571e-21
16305624.972076353	4.320563840166712e-21
16667770.547076773	4.2737092570890555e-21
17026668.487111624	4.209194632070256e-21
17381733.68942235	4.164783336635443e-21
17732129.66792201	4.128565694396369e-21
18079980.34539861	4.059460539634074e-21
18423790.97173	4.007473671183864e-21
18763358.341459025	3.962970856722076e-21
19099925.177863915	3.9048592537455096e-21
19431590.82782467	3.866464874658066e-21
19760270.357715253	3.7954060293010715e-21
20404077.799547814	3.665841310980431e-21
21029540.835215587	3.578313302748795e-21
21635933.56478985	3.4711530231086616e-21
22221071.4388393	3.388682115404156e-21
22784598.773952547	3.2871650443581565e-21
23326762.007188223	3.1904390734932687e-21
23848047.749449007	3.0863039449552904e-21
24347074.462858982	2.985380699322437e-21
24825750.779785085	2.892142155987477e-21
25286497.810689405	2.789044732478965e-21
25728647.958237138	2.7070295378284427e-21
26156214.0309411	2.6045762759143496e-21
26567341.581159376	2.522564340168137e-21
26965446.14668928	2.434249244935107e-21
27351035.16761294	2.344361302363552e-21
27725529.979785778	2.262700818564561e-21
28089924.642476346	2.1747937973410294e-21
28445107.742808778	2.0975516183678304e-21
28793365.66120744	2.014107966558331e-21
29134562.80313813	1.9321713475638418e-21
29469665.973845035	1.8588190523306285e-21
29800828.837802477	1.770510077884666e-21
30127864.16193488	1.6949212459786757e-21
30452287.706016436	1.6181995554390964e-21
30775888.10822524	1.5353760572242044e-21
31098108.85890008	1.4606773524762548e-21
31421578.048850443	1.3859650518975058e-21
31746304.924038008	1.3103488988149632e-21
32073019.08146472	1.247143430405243e-21
32403336.67448462	1.1871684558163223e-21
32739165.90733643	1.1262943889227654e-21
33080814.72873514	1.0749111758751578e-21
33429060.82871608	1.0318540174489e-21
33786257.026785314	9.840671970094523e-22
34152359.415566005	9.430232922645163e-22
34528764.287909284	9.05063639362754e-22
34916277.58510348	8.687833692592947e-22
35314426.45152262	8.326415208231026e-22
35726646.20531851	7.961866943928825e-22
36151067.92129383	7.667815225288251e-22
36589796.65207228	7.347202733353315e-22
37044588.23539546	7.0159119789359645e-22
37514082.27705964	6.732617351181778e-22
37999004.63867442	6.480304022276201e-22
38500270.56489343	6.199964206060903e-22
39016968.54767167	5.942727471173422e-22
39549265.38356938	5.699055777311127e-22
40098376.48708485	5.464030507064787e-22
40663428.037119545	5.231760546946133e-22
41246192.82709617	4.989698968785025e-22
41844159.15011317	4.781746395059813e-22
42457551.058675066	4.585901018896238e-22
43086454.18666985	4.3813080885950235e-22
43728907.57954056	4.193193112141849e-22
