     R_cyl [km]         z [km]        T [MeV]
    5.00000E-01    2.04952E+01    3.75097E+00
    1.50000E+00    2.03870E+01    4.00647E+00
    2.50000E+00    2.02787E+01    4.00836E+00
    3.50000E+00    2.02244E+01    3.96129E+00
    4.50000E+00    2.01922E+01    3.80530E+00
    5.50000E+00    2.01475E+01    3.56880E+00
    6.50000E+00    2.00696E+01    3.08599E+00
    7.50000E+00    1.98974E+01    1.04957E+00
    8.50000E+00    1.94994E+01    2.46468E+00
    9.50000E+00    1.94219E+01    4.19713E+00
    1.05000E+01    1.93204E+01    3.79846E+00
    1.15000E+01    1.91281E+01    1.84727E+00
    1.25000E+01    1.87663E+01    6.85050E-01
    1.35000E+01    1.83928E+01    3.06972E+00
    1.45000E+01    1.82075E+01    2.30330E+00
    1.55000E+01    1.77970E+01    7.34450E-01
    1.65000E+01    1.73546E+01    2.42895E+00
    1.75000E+01    1.70942E+01    2.34107E+00
    1.85000E+01    1.64839E+01    2.75682E+00
    1.95000E+01    1.61923E+01    2.86476E+00
    2.05000E+01    1.55507E+01    2.54218E+00
    2.15000E+01    1.51408E+01    2.78316E+00
    2.25000E+01    1.44872E+01    2.89645E+00
    2.35000E+01    1.41511E+01    2.87739E+00
    2.45000E+01    1.36609E+01    3.27868E+00
    2.55000E+01    1.33774E+01    3.71944E+00
    2.65000E+01    1.33141E+01    4.16368E+00
    2.75000E+01    1.34802E+01    4.39371E+00
    2.85000E+01    1.41384E+01    4.40218E+00
    2.95000E+01    1.49262E+01    4.25225E+00
    3.05000E+01    1.57171E+01    4.12323E+00
    3.15000E+01    1.64815E+01    4.02719E+00
    3.25000E+01    1.72864E+01    3.93766E+00
    3.35000E+01    1.80601E+01    3.85309E+00
    3.45000E+01    1.88047E+01    3.78176E+00
    3.55000E+01    1.95175E+01    3.71616E+00
    3.65000E+01    2.02664E+01    3.65998E+00
    3.75000E+01    2.09801E+01    3.60722E+00
    3.85000E+01    2.16563E+01    3.54981E+00
    3.95000E+01    2.23342E+01    3.49601E+00
    4.05000E+01    2.30023E+01    3.44564E+00
    4.15000E+01    2.36139E+01    3.39865E+00
    4.25000E+01    2.42395E+01    3.35464E+00
    4.35000E+01    2.48390E+01    3.31334E+00
    4.45000E+01    2.54051E+01    3.26473E+00
    4.55000E+01    2.59858E+01    3.21818E+00
    4.65000E+01    2.65069E+01    3.17219E+00
    4.75000E+01    2.70677E+01    3.12807E+00
    4.85000E+01    2.75687E+01    3.08667E+00
    4.95000E+01    2.80914E+01    3.04950E+00
    5.05000E+01    2.85651E+01    3.01445E+00
    5.15000E+01    2.90620E+01    2.97186E+00
    5.25000E+01    2.95063E+01    2.93240E+00
    5.35000E+01    2.99854E+01    2.89760E+00
    5.45000E+01    3.04147E+01    2.86459E+00
    5.55000E+01    3.08564E+01    2.83256E+00
    5.65000E+01    3.12723E+01    2.80166E+00
    5.75000E+01    3.16804E+01    2.77333E+00
    5.85000E+01    3.20923E+01    2.74487E+00
    5.95000E+01    3.24704E+01    2.71460E+00
    6.05000E+01    3.28732E+01    2.68746E+00
    6.15000E+01    3.32498E+01    2.66110E+00
    6.25000E+01    3.36128E+01    2.63693E+00
    6.35000E+01    3.39864E+01    2.61469E+00
    6.45000E+01    3.43343E+01    2.59274E+00
    6.55000E+01    3.46820E+01    2.57192E+00
    6.65000E+01    3.50288E+01    2.55244E+00
    6.75000E+01    3.53519E+01    2.53340E+00
    6.85000E+01    3.56794E+01    2.51549E+00
    6.95000E+01    3.60071E+01    2.49668E+00
    7.05000E+01    3.63137E+01    2.47770E+00
    7.15000E+01    3.66178E+01    2.45928E+00
    7.25000E+01    3.69275E+01    2.44197E+00
    7.35000E+01    3.72215E+01    2.42495E+00
    7.45000E+01    3.74999E+01    2.40788E+00
    7.55000E+01    3.77942E+01    2.39141E+00
    7.65000E+01    3.80738E+01    2.37489E+00
    7.75000E+01    3.83375E+01    2.35865E+00
    7.85000E+01    3.85975E+01    2.34254E+00
    7.95000E+01    3.88605E+01    2.32649E+00
    8.05000E+01    3.91085E+01    2.31089E+00
    8.15000E+01    3.93455E+01    2.29543E+00
    8.25000E+01    3.95763E+01    2.27995E+00
    8.35000E+01    3.98093E+01    2.26427E+00
    8.45000E+01    4.00283E+01    2.24874E+00
    8.55000E+01    4.02353E+01    2.23342E+00
    8.65000E+01    4.04328E+01    2.21822E+00
    8.75000E+01    4.06291E+01    2.20317E+00
    8.85000E+01    4.08205E+01    2.18825E+00
    8.95000E+01    4.10003E+01    2.17356E+00
    9.05000E+01    4.11692E+01    2.15909E+00
    9.15000E+01    4.13280E+01    2.14487E+00
    9.25000E+01    4.14754E+01    2.13091E+00
    9.35000E+01    4.16237E+01    2.11702E+00
    9.45000E+01    4.17626E+01    2.10328E+00
    9.55000E+01    4.18907E+01    2.09003E+00
    9.65000E+01    4.20071E+01    2.07829E+00
    9.75000E+01    4.21091E+01    2.06674E+00
    9.85000E+01    4.22010E+01    2.05522E+00
    9.95000E+01    4.22827E+01    2.04373E+00
    1.00500E+02    4.23563E+01    2.03240E+00
    1.01500E+02    4.24202E+01    2.02120E+00
    1.02500E+02    4.24750E+01    2.01006E+00
    1.03500E+02    4.25233E+01    1.99906E+00
    1.04500E+02    4.25619E+01    1.98814E+00
    1.05500E+02    4.25925E+01    1.97744E+00
    1.06500E+02    4.26124E+01    1.96683E+00
    1.07500E+02    4.26230E+01    1.95634E+00
    1.08500E+02    4.26239E+01    1.94604E+00
    1.09500E+02    4.26138E+01    1.93583E+00
    1.10500E+02    4.25947E+01    1.92573E+00
    1.11500E+02    4.25629E+01    1.91570E+00
    1.12500E+02    4.25198E+01    1.90575E+00
    1.13500E+02    4.24589E+01    1.89831E+00
    1.14500E+02    4.23839E+01    1.89083E+00
    1.15500E+02    4.22994E+01    1.88337E+00
    1.16500E+02    4.22042E+01    1.87592E+00
    1.17500E+02    4.21002E+01    1.86855E+00
    1.18500E+02    4.19859E+01    1.86118E+00
    1.19500E+02    4.18612E+01    1.85381E+00
    1.20500E+02    4.17268E+01    1.84647E+00
    1.21500E+02    4.15820E+01    1.83915E+00
    1.22500E+02    4.14302E+01    1.83181E+00
    1.23500E+02    4.12706E+01    1.82445E+00
    1.24500E+02    4.10998E+01    1.81711E+00
    1.25500E+02    4.09191E+01    1.80976E+00
    1.26500E+02    4.07270E+01    1.80243E+00
    1.27500E+02    4.05236E+01    1.79505E+00
    1.28500E+02    4.03139E+01    1.78762E+00
    1.29500E+02    4.00929E+01    1.78014E+00
    1.30500E+02    3.98591E+01    1.77268E+00
    1.31500E+02    3.96113E+01    1.76517E+00
    1.32500E+02    3.93529E+01    1.75761E+00
    1.33500E+02    3.90819E+01    1.75001E+00
    1.34500E+02    3.87942E+01    1.74235E+00
    1.35500E+02    3.84883E+01    1.73537E+00
    1.36500E+02    3.81753E+01    1.72934E+00
    1.37500E+02    3.78490E+01    1.72331E+00
    1.38500E+02    3.75111E+01    1.71730E+00
    1.39500E+02    3.71694E+01    1.71127E+00
    1.40500E+02    3.68140E+01    1.70526E+00
    1.41500E+02    3.64462E+01    1.69921E+00
    1.42500E+02    3.60733E+01    1.69314E+00
    1.43500E+02    3.56867E+01    1.68710E+00
    1.44500E+02    3.52900E+01    1.68102E+00
    1.45500E+02    3.48824E+01    1.67494E+00
    1.46500E+02    3.44608E+01    1.66886E+00
    1.47500E+02    3.40327E+01    1.66276E+00
    1.48500E+02    3.35879E+01    1.65667E+00
    1.49500E+02    3.31330E+01    1.65055E+00
    1.50500E+02    3.26631E+01    1.64446E+00
    1.51500E+02    3.21823E+01    1.63838E+00
    1.52500E+02    3.16862E+01    1.63233E+00
    1.53500E+02    3.08051E+01    1.62675E+00
    1.54500E+02    2.97920E+01    1.62138E+00
    1.55500E+02    2.87325E+01    1.61613E+00
    1.56500E+02    2.76241E+01    1.61094E+00
    1.57500E+02    2.64605E+01    1.60587E+00
    1.58500E+02    2.52389E+01    1.60081E+00
    1.59500E+02    2.39532E+01    1.59587E+00
    1.60500E+02    2.25969E+01    1.59103E+00
    1.61500E+02    2.11625E+01    1.58625E+00
    1.62500E+02    1.96417E+01    1.58171E+00
    1.63500E+02    1.80238E+01    1.57733E+00
    1.64500E+02    1.61815E+01    1.57317E+00
    1.65500E+02    1.07700E+01    1.57181E+00
    1.66500E+02    0.00000E+00    0.00000E+00
    1.67500E+02    0.00000E+00    0.00000E+00
    1.68500E+02    0.00000E+00    0.00000E+00
    1.69500E+02    0.00000E+00    0.00000E+00
    1.70500E+02    0.00000E+00    0.00000E+00
    1.71500E+02    0.00000E+00    0.00000E+00
    1.72500E+02    0.00000E+00    0.00000E+00
    1.73500E+02    0.00000E+00    0.00000E+00
    1.74500E+02    0.00000E+00    0.00000E+00
    1.75500E+02    0.00000E+00    0.00000E+00
    1.76500E+02    0.00000E+00    0.00000E+00
    1.77500E+02    0.00000E+00    0.00000E+00
    1.78500E+02    0.00000E+00    0.00000E+00
    1.79500E+02    0.00000E+00    0.00000E+00
    1.80500E+02    0.00000E+00    0.00000E+00
    1.81500E+02    0.00000E+00    0.00000E+00
    1.82500E+02    0.00000E+00    0.00000E+00
    1.83500E+02    0.00000E+00    0.00000E+00
    1.84500E+02    0.00000E+00    0.00000E+00
    1.85500E+02    0.00000E+00    0.00000E+00
    1.86500E+02    0.00000E+00    0.00000E+00
    1.87500E+02    0.00000E+00    0.00000E+00
    1.88500E+02    0.00000E+00    0.00000E+00
    1.89500E+02    0.00000E+00    0.00000E+00
    1.90500E+02    0.00000E+00    0.00000E+00
    1.91500E+02    0.00000E+00    0.00000E+00
    1.92500E+02    0.00000E+00    0.00000E+00
    1.93500E+02    0.00000E+00    0.00000E+00
    1.94500E+02    0.00000E+00    0.00000E+00
    1.95500E+02    0.00000E+00    0.00000E+00
    1.96500E+02    0.00000E+00    0.00000E+00
    1.97500E+02    0.00000E+00    0.00000E+00
    1.98500E+02    0.00000E+00    0.00000E+00
    1.99500E+02    0.00000E+00    0.00000E+00
    2.00500E+02    0.00000E+00    0.00000E+00
    2.01500E+02    0.00000E+00    0.00000E+00
    2.02500E+02    0.00000E+00    0.00000E+00
    2.03500E+02    0.00000E+00    0.00000E+00
    2.04500E+02    0.00000E+00    0.00000E+00
    2.05500E+02    0.00000E+00    0.00000E+00
    2.06500E+02    0.00000E+00    0.00000E+00
    2.07500E+02    0.00000E+00    0.00000E+00
    2.08500E+02    0.00000E+00    0.00000E+00
    2.09500E+02    0.00000E+00    0.00000E+00
    2.10500E+02    0.00000E+00    0.00000E+00
    2.11500E+02    0.00000E+00    0.00000E+00
    2.12500E+02    0.00000E+00    0.00000E+00
    2.13500E+02    0.00000E+00    0.00000E+00
    2.14500E+02    0.00000E+00    0.00000E+00
    2.15500E+02    0.00000E+00    0.00000E+00
    2.16500E+02    0.00000E+00    0.00000E+00
    2.17500E+02    0.00000E+00    0.00000E+00
    2.18500E+02    0.00000E+00    0.00000E+00
    2.19500E+02    0.00000E+00    0.00000E+00
    2.20500E+02    0.00000E+00    0.00000E+00
    2.21500E+02    0.00000E+00    0.00000E+00
    2.22500E+02    0.00000E+00    0.00000E+00
    2.23500E+02    0.00000E+00    0.00000E+00
    2.24500E+02    0.00000E+00    0.00000E+00
    2.25500E+02    0.00000E+00    0.00000E+00
    2.26500E+02    0.00000E+00    0.00000E+00
    2.27500E+02    0.00000E+00    0.00000E+00
    2.28500E+02    0.00000E+00    0.00000E+00
    2.29500E+02    0.00000E+00    0.00000E+00
    2.30500E+02    0.00000E+00    0.00000E+00
    2.31500E+02    0.00000E+00    0.00000E+00
    2.32500E+02    0.00000E+00    0.00000E+00
    2.33500E+02    0.00000E+00    0.00000E+00
    2.34500E+02    0.00000E+00    0.00000E+00
    2.35500E+02    0.00000E+00    0.00000E+00
    2.36500E+02    0.00000E+00    0.00000E+00
    2.37500E+02    0.00000E+00    0.00000E+00
    2.38500E+02    0.00000E+00    0.00000E+00
    2.39500E+02    0.00000E+00    0.00000E+00
    2.40500E+02    0.00000E+00    0.00000E+00
    2.41500E+02    0.00000E+00    0.00000E+00
    2.42500E+02    0.00000E+00    0.00000E+00
    2.43500E+02    0.00000E+00    0.00000E+00
    2.44500E+02    0.00000E+00    0.00000E+00
    2.45500E+02    0.00000E+00    0.00000E+00
    2.46500E+02    0.00000E+00    0.00000E+00
    2.47500E+02    0.00000E+00    0.00000E+00
    2.48500E+02    0.00000E+00    0.00000E+00
    2.49500E+02    0.00000E+00    0.00000E+00
    2.50500E+02    0.00000E+00    0.00000E+00
    2.51500E+02    0.00000E+00    0.00000E+00
    2.52500E+02    0.00000E+00    0.00000E+00
    2.53500E+02    0.00000E+00    0.00000E+00
    2.54500E+02    0.00000E+00    0.00000E+00
    2.55500E+02    0.00000E+00    0.00000E+00
    2.56500E+02    0.00000E+00    0.00000E+00
    2.57500E+02    0.00000E+00    0.00000E+00
    2.58500E+02    0.00000E+00    0.00000E+00
    2.59500E+02    0.00000E+00    0.00000E+00
    2.60500E+02    0.00000E+00    0.00000E+00
    2.61500E+02    0.00000E+00    0.00000E+00
    2.62500E+02    0.00000E+00    0.00000E+00
    2.63500E+02    0.00000E+00    0.00000E+00
    2.64500E+02    0.00000E+00    0.00000E+00
    2.65500E+02    0.00000E+00    0.00000E+00
    2.66500E+02    0.00000E+00    0.00000E+00
    2.67500E+02    0.00000E+00    0.00000E+00
    2.68500E+02    0.00000E+00    0.00000E+00
    2.69500E+02    0.00000E+00    0.00000E+00
    2.70500E+02    0.00000E+00    0.00000E+00
    2.71500E+02    0.00000E+00    0.00000E+00
    2.72500E+02    0.00000E+00    0.00000E+00
    2.73500E+02    0.00000E+00    0.00000E+00
    2.74500E+02    0.00000E+00    0.00000E+00
    2.75500E+02    0.00000E+00    0.00000E+00
    2.76500E+02    0.00000E+00    0.00000E+00
    2.77500E+02    0.00000E+00    0.00000E+00
    2.78500E+02    0.00000E+00    0.00000E+00
    2.79500E+02    0.00000E+00    0.00000E+00
    2.80500E+02    0.00000E+00    0.00000E+00
    2.81500E+02    0.00000E+00    0.00000E+00
    2.82500E+02    0.00000E+00    0.00000E+00
    2.83500E+02    0.00000E+00    0.00000E+00
    2.84500E+02    0.00000E+00    0.00000E+00
    2.85500E+02    0.00000E+00    0.00000E+00
    2.86500E+02    0.00000E+00    0.00000E+00
    2.87500E+02    0.00000E+00    0.00000E+00
    2.88500E+02    0.00000E+00    0.00000E+00
    2.89500E+02    0.00000E+00    0.00000E+00
    2.90500E+02    0.00000E+00    0.00000E+00
    2.91500E+02    0.00000E+00    0.00000E+00
    2.92500E+02    0.00000E+00    0.00000E+00
    2.93500E+02    0.00000E+00    0.00000E+00
    2.94500E+02    0.00000E+00    0.00000E+00
    2.95500E+02    0.00000E+00    0.00000E+00
    2.96500E+02    0.00000E+00    0.00000E+00
    2.97500E+02    0.00000E+00    0.00000E+00
    2.98500E+02    0.00000E+00    0.00000E+00
    2.99500E+02    0.00000E+00    0.00000E+00
    3.00500E+02    0.00000E+00    0.00000E+00
    3.01500E+02    0.00000E+00    0.00000E+00
    3.02500E+02    0.00000E+00    0.00000E+00
    3.03500E+02    0.00000E+00    0.00000E+00
    3.04500E+02    0.00000E+00    0.00000E+00
    3.05500E+02    0.00000E+00    0.00000E+00
    3.06500E+02    0.00000E+00    0.00000E+00
    3.07500E+02    0.00000E+00    0.00000E+00
    3.08500E+02    0.00000E+00    0.00000E+00
    3.09500E+02    0.00000E+00    0.00000E+00
    3.10500E+02    0.00000E+00    0.00000E+00
    3.11500E+02    0.00000E+00    0.00000E+00
    3.12500E+02    0.00000E+00    0.00000E+00
    3.13500E+02    0.00000E+00    0.00000E+00
    3.14500E+02    0.00000E+00    0.00000E+00
    3.15500E+02    0.00000E+00    0.00000E+00
    3.16500E+02    0.00000E+00    0.00000E+00
    3.17500E+02    0.00000E+00    0.00000E+00
    3.18500E+02    0.00000E+00    0.00000E+00
    3.19500E+02    0.00000E+00    0.00000E+00
    3.20500E+02    0.00000E+00    0.00000E+00
    3.21500E+02    0.00000E+00    0.00000E+00
    3.22500E+02    0.00000E+00    0.00000E+00
    3.23500E+02    0.00000E+00    0.00000E+00
    3.24500E+02    0.00000E+00    0.00000E+00
    3.25500E+02    0.00000E+00    0.00000E+00
    3.26500E+02    0.00000E+00    0.00000E+00
    3.27500E+02    0.00000E+00    0.00000E+00
    3.28500E+02    0.00000E+00    0.00000E+00
    3.29500E+02    0.00000E+00    0.00000E+00
    3.30500E+02    0.00000E+00    0.00000E+00
    3.31500E+02    0.00000E+00    0.00000E+00
    3.32500E+02    0.00000E+00    0.00000E+00
    3.33500E+02    0.00000E+00    0.00000E+00
    3.34500E+02    0.00000E+00    0.00000E+00
    3.35500E+02    0.00000E+00    0.00000E+00
    3.36500E+02    0.00000E+00    0.00000E+00
    3.37500E+02    0.00000E+00    0.00000E+00
    3.38500E+02    0.00000E+00    0.00000E+00
    3.39500E+02    0.00000E+00    0.00000E+00
    3.40500E+02    0.00000E+00    0.00000E+00
    3.41500E+02    0.00000E+00    0.00000E+00
    3.42500E+02    0.00000E+00    0.00000E+00
    3.43500E+02    0.00000E+00    0.00000E+00
    3.44500E+02    0.00000E+00    0.00000E+00
    3.45500E+02    0.00000E+00    0.00000E+00
    3.46500E+02    0.00000E+00    0.00000E+00
    3.47500E+02    0.00000E+00    0.00000E+00
    3.48500E+02    0.00000E+00    0.00000E+00
    3.49500E+02    0.00000E+00    0.00000E+00
    3.50500E+02    0.00000E+00    0.00000E+00
    3.51500E+02    0.00000E+00    0.00000E+00
    3.52500E+02    0.00000E+00    0.00000E+00
    3.53500E+02    0.00000E+00    0.00000E+00
    3.54500E+02    0.00000E+00    0.00000E+00
    3.55500E+02    0.00000E+00    0.00000E+00
    3.56500E+02    0.00000E+00    0.00000E+00
    3.57500E+02    0.00000E+00    0.00000E+00
    3.58500E+02    0.00000E+00    0.00000E+00
    3.59500E+02    0.00000E+00    0.00000E+00
