     R_cyl [km]         z [km]        T [MeV]
    5.00000E-01    1.72629E+01    4.69660E+00
    1.50000E+00    1.72372E+01    4.68561E+00
    2.50000E+00    1.72165E+01    4.68843E+00
    3.50000E+00    1.71880E+01    4.69196E+00
    4.50000E+00    1.71432E+01    4.70588E+00
    5.50000E+00    1.70769E+01    4.72285E+00
    6.50000E+00    1.69600E+01    4.76773E+00
    7.50000E+00    1.67332E+01    4.93383E+00
    8.50000E+00    1.64936E+01    4.98653E+00
    9.50000E+00    1.64083E+01    4.76514E+00
    1.05000E+01    1.61989E+01    4.73761E+00
    1.15000E+01    1.58281E+01    4.90903E+00
    1.25000E+01    1.54210E+01    4.98003E+00
    1.35000E+01    1.51852E+01    4.77205E+00
    1.45000E+01    1.46768E+01    4.93770E+00
    1.55000E+01    1.42673E+01    4.85483E+00
    1.65000E+01    1.38450E+01    4.79308E+00
    1.75000E+01    1.33021E+01    4.76834E+00
    1.85000E+01    1.27824E+01    4.70573E+00
    1.95000E+01    1.22221E+01    4.61752E+00
    2.05000E+01    1.15209E+01    4.64458E+00
    2.15000E+01    1.08930E+01    4.55063E+00
    2.25000E+01    1.02303E+01    4.41693E+00
    2.35000E+01    9.46041E+00    4.35386E+00
    2.45000E+01    8.81981E+00    4.19249E+00
    2.55000E+01    8.15080E+00    4.05830E+00
    2.65000E+01    7.56013E+00    3.93049E+00
    2.75000E+01    7.28052E+00    3.72802E+00
    2.85000E+01    7.87064E+00    3.27777E+00
    2.95000E+01    8.97934E+00    3.94091E+00
    3.05000E+01    9.48721E+00    4.16202E+00
    3.15000E+01    9.89373E+00    4.25861E+00
    3.25000E+01    1.02400E+01    4.27372E+00
    3.35000E+01    1.05779E+01    4.25242E+00
    3.45000E+01    1.08894E+01    4.18801E+00
    3.55000E+01    1.11697E+01    4.12156E+00
    3.65000E+01    1.14233E+01    4.06113E+00
    3.75000E+01    1.16881E+01    4.00185E+00
    3.85000E+01    1.19402E+01    3.94017E+00
    3.95000E+01    1.21518E+01    3.87685E+00
    4.05000E+01    1.23222E+01    3.81569E+00
    4.15000E+01    1.24545E+01    3.75566E+00
    4.25000E+01    1.25467E+01    3.68834E+00
    4.35000E+01    1.25942E+01    3.61815E+00
    4.45000E+01    1.25804E+01    3.55679E+00
    4.55000E+01    1.25091E+01    3.50867E+00
    4.65000E+01    1.24184E+01    3.46907E+00
    4.75000E+01    1.24067E+01    3.42614E+00
    4.85000E+01    1.23428E+01    3.38681E+00
    4.95000E+01    1.22913E+01    3.34597E+00
    5.05000E+01    1.22021E+01    3.30763E+00
    5.15000E+01    1.21030E+01    3.27078E+00
    5.25000E+01    1.19885E+01    3.23537E+00
    5.35000E+01    1.18561E+01    3.20207E+00
    5.45000E+01    1.16833E+01    3.17138E+00
    5.55000E+01    1.15010E+01    3.14059E+00
    5.65000E+01    1.12833E+01    3.11006E+00
    5.75000E+01    1.10357E+01    3.08056E+00
    5.85000E+01    1.07475E+01    3.05205E+00
    5.95000E+01    1.04208E+01    3.02428E+00
    6.05000E+01    1.00607E+01    2.99695E+00
    6.15000E+01    9.65258E+00    2.97061E+00
    6.25000E+01    9.20644E+00    2.94420E+00
    6.35000E+01    8.73330E+00    2.91747E+00
    6.45000E+01    8.25737E+00    2.88937E+00
    6.55000E+01    7.78675E+00    2.85985E+00
    6.65000E+01    7.28509E+00    2.83031E+00
    6.75000E+01    6.76084E+00    2.80061E+00
    6.85000E+01    6.19959E+00    2.77056E+00
    6.95000E+01    5.60653E+00    2.74044E+00
    7.05000E+01    4.98421E+00    2.70921E+00
    7.15000E+01    4.32219E+00    2.67853E+00
    7.25000E+01    3.61631E+00    2.64791E+00
    7.35000E+01    2.88013E+00    2.61615E+00
    7.45000E+01    6.15243E-01    2.58892E+00
    7.55000E+01    0.00000E+00    0.00000E+00
    7.65000E+01    0.00000E+00    0.00000E+00
    7.75000E+01    0.00000E+00    0.00000E+00
    7.85000E+01    0.00000E+00    0.00000E+00
    7.95000E+01    0.00000E+00    0.00000E+00
    8.05000E+01    0.00000E+00    0.00000E+00
    8.15000E+01    0.00000E+00    0.00000E+00
    8.25000E+01    0.00000E+00    0.00000E+00
    8.35000E+01    0.00000E+00    0.00000E+00
    8.45000E+01    0.00000E+00    0.00000E+00
    8.55000E+01    0.00000E+00    0.00000E+00
    8.65000E+01    0.00000E+00    0.00000E+00
    8.75000E+01    0.00000E+00    0.00000E+00
    8.85000E+01    0.00000E+00    0.00000E+00
    8.95000E+01    0.00000E+00    0.00000E+00
    9.05000E+01    0.00000E+00    0.00000E+00
    9.15000E+01    0.00000E+00    0.00000E+00
    9.25000E+01    0.00000E+00    0.00000E+00
    9.35000E+01    0.00000E+00    0.00000E+00
    9.45000E+01    0.00000E+00    0.00000E+00
    9.55000E+01    0.00000E+00    0.00000E+00
    9.65000E+01    0.00000E+00    0.00000E+00
    9.75000E+01    0.00000E+00    0.00000E+00
    9.85000E+01    0.00000E+00    0.00000E+00
    9.95000E+01    0.00000E+00    0.00000E+00
    1.00500E+02    0.00000E+00    0.00000E+00
    1.01500E+02    0.00000E+00    0.00000E+00
    1.02500E+02    0.00000E+00    0.00000E+00
    1.03500E+02    0.00000E+00    0.00000E+00
    1.04500E+02    0.00000E+00    0.00000E+00
    1.05500E+02    0.00000E+00    0.00000E+00
    1.06500E+02    0.00000E+00    0.00000E+00
    1.07500E+02    0.00000E+00    0.00000E+00
    1.08500E+02    0.00000E+00    0.00000E+00
    1.09500E+02    0.00000E+00    0.00000E+00
    1.10500E+02    0.00000E+00    0.00000E+00
    1.11500E+02    0.00000E+00    0.00000E+00
    1.12500E+02    0.00000E+00    0.00000E+00
    1.13500E+02    0.00000E+00    0.00000E+00
    1.14500E+02    0.00000E+00    0.00000E+00
    1.15500E+02    0.00000E+00    0.00000E+00
    1.16500E+02    0.00000E+00    0.00000E+00
    1.17500E+02    0.00000E+00    0.00000E+00
    1.18500E+02    0.00000E+00    0.00000E+00
    1.19500E+02    0.00000E+00    0.00000E+00
    1.20500E+02    0.00000E+00    0.00000E+00
    1.21500E+02    0.00000E+00    0.00000E+00
    1.22500E+02    0.00000E+00    0.00000E+00
    1.23500E+02    0.00000E+00    0.00000E+00
    1.24500E+02    0.00000E+00    0.00000E+00
    1.25500E+02    0.00000E+00    0.00000E+00
    1.26500E+02    0.00000E+00    0.00000E+00
    1.27500E+02    0.00000E+00    0.00000E+00
    1.28500E+02    0.00000E+00    0.00000E+00
    1.29500E+02    0.00000E+00    0.00000E+00
    1.30500E+02    0.00000E+00    0.00000E+00
    1.31500E+02    0.00000E+00    0.00000E+00
    1.32500E+02    0.00000E+00    0.00000E+00
    1.33500E+02    0.00000E+00    0.00000E+00
    1.34500E+02    0.00000E+00    0.00000E+00
    1.35500E+02    0.00000E+00    0.00000E+00
    1.36500E+02    0.00000E+00    0.00000E+00
    1.37500E+02    0.00000E+00    0.00000E+00
    1.38500E+02    0.00000E+00    0.00000E+00
    1.39500E+02    0.00000E+00    0.00000E+00
    1.40500E+02    0.00000E+00    0.00000E+00
    1.41500E+02    0.00000E+00    0.00000E+00
    1.42500E+02    0.00000E+00    0.00000E+00
    1.43500E+02    0.00000E+00    0.00000E+00
    1.44500E+02    0.00000E+00    0.00000E+00
    1.45500E+02    0.00000E+00    0.00000E+00
    1.46500E+02    0.00000E+00    0.00000E+00
    1.47500E+02    0.00000E+00    0.00000E+00
    1.48500E+02    0.00000E+00    0.00000E+00
    1.49500E+02    0.00000E+00    0.00000E+00
    1.50500E+02    0.00000E+00    0.00000E+00
    1.51500E+02    0.00000E+00    0.00000E+00
    1.52500E+02    0.00000E+00    0.00000E+00
    1.53500E+02    0.00000E+00    0.00000E+00
    1.54500E+02    0.00000E+00    0.00000E+00
    1.55500E+02    0.00000E+00    0.00000E+00
    1.56500E+02    0.00000E+00    0.00000E+00
    1.57500E+02    0.00000E+00    0.00000E+00
    1.58500E+02    0.00000E+00    0.00000E+00
    1.59500E+02    0.00000E+00    0.00000E+00
    1.60500E+02    0.00000E+00    0.00000E+00
    1.61500E+02    0.00000E+00    0.00000E+00
    1.62500E+02    0.00000E+00    0.00000E+00
    1.63500E+02    0.00000E+00    0.00000E+00
    1.64500E+02    0.00000E+00    0.00000E+00
    1.65500E+02    0.00000E+00    0.00000E+00
    1.66500E+02    0.00000E+00    0.00000E+00
    1.67500E+02    0.00000E+00    0.00000E+00
    1.68500E+02    0.00000E+00    0.00000E+00
    1.69500E+02    0.00000E+00    0.00000E+00
    1.70500E+02    0.00000E+00    0.00000E+00
    1.71500E+02    0.00000E+00    0.00000E+00
    1.72500E+02    0.00000E+00    0.00000E+00
    1.73500E+02    0.00000E+00    0.00000E+00
    1.74500E+02    0.00000E+00    0.00000E+00
    1.75500E+02    0.00000E+00    0.00000E+00
    1.76500E+02    0.00000E+00    0.00000E+00
    1.77500E+02    0.00000E+00    0.00000E+00
    1.78500E+02    0.00000E+00    0.00000E+00
    1.79500E+02    0.00000E+00    0.00000E+00
    1.80500E+02    0.00000E+00    0.00000E+00
    1.81500E+02    0.00000E+00    0.00000E+00
    1.82500E+02    0.00000E+00    0.00000E+00
    1.83500E+02    0.00000E+00    0.00000E+00
    1.84500E+02    0.00000E+00    0.00000E+00
    1.85500E+02    0.00000E+00    0.00000E+00
    1.86500E+02    0.00000E+00    0.00000E+00
    1.87500E+02    0.00000E+00    0.00000E+00
    1.88500E+02    0.00000E+00    0.00000E+00
    1.89500E+02    0.00000E+00    0.00000E+00
    1.90500E+02    0.00000E+00    0.00000E+00
    1.91500E+02    0.00000E+00    0.00000E+00
    1.92500E+02    0.00000E+00    0.00000E+00
    1.93500E+02    0.00000E+00    0.00000E+00
    1.94500E+02    0.00000E+00    0.00000E+00
    1.95500E+02    0.00000E+00    0.00000E+00
    1.96500E+02    0.00000E+00    0.00000E+00
    1.97500E+02    0.00000E+00    0.00000E+00
    1.98500E+02    0.00000E+00    0.00000E+00
    1.99500E+02    0.00000E+00    0.00000E+00
    2.00500E+02    0.00000E+00    0.00000E+00
    2.01500E+02    0.00000E+00    0.00000E+00
    2.02500E+02    0.00000E+00    0.00000E+00
    2.03500E+02    0.00000E+00    0.00000E+00
    2.04500E+02    0.00000E+00    0.00000E+00
    2.05500E+02    0.00000E+00    0.00000E+00
    2.06500E+02    0.00000E+00    0.00000E+00
    2.07500E+02    0.00000E+00    0.00000E+00
    2.08500E+02    0.00000E+00    0.00000E+00
    2.09500E+02    0.00000E+00    0.00000E+00
    2.10500E+02    0.00000E+00    0.00000E+00
    2.11500E+02    0.00000E+00    0.00000E+00
    2.12500E+02    0.00000E+00    0.00000E+00
    2.13500E+02    0.00000E+00    0.00000E+00
    2.14500E+02    0.00000E+00    0.00000E+00
    2.15500E+02    0.00000E+00    0.00000E+00
    2.16500E+02    0.00000E+00    0.00000E+00
    2.17500E+02    0.00000E+00    0.00000E+00
    2.18500E+02    0.00000E+00    0.00000E+00
    2.19500E+02    0.00000E+00    0.00000E+00
    2.20500E+02    0.00000E+00    0.00000E+00
    2.21500E+02    0.00000E+00    0.00000E+00
    2.22500E+02    0.00000E+00    0.00000E+00
    2.23500E+02    0.00000E+00    0.00000E+00
    2.24500E+02    0.00000E+00    0.00000E+00
    2.25500E+02    0.00000E+00    0.00000E+00
    2.26500E+02    0.00000E+00    0.00000E+00
    2.27500E+02    0.00000E+00    0.00000E+00
    2.28500E+02    0.00000E+00    0.00000E+00
    2.29500E+02    0.00000E+00    0.00000E+00
    2.30500E+02    0.00000E+00    0.00000E+00
    2.31500E+02    0.00000E+00    0.00000E+00
    2.32500E+02    0.00000E+00    0.00000E+00
    2.33500E+02    0.00000E+00    0.00000E+00
    2.34500E+02    0.00000E+00    0.00000E+00
    2.35500E+02    0.00000E+00    0.00000E+00
    2.36500E+02    0.00000E+00    0.00000E+00
    2.37500E+02    0.00000E+00    0.00000E+00
    2.38500E+02    0.00000E+00    0.00000E+00
    2.39500E+02    0.00000E+00    0.00000E+00
    2.40500E+02    0.00000E+00    0.00000E+00
    2.41500E+02    0.00000E+00    0.00000E+00
    2.42500E+02    0.00000E+00    0.00000E+00
    2.43500E+02    0.00000E+00    0.00000E+00
    2.44500E+02    0.00000E+00    0.00000E+00
    2.45500E+02    0.00000E+00    0.00000E+00
    2.46500E+02    0.00000E+00    0.00000E+00
    2.47500E+02    0.00000E+00    0.00000E+00
    2.48500E+02    0.00000E+00    0.00000E+00
    2.49500E+02    0.00000E+00    0.00000E+00
    2.50500E+02    0.00000E+00    0.00000E+00
    2.51500E+02    0.00000E+00    0.00000E+00
    2.52500E+02    0.00000E+00    0.00000E+00
    2.53500E+02    0.00000E+00    0.00000E+00
    2.54500E+02    0.00000E+00    0.00000E+00
    2.55500E+02    0.00000E+00    0.00000E+00
    2.56500E+02    0.00000E+00    0.00000E+00
    2.57500E+02    0.00000E+00    0.00000E+00
    2.58500E+02    0.00000E+00    0.00000E+00
    2.59500E+02    0.00000E+00    0.00000E+00
    2.60500E+02    0.00000E+00    0.00000E+00
    2.61500E+02    0.00000E+00    0.00000E+00
    2.62500E+02    0.00000E+00    0.00000E+00
    2.63500E+02    0.00000E+00    0.00000E+00
    2.64500E+02    0.00000E+00    0.00000E+00
    2.65500E+02    0.00000E+00    0.00000E+00
    2.66500E+02    0.00000E+00    0.00000E+00
    2.67500E+02    0.00000E+00    0.00000E+00
    2.68500E+02    0.00000E+00    0.00000E+00
    2.69500E+02    0.00000E+00    0.00000E+00
    2.70500E+02    0.00000E+00    0.00000E+00
    2.71500E+02    0.00000E+00    0.00000E+00
    2.72500E+02    0.00000E+00    0.00000E+00
    2.73500E+02    0.00000E+00    0.00000E+00
    2.74500E+02    0.00000E+00    0.00000E+00
    2.75500E+02    0.00000E+00    0.00000E+00
    2.76500E+02    0.00000E+00    0.00000E+00
    2.77500E+02    0.00000E+00    0.00000E+00
    2.78500E+02    0.00000E+00    0.00000E+00
    2.79500E+02    0.00000E+00    0.00000E+00
    2.80500E+02    0.00000E+00    0.00000E+00
    2.81500E+02    0.00000E+00    0.00000E+00
    2.82500E+02    0.00000E+00    0.00000E+00
    2.83500E+02    0.00000E+00    0.00000E+00
    2.84500E+02    0.00000E+00    0.00000E+00
    2.85500E+02    0.00000E+00    0.00000E+00
    2.86500E+02    0.00000E+00    0.00000E+00
    2.87500E+02    0.00000E+00    0.00000E+00
    2.88500E+02    0.00000E+00    0.00000E+00
    2.89500E+02    0.00000E+00    0.00000E+00
    2.90500E+02    0.00000E+00    0.00000E+00
    2.91500E+02    0.00000E+00    0.00000E+00
    2.92500E+02    0.00000E+00    0.00000E+00
    2.93500E+02    0.00000E+00    0.00000E+00
    2.94500E+02    0.00000E+00    0.00000E+00
    2.95500E+02    0.00000E+00    0.00000E+00
    2.96500E+02    0.00000E+00    0.00000E+00
    2.97500E+02    0.00000E+00    0.00000E+00
    2.98500E+02    0.00000E+00    0.00000E+00
    2.99500E+02    0.00000E+00    0.00000E+00
    3.00500E+02    0.00000E+00    0.00000E+00
    3.01500E+02    0.00000E+00    0.00000E+00
    3.02500E+02    0.00000E+00    0.00000E+00
    3.03500E+02    0.00000E+00    0.00000E+00
    3.04500E+02    0.00000E+00    0.00000E+00
    3.05500E+02    0.00000E+00    0.00000E+00
    3.06500E+02    0.00000E+00    0.00000E+00
    3.07500E+02    0.00000E+00    0.00000E+00
    3.08500E+02    0.00000E+00    0.00000E+00
    3.09500E+02    0.00000E+00    0.00000E+00
    3.10500E+02    0.00000E+00    0.00000E+00
    3.11500E+02    0.00000E+00    0.00000E+00
    3.12500E+02    0.00000E+00    0.00000E+00
    3.13500E+02    0.00000E+00    0.00000E+00
    3.14500E+02    0.00000E+00    0.00000E+00
    3.15500E+02    0.00000E+00    0.00000E+00
    3.16500E+02    0.00000E+00    0.00000E+00
    3.17500E+02    0.00000E+00    0.00000E+00
    3.18500E+02    0.00000E+00    0.00000E+00
    3.19500E+02    0.00000E+00    0.00000E+00
    3.20500E+02    0.00000E+00    0.00000E+00
    3.21500E+02    0.00000E+00    0.00000E+00
    3.22500E+02    0.00000E+00    0.00000E+00
    3.23500E+02    0.00000E+00    0.00000E+00
    3.24500E+02    0.00000E+00    0.00000E+00
    3.25500E+02    0.00000E+00    0.00000E+00
    3.26500E+02    0.00000E+00    0.00000E+00
    3.27500E+02    0.00000E+00    0.00000E+00
    3.28500E+02    0.00000E+00    0.00000E+00
    3.29500E+02    0.00000E+00    0.00000E+00
    3.30500E+02    0.00000E+00    0.00000E+00
    3.31500E+02    0.00000E+00    0.00000E+00
    3.32500E+02    0.00000E+00    0.00000E+00
    3.33500E+02    0.00000E+00    0.00000E+00
    3.34500E+02    0.00000E+00    0.00000E+00
    3.35500E+02    0.00000E+00    0.00000E+00
    3.36500E+02    0.00000E+00    0.00000E+00
    3.37500E+02    0.00000E+00    0.00000E+00
    3.38500E+02    0.00000E+00    0.00000E+00
    3.39500E+02    0.00000E+00    0.00000E+00
    3.40500E+02    0.00000E+00    0.00000E+00
    3.41500E+02    0.00000E+00    0.00000E+00
    3.42500E+02    0.00000E+00    0.00000E+00
    3.43500E+02    0.00000E+00    0.00000E+00
    3.44500E+02    0.00000E+00    0.00000E+00
    3.45500E+02    0.00000E+00    0.00000E+00
    3.46500E+02    0.00000E+00    0.00000E+00
    3.47500E+02    0.00000E+00    0.00000E+00
    3.48500E+02    0.00000E+00    0.00000E+00
    3.49500E+02    0.00000E+00    0.00000E+00
    3.50500E+02    0.00000E+00    0.00000E+00
    3.51500E+02    0.00000E+00    0.00000E+00
    3.52500E+02    0.00000E+00    0.00000E+00
    3.53500E+02    0.00000E+00    0.00000E+00
    3.54500E+02    0.00000E+00    0.00000E+00
    3.55500E+02    0.00000E+00    0.00000E+00
    3.56500E+02    0.00000E+00    0.00000E+00
    3.57500E+02    0.00000E+00    0.00000E+00
    3.58500E+02    0.00000E+00    0.00000E+00
    3.59500E+02    0.00000E+00    0.00000E+00
