           time        x coord        y coord        z coord         radius           dens           temp             ye            |v|             vx             vy             vz
            sec             km             km             km             km         g/cm^3             GK              -           cm/s           cm/s           cm/s           cm/s
     4.4405E-02     6.3859E+01    -1.3315E+02    -1.3966E+02     2.0325E+02     2.2594E+08     1.3163E+01     2.6572E-01     3.0418E+09     2.8005E+09     1.1235E+09    -3.8422E+08
     4.4578E-02     6.8670E+01    -1.3112E+02    -1.4033E+02     2.0396E+02     2.2248E+08     1.3129E+01     2.6610E-01     3.0346E+09     2.7528E+09     1.2165E+09    -3.8827E+08
     4.4752E-02     7.3416E+01    -1.2892E+02    -1.4101E+02     2.0468E+02     2.1890E+08     1.3093E+01     2.6647E-01     3.0274E+09     2.7023E+09     1.3072E+09    -3.9208E+08
     4.4927E-02     7.8090E+01    -1.2656E+02    -1.4169E+02     2.0541E+02     2.1561E+08     1.3058E+01     2.6682E-01     3.0208E+09     2.6494E+09     1.3963E+09    -3.9515E+08
     4.5102E-02     8.2683E+01    -1.2404E+02    -1.4239E+02     2.0615E+02     2.1208E+08     1.3021E+01     2.6721E-01     3.0140E+09     2.5937E+09     1.4826E+09    -3.9819E+08
     4.5277E-02     8.7188E+01    -1.2136E+02    -1.4309E+02     2.0690E+02     2.0852E+08     1.2983E+01     2.6759E-01     3.0071E+09     2.5354E+09     1.5664E+09    -4.0109E+08
     4.5453E-02     9.1596E+01    -1.1853E+02    -1.4380E+02     2.0765E+02     2.0518E+08     1.2947E+01     2.6795E-01     3.0007E+09     2.4750E+09     1.6480E+09    -4.0348E+08
     4.5629E-02     9.5895E+01    -1.1556E+02    -1.4451E+02     2.0841E+02     2.0167E+08     1.2909E+01     2.6833E-01     2.9942E+09     2.4123E+09     1.7265E+09    -4.0601E+08
     4.5805E-02     1.0008E+02    -1.1246E+02    -1.4523E+02     2.0918E+02     1.9814E+08     1.2869E+01     2.6871E-01     2.9876E+09     2.3477E+09     1.8021E+09    -4.0810E+08
     4.5981E-02     1.0416E+02    -1.0922E+02    -1.4595E+02     2.0995E+02     1.9489E+08     1.2831E+01     2.6907E-01     2.9816E+09     2.2816E+09     1.8752E+09    -4.1006E+08
     4.6158E-02     1.0812E+02    -1.0586E+02    -1.4667E+02     2.1073E+02     1.9146E+08     1.2790E+01     2.6944E-01     2.9753E+09     2.2134E+09     1.9451E+09    -4.1194E+08
     4.6334E-02     1.1196E+02    -1.0237E+02    -1.4740E+02     2.1152E+02     1.8805E+08     1.2749E+01     2.6983E-01     2.9693E+09     2.1441E+09     2.0120E+09    -4.1426E+08
     4.6511E-02     1.1569E+02    -9.8758E+01    -1.4813E+02     2.1232E+02     1.8475E+08     1.2707E+01     2.7020E-01     2.9633E+09     2.0731E+09     2.0760E+09    -4.1689E+08
     4.6687E-02     1.1928E+02    -9.5037E+01    -1.4887E+02     2.1313E+02     1.8171E+08     1.2666E+01     2.7057E-01     2.9577E+09     2.0012E+09     2.1375E+09    -4.1776E+08
     4.6864E-02     1.2275E+02    -9.1213E+01    -1.4961E+02     2.1394E+02     1.7855E+08     1.2622E+01     2.7094E-01     2.9517E+09     1.9278E+09     2.1955E+09    -4.1898E+08
     4.7040E-02     1.2609E+02    -8.7285E+01    -1.5035E+02     2.1476E+02     1.7542E+08     1.2579E+01     2.7131E-01     2.9457E+09     1.8535E+09     2.2506E+09    -4.1976E+08
     4.7217E-02     1.2930E+02    -8.3261E+01    -1.5109E+02     2.1559E+02     1.7232E+08     1.2536E+01     2.7168E-01     2.9396E+09     1.7782E+09     2.3027E+09    -4.2055E+08
     4.7393E-02     1.3237E+02    -7.9152E+01    -1.5184E+02     2.1643E+02     1.6935E+08     1.2495E+01     2.7203E-01     2.9340E+09     1.7023E+09     2.3523E+09    -4.2123E+08
     4.7570E-02     1.3531E+02    -7.4954E+01    -1.5258E+02     2.1727E+02     1.6631E+08     1.2453E+01     2.7239E-01     2.9279E+09     1.6253E+09     2.3985E+09    -4.2222E+08
     4.7747E-02     1.3812E+02    -7.0674E+01    -1.5333E+02     2.1813E+02     1.6330E+08     1.2410E+01     2.7276E-01     2.9218E+09     1.5478E+09     2.4417E+09    -4.2328E+08
     4.7924E-02     1.4079E+02    -6.6319E+01    -1.5408E+02     2.1900E+02     1.6034E+08     1.2367E+01     2.7311E-01     2.9156E+09     1.4697E+09     2.4820E+09    -4.2429E+08
     4.8101E-02     1.4332E+02    -6.1894E+01    -1.5483E+02     2.1987E+02     1.5753E+08     1.2328E+01     2.7344E-01     2.9094E+09     1.3909E+09     2.5197E+09    -4.2551E+08
     4.8278E-02     1.4570E+02    -5.7412E+01    -1.5558E+02     2.2075E+02     1.5471E+08     1.2288E+01     2.7380E-01     2.9028E+09     1.3118E+09     2.5540E+09    -4.2710E+08
     4.8454E-02     1.4795E+02    -5.2869E+01    -1.5634E+02     2.2165E+02     1.5196E+08     1.2249E+01     2.7415E-01     2.8959E+09     1.2321E+09     2.5854E+09    -4.2906E+08
     4.8631E-02     1.5006E+02    -4.8272E+01    -1.5710E+02     2.2255E+02     1.4926E+08     1.2210E+01     2.7451E-01     2.8888E+09     1.1520E+09     2.6138E+09    -4.3116E+08
     4.8808E-02     1.5203E+02    -4.3628E+01    -1.5786E+02     2.2346E+02     1.4676E+08     1.2173E+01     2.7484E-01     2.8815E+09     1.0716E+09     2.6396E+09    -4.3333E+08
     4.8985E-02     1.5385E+02    -3.8940E+01    -1.5863E+02     2.2439E+02     1.4426E+08     1.2137E+01     2.7518E-01     2.8737E+09     9.9087E+08     2.6620E+09    -4.3590E+08
     4.9161E-02     1.5553E+02    -3.4216E+01    -1.5941E+02     2.2532E+02     1.4183E+08     1.2102E+01     2.7554E-01     2.8657E+09     9.0997E+08     2.6817E+09    -4.3888E+08
     4.9338E-02     1.5707E+02    -2.9458E+01    -1.6018E+02     2.2627E+02     1.3949E+08     1.2068E+01     2.7584E-01     2.8572E+09     8.2875E+08     2.6983E+09    -4.4227E+08
     4.9515E-02     1.5846E+02    -2.4673E+01    -1.6097E+02     2.2722E+02     1.3731E+08     1.2035E+01     2.7618E-01     2.8486E+09     7.4751E+08     2.7124E+09    -4.4572E+08
     4.9692E-02     1.5971E+02    -1.9865E+01    -1.6176E+02     2.2819E+02     1.3512E+08     1.2002E+01     2.7650E-01     2.8395E+09     6.6632E+08     2.7233E+09    -4.4972E+08
     4.9869E-02     1.6082E+02    -1.5044E+01    -1.6256E+02     2.2916E+02     1.3301E+08     1.1970E+01     2.7684E-01     2.8303E+09     5.8542E+08     2.7316E+09    -4.5397E+08
     5.0046E-02     1.6178E+02    -1.0207E+01    -1.6337E+02     2.3014E+02     1.3096E+08     1.1940E+01     2.7716E-01     2.8207E+09     5.0470E+08     2.7371E+09    -4.5862E+08
     5.0223E-02     1.6260E+02    -5.3640E+00    -1.6418E+02     2.3114E+02     1.2896E+08     1.1910E+01     2.7748E-01     2.8110E+09     4.2435E+08     2.7398E+09    -4.6376E+08
     5.0399E-02     1.6328E+02    -5.1870E-01    -1.6501E+02     2.3214E+02     1.2699E+08     1.1880E+01     2.7781E-01     2.8012E+09     3.4458E+08     2.7400E+09    -4.6931E+08
     5.0576E-02     1.6382E+02     4.3248E+00    -1.6584E+02     2.3315E+02     1.2516E+08     1.1851E+01     2.7809E-01     2.7915E+09     2.6531E+08     2.7380E+09    -4.7476E+08
     5.0753E-02     1.6422E+02     9.1627E+00    -1.6669E+02     2.3417E+02     1.2326E+08     1.1821E+01     2.7841E-01     2.7816E+09     1.8702E+08     2.7333E+09    -4.8077E+08
     5.0930E-02     1.6449E+02     1.3992E+01    -1.6754E+02     2.3521E+02     1.2139E+08     1.1791E+01     2.7872E-01     2.7716E+09     1.0964E+08     2.7263E+09    -4.8688E+08
     5.1107E-02     1.6461E+02     1.8805E+01    -1.6841E+02     2.3625E+02     1.1954E+08     1.1761E+01     2.7902E-01     2.7617E+09     3.3256E+07     2.7171E+09    -4.9332E+08
     5.1284E-02     1.6460E+02     2.3601E+01    -1.6929E+02     2.3730E+02     1.1769E+08     1.1732E+01     2.7933E-01     2.7519E+09    -4.2083E+07     2.7058E+09    -4.9999E+08
     5.1472E-02     1.6445E+02     2.8673E+01    -1.7023E+02     2.3842E+02     1.1570E+08     1.1699E+01     2.7963E-01     2.7416E+09    -1.2083E+08     2.6916E+09    -5.0657E+08
     5.1659E-02     1.6415E+02     3.3717E+01    -1.7119E+02     2.3956E+02     1.1367E+08     1.1665E+01     2.7995E-01     2.7315E+09    -1.9839E+08     2.6752E+09    -5.1460E+08
     5.1847E-02     1.6371E+02     3.8728E+01    -1.7217E+02     2.4071E+02     1.1180E+08     1.1633E+01     2.8027E-01     2.7214E+09    -2.7383E+08     2.6567E+09    -5.2260E+08
     5.2035E-02     1.6312E+02     4.3700E+01    -1.7316E+02     2.4187E+02     1.1001E+08     1.1601E+01     2.8058E-01     2.7117E+09    -3.4830E+08     2.6362E+09    -5.3134E+08
     5.2223E-02     1.6240E+02     4.8633E+01    -1.7416E+02     2.4304E+02     1.0835E+08     1.1560E+01     2.8088E-01     2.7017E+09    -4.2120E+08     2.6138E+09    -5.3856E+08
     5.2411E-02     1.6154E+02     5.3521E+01    -1.7518E+02     2.4423E+02     1.0676E+08     1.1522E+01     2.8119E-01     2.6916E+09    -4.9279E+08     2.5894E+09    -5.4521E+08
     5.2599E-02     1.6055E+02     5.8363E+01    -1.7621E+02     2.4542E+02     1.0518E+08     1.1484E+01     2.8149E-01     2.6816E+09    -5.6282E+08     2.5632E+09    -5.5147E+08
     5.2787E-02     1.5942E+02     6.3152E+01    -1.7725E+02     2.4662E+02     1.0362E+08     1.1446E+01     2.8179E-01     2.6715E+09    -6.3121E+08     2.5354E+09    -5.5724E+08
     5.2975E-02     1.5818E+02     6.7888E+01    -1.7830E+02     2.4783E+02     1.0208E+08     1.1408E+01     2.8209E-01     2.6615E+09    -6.9789E+08     2.5060E+09    -5.6274E+08
     5.3163E-02     1.5680E+02     7.2568E+01    -1.7936E+02     2.4905E+02     1.0055E+08     1.1371E+01     2.8238E-01     2.6516E+09    -7.6291E+08     2.4751E+09    -5.6804E+08
     5.3351E-02     1.5531E+02     7.7189E+01    -1.8044E+02     2.5027E+02     9.9023E+07     1.1334E+01     2.8266E-01     2.6418E+09    -8.2624E+08     2.4429E+09    -5.7325E+08
     5.3538E-02     1.5370E+02     8.1747E+01    -1.8152E+02     2.5150E+02     9.7507E+07     1.1298E+01     2.8294E-01     2.6322E+09    -8.8783E+08     2.4095E+09    -5.7850E+08
     5.3726E-02     1.5197E+02     8.6243E+01    -1.8261E+02     2.5275E+02     9.6004E+07     1.1263E+01     2.8323E-01     2.6228E+09    -9.4770E+08     2.3749E+09    -5.8370E+08
     5.3914E-02     1.5014E+02     9.0671E+01    -1.8371E+02     2.5399E+02     9.4493E+07     1.1225E+01     2.8350E-01     2.6135E+09    -1.0057E+09     2.3393E+09    -5.8877E+08
     5.4102E-02     1.4819E+02     9.5033E+01    -1.8482E+02     2.5525E+02     9.2991E+07     1.1189E+01     2.8378E-01     2.6044E+09    -1.0619E+09     2.3028E+09    -5.9358E+08
     5.4290E-02     1.4615E+02     9.9326E+01    -1.8594E+02     2.5651E+02     9.1486E+07     1.1153E+01     2.8405E-01     2.5954E+09    -1.1164E+09     2.2654E+09    -5.9824E+08
     5.4478E-02     1.4400E+02     1.0355E+02    -1.8707E+02     2.5779E+02     8.9950E+07     1.1116E+01     2.8434E-01     2.5865E+09    -1.1689E+09     2.2271E+09    -6.0286E+08
     5.4666E-02     1.4175E+02     1.0770E+02    -1.8821E+02     2.5907E+02     8.8441E+07     1.1080E+01     2.8460E-01     2.5780E+09    -1.2201E+09     2.1882E+09    -6.0747E+08
     5.4854E-02     1.3941E+02     1.1177E+02    -1.8935E+02     2.6036E+02     8.6912E+07     1.1043E+01     2.8487E-01     2.5695E+09    -1.2696E+09     2.1485E+09    -6.1194E+08
     5.5042E-02     1.3698E+02     1.1577E+02    -1.9051E+02     2.6165E+02     8.5382E+07     1.1006E+01     2.8514E-01     2.5612E+09    -1.3174E+09     2.1083E+09    -6.1606E+08
     5.5230E-02     1.3446E+02     1.1970E+02    -1.9167E+02     2.6295E+02     8.3837E+07     1.0968E+01     2.8539E-01     2.5530E+09    -1.3636E+09     2.0674E+09    -6.1994E+08
     5.5418E-02     1.3186E+02     1.2354E+02    -1.9284E+02     2.6427E+02     8.2284E+07     1.0931E+01     2.8565E-01     2.5450E+09    -1.4083E+09     2.0260E+09    -6.2372E+08
     5.5606E-02     1.2917E+02     1.2731E+02    -1.9401E+02     2.6558E+02     8.0705E+07     1.0893E+01     2.8592E-01     2.5370E+09    -1.4513E+09     1.9840E+09    -6.2777E+08
     5.5794E-02     1.2641E+02     1.3100E+02    -1.9520E+02     2.6691E+02     7.9138E+07     1.0855E+01     2.8618E-01     2.5293E+09    -1.4928E+09     1.9416E+09    -6.3163E+08
     5.5981E-02     1.2356E+02     1.3461E+02    -1.9639E+02     2.6825E+02     7.7571E+07     1.0815E+01     2.8642E-01     2.5217E+09    -1.5328E+09     1.8989E+09    -6.3529E+08
     5.6169E-02     1.2065E+02     1.3814E+02    -1.9759E+02     2.6959E+02     7.6000E+07     1.0777E+01     2.8668E-01     2.5142E+09    -1.5713E+09     1.8558E+09    -6.3897E+08
     5.6357E-02     1.1766E+02     1.4158E+02    -1.9879E+02     2.7094E+02     7.4429E+07     1.0739E+01     2.8692E-01     2.5069E+09    -1.6083E+09     1.8124E+09    -6.4286E+08
     5.6545E-02     1.1460E+02     1.4495E+02    -2.0000E+02     2.7230E+02     7.2828E+07     1.0700E+01     2.8718E-01     2.4998E+09    -1.6437E+09     1.7686E+09    -6.4744E+08
     5.6733E-02     1.1148E+02     1.4823E+02    -2.0122E+02     2.7366E+02     7.1238E+07     1.0659E+01     2.8742E-01     2.4927E+09    -1.6776E+09     1.7248E+09    -6.5129E+08
     5.6921E-02     1.0830E+02     1.5143E+02    -2.0245E+02     2.7504E+02     6.9625E+07     1.0619E+01     2.8767E-01     2.4858E+09    -1.7100E+09     1.6806E+09    -6.5636E+08
     5.7109E-02     1.0505E+02     1.5455E+02    -2.0369E+02     2.7643E+02     6.8207E+07     1.0584E+01     2.8789E-01     2.4795E+09    -1.7406E+09     1.6371E+09    -6.6204E+08
     5.7297E-02     1.0175E+02     1.5759E+02    -2.0494E+02     2.7783E+02     6.6935E+07     1.0529E+01     2.8812E-01     2.4730E+09    -1.7701E+09     1.5928E+09    -6.6719E+08
     5.7485E-02     9.8398E+01     1.6054E+02    -2.0620E+02     2.7924E+02     6.5760E+07     1.0477E+01     2.8836E-01     2.4658E+09    -1.7983E+09     1.5482E+09    -6.7048E+08
     5.7673E-02     9.4993E+01     1.6341E+02    -2.0746E+02     2.8065E+02     6.4668E+07     1.0430E+01     2.8859E-01     2.4584E+09    -1.8252E+09     1.5036E+09    -6.7203E+08
     5.7861E-02     9.1539E+01     1.6619E+02    -2.0872E+02     2.8207E+02     6.3590E+07     1.0384E+01     2.8882E-01     2.4510E+09    -1.8506E+09     1.4590E+09    -6.7345E+08
     5.8049E-02     8.8039E+01     1.6889E+02    -2.0999E+02     2.8350E+02     6.2518E+07     1.0339E+01     2.8905E-01     2.4436E+09    -1.8748E+09     1.4144E+09    -6.7494E+08
     5.8237E-02     8.4494E+01     1.7151E+02    -2.1126E+02     2.8493E+02     6.1449E+07     1.0295E+01     2.8927E-01     2.4362E+09    -1.8975E+09     1.3698E+09    -6.7668E+08
     5.8425E-02     8.0908E+01     1.7404E+02    -2.1254E+02     2.8637E+02     6.0399E+07     1.0252E+01     2.8950E-01     2.4290E+09    -1.9191E+09     1.3253E+09    -6.7885E+08
     5.8613E-02     7.7282E+01     1.7649E+02    -2.1381E+02     2.8781E+02     5.9354E+07     1.0208E+01     2.8972E-01     2.4218E+09    -1.9393E+09     1.2808E+09    -6.8105E+08
     5.8801E-02     7.3620E+01     1.7885E+02    -2.1510E+02     2.8926E+02     5.8318E+07     1.0165E+01     2.8995E-01     2.4145E+09    -1.9581E+09     1.2365E+09    -6.8332E+08
     5.8988E-02     6.9924E+01     1.8113E+02    -2.1638E+02     2.9072E+02     5.7289E+07     1.0123E+01     2.9016E-01     2.4074E+09    -1.9758E+09     1.1923E+09    -6.8575E+08
     5.9176E-02     6.6195E+01     1.8333E+02    -2.1767E+02     2.9219E+02     5.6268E+07     1.0083E+01     2.9037E-01     2.4004E+09    -1.9923E+09     1.1483E+09    -6.8860E+08
     5.9364E-02     6.2437E+01     1.8545E+02    -2.1897E+02     2.9366E+02     5.5261E+07     1.0043E+01     2.9058E-01     2.3934E+09    -2.0075E+09     1.1043E+09    -6.9188E+08
     5.9552E-02     5.8652E+01     1.8748E+02    -2.2027E+02     2.9514E+02     5.4257E+07     1.0002E+01     2.9080E-01     2.3864E+09    -2.0215E+09     1.0606E+09    -6.9550E+08
     5.9740E-02     5.4841E+01     1.8944E+02    -2.2158E+02     2.9664E+02     5.3274E+07     9.9627E+00     2.9100E-01     2.3794E+09    -2.0344E+09     1.0172E+09    -6.9901E+08
     5.9928E-02     5.1007E+01     1.9131E+02    -2.2290E+02     2.9813E+02     5.2300E+07     9.9245E+00     2.9121E-01     2.3725E+09    -2.0461E+09     9.7397E+08    -7.0274E+08
     6.0116E-02     4.7151E+01     1.9310E+02    -2.2422E+02     2.9964E+02     5.1328E+07     9.8871E+00     2.9141E-01     2.3655E+09    -2.0565E+09     9.3106E+08    -7.0678E+08
     6.0304E-02     4.3277E+01     1.9481E+02    -2.2556E+02     3.0116E+02     5.0380E+07     9.8509E+00     2.9161E-01     2.3588E+09    -2.0661E+09     8.8834E+08    -7.1127E+08
     6.0492E-02     3.9388E+01     1.9644E+02    -2.2690E+02     3.0269E+02     4.9436E+07     9.8135E+00     2.9181E-01     2.3520E+09    -2.0745E+09     8.4608E+08    -7.1590E+08
     6.0680E-02     3.5482E+01     1.9799E+02    -2.2825E+02     3.0423E+02     4.8501E+07     9.7772E+00     2.9202E-01     2.3451E+09    -2.0817E+09     8.0418E+08    -7.2057E+08
     6.0868E-02     3.1565E+01     1.9946E+02    -2.2961E+02     3.0578E+02     4.7575E+07     9.7419E+00     2.9221E-01     2.3384E+09    -2.0881E+09     7.6274E+08    -7.2532E+08
     6.1056E-02     2.7635E+01     2.0085E+02    -2.3097E+02     3.0733E+02     4.6655E+07     9.7076E+00     2.9240E-01     2.3317E+09    -2.0934E+09     7.2176E+08    -7.3046E+08
     6.1243E-02     2.3697E+01     2.0217E+02    -2.3235E+02     3.0890E+02     4.5678E+07     9.6704E+00     2.9258E-01     2.3252E+09    -2.0975E+09     6.8115E+08    -7.3675E+08
     6.1431E-02     1.9752E+01     2.0341E+02    -2.3374E+02     3.1049E+02     4.4926E+07     9.6326E+00     2.9278E-01     2.3193E+09    -2.1012E+09     6.4171E+08    -7.4311E+08
     6.1619E-02     1.5801E+01     2.0458E+02    -2.3515E+02     3.1208E+02     4.4233E+07     9.5840E+00     2.9297E-01     2.3127E+09    -2.1039E+09     6.0227E+08    -7.4794E+08
     6.1807E-02     1.1844E+01     2.0568E+02    -2.3655E+02     3.1369E+02     4.3609E+07     9.5413E+00     2.9315E-01     2.3055E+09    -2.1060E+09     5.6294E+08    -7.5030E+08
     6.1995E-02     7.8852E+00     2.0670E+02    -2.3797E+02     3.1530E+02     4.2992E+07     9.4999E+00     2.9333E-01     2.2983E+09    -2.1074E+09     5.2420E+08    -7.5243E+08
     6.2183E-02     3.9243E+00     2.0765E+02    -2.3938E+02     3.1692E+02     4.2375E+07     9.4592E+00     2.9351E-01     2.2911E+09    -2.1080E+09     4.8603E+08    -7.5465E+08
     6.2371E-02    -3.7499E-02     2.0853E+02    -2.4080E+02     3.1854E+02     4.1768E+07     9.4185E+00     2.9368E-01     2.2843E+09    -2.1081E+09     4.4837E+08    -7.5709E+08
     6.2559E-02    -3.9990E+00     2.0933E+02    -2.4223E+02     3.2017E+02     4.1159E+07     9.3772E+00     2.9387E-01     2.2774E+09    -2.1072E+09     4.1146E+08    -7.5952E+08
     6.2747E-02    -7.9593E+00     2.1007E+02    -2.4366E+02     3.2181E+02     4.0554E+07     9.3366E+00     2.9403E-01     2.2707E+09    -2.1060E+09     3.7524E+08    -7.6179E+08
     6.2935E-02    -1.1915E+01     2.1075E+02    -2.4509E+02     3.2346E+02     3.9945E+07     9.2968E+00     2.9421E-01     2.2641E+09    -2.1040E+09     3.3969E+08    -7.6416E+08
     6.3123E-02    -1.5868E+01     2.1135E+02    -2.4653E+02     3.2511E+02     3.9332E+07     9.2575E+00     2.9438E-01     2.2577E+09    -2.1016E+09     3.0478E+08    -7.6670E+08
     6.3311E-02    -1.9813E+01     2.1189E+02    -2.4797E+02     3.2677E+02     3.8719E+07     9.2189E+00     2.9455E-01     2.2515E+09    -2.0986E+09     2.7049E+08    -7.6955E+08
     6.3499E-02    -2.3754E+01     2.1237E+02    -2.4942E+02     3.2844E+02     3.8105E+07     9.1798E+00     2.9472E-01     2.2455E+09    -2.0950E+09     2.3678E+08    -7.7281E+08
     6.3687E-02    -2.7686E+01     2.1278E+02    -2.5088E+02     3.3012E+02     3.7495E+07     9.1402E+00     2.9488E-01     2.2396E+09    -2.0910E+09     2.0378E+08    -7.7595E+08
     6.3875E-02    -3.1612E+01     2.1313E+02    -2.5234E+02     3.3181E+02     3.6884E+07     9.1015E+00     2.9505E-01     2.2337E+09    -2.0864E+09     1.7144E+08    -7.7915E+08
     6.4062E-02    -3.5528E+01     2.1343E+02    -2.5381E+02     3.3351E+02     3.6271E+07     9.0634E+00     2.9521E-01     2.2280E+09    -2.0814E+09     1.3970E+08    -7.8250E+08
     6.4250E-02    -3.9434E+01     2.1366E+02    -2.5528E+02     3.3522E+02     3.5653E+07     9.0257E+00     2.9538E-01     2.2224E+09    -2.0760E+09     1.0860E+08    -7.8602E+08
     6.4438E-02    -4.3329E+01     2.1384E+02    -2.5676E+02     3.3694E+02     3.5039E+07     8.9891E+00     2.9553E-01     2.2171E+09    -2.0701E+09     7.7979E+07    -7.9008E+08
     6.4626E-02    -4.7214E+01     2.1395E+02    -2.5825E+02     3.3867E+02     3.4420E+07     8.9506E+00     2.9569E-01     2.2120E+09    -2.0638E+09     4.7914E+07    -7.9453E+08
     6.4814E-02    -5.1087E+01     2.1401E+02    -2.5975E+02     3.4041E+02     3.3805E+07     8.9129E+00     2.9585E-01     2.2069E+09    -2.0571E+09     1.8471E+07    -7.9884E+08
     6.5002E-02    -5.4945E+01     2.1402E+02    -2.6125E+02     3.4216E+02     3.3185E+07     8.8760E+00     2.9601E-01     2.2018E+09    -2.0500E+09    -1.0368E+07    -8.0336E+08
     6.5190E-02    -5.8790E+01     2.1398E+02    -2.6276E+02     3.4393E+02     3.2561E+07     8.8396E+00     2.9617E-01     2.1969E+09    -2.0425E+09    -3.8746E+07    -8.0815E+08
     6.5378E-02    -6.2619E+01     2.1388E+02    -2.6429E+02     3.4571E+02     3.1936E+07     8.8040E+00     2.9633E-01     2.1928E+09    -2.0347E+09    -6.6224E+07    -8.1484E+08
     6.5566E-02    -6.6435E+01     2.1373E+02    -2.6582E+02     3.4750E+02     3.1420E+07     8.7612E+00     2.9648E-01     2.1880E+09    -2.0264E+09    -9.3764E+07    -8.1987E+08
     6.5754E-02    -7.0234E+01     2.1353E+02    -2.6737E+02     3.4930E+02     3.0937E+07     8.7201E+00     2.9663E-01     2.1826E+09    -2.0176E+09    -1.2098E+08    -8.2361E+08
     6.5942E-02    -7.4017E+01     2.1327E+02    -2.6892E+02     3.5111E+02     3.0490E+07     8.6817E+00     2.9678E-01     2.1768E+09    -2.0085E+09    -1.4786E+08    -8.2616E+08
     6.6129E-02    -7.7783E+01     2.1297E+02    -2.7047E+02     3.5293E+02     3.0052E+07     8.6435E+00     2.9692E-01     2.1709E+09    -1.9990E+09    -1.7419E+08    -8.2853E+08
     6.6317E-02    -8.1531E+01     2.1262E+02    -2.7203E+02     3.5476E+02     2.9623E+07     8.6060E+00     2.9708E-01     2.1649E+09    -1.9892E+09    -1.9998E+08    -8.3073E+08
     6.6505E-02    -8.5260E+01     2.1222E+02    -2.7360E+02     3.5660E+02     2.9212E+07     8.5694E+00     2.9722E-01     2.1590E+09    -1.9791E+09    -2.2537E+08    -8.3288E+08
     6.6693E-02    -8.8970E+01     2.1177E+02    -2.7516E+02     3.5844E+02     2.8806E+07     8.5318E+00     2.9737E-01     2.1532E+09    -1.9688E+09    -2.5009E+08    -8.3511E+08
     6.6881E-02    -9.2660E+01     2.1128E+02    -2.7674E+02     3.6029E+02     2.8413E+07     8.4950E+00     2.9751E-01     2.1473E+09    -1.9584E+09    -2.7427E+08    -8.3694E+08
     6.7069E-02    -9.6330E+01     2.1074E+02    -2.7831E+02     3.6214E+02     2.8022E+07     8.4583E+00     2.9766E-01     2.1415E+09    -1.9477E+09    -2.9784E+08    -8.3878E+08
     6.7257E-02    -9.9980E+01     2.1016E+02    -2.7989E+02     3.6401E+02     2.7637E+07     8.4221E+00     2.9779E-01     2.1358E+09    -1.9370E+09    -3.2086E+08    -8.4053E+08
     6.7445E-02    -1.0361E+02     2.0953E+02    -2.8147E+02     3.6588E+02     2.7253E+07     8.3859E+00     2.9793E-01     2.1302E+09    -1.9262E+09    -3.4335E+08    -8.4233E+08
     6.7633E-02    -1.0722E+02     2.0887E+02    -2.8305E+02     3.6775E+02     2.6872E+07     8.3499E+00     2.9807E-01     2.1246E+09    -1.9152E+09    -3.6529E+08    -8.4414E+08
     6.7821E-02    -1.1081E+02     2.0816E+02    -2.8464E+02     3.6964E+02     2.6495E+07     8.3142E+00     2.9820E-01     2.1193E+09    -1.9042E+09    -3.8678E+08    -8.4591E+08
     6.8009E-02    -1.1438E+02     2.0742E+02    -2.8623E+02     3.7153E+02     2.6116E+07     8.2785E+00     2.9834E-01     2.1140E+09    -1.8931E+09    -4.0772E+08    -8.4776E+08
     6.8197E-02    -1.1793E+02     2.0663E+02    -2.8783E+02     3.7343E+02     2.5739E+07     8.2433E+00     2.9847E-01     2.1088E+09    -1.8820E+09    -4.2817E+08    -8.4955E+08
     6.8573E-02    -1.2496E+02     2.0494E+02    -2.9103E+02     3.7725E+02     2.4983E+07     8.1736E+00     2.9873E-01     2.0988E+09    -1.8596E+09    -4.6756E+08    -8.5330E+08
     6.8949E-02    -1.3191E+02     2.0312E+02    -2.9425E+02     3.8110E+02     2.4230E+07     8.1055E+00     2.9898E-01     2.0892E+09    -1.8370E+09    -5.0518E+08    -8.5733E+08
     6.9325E-02    -1.3877E+02     2.0115E+02    -2.9748E+02     3.8498E+02     2.3472E+07     8.0388E+00     2.9923E-01     2.0802E+09    -1.8143E+09    -5.4113E+08    -8.6164E+08
     6.9700E-02    -1.4555E+02     1.9905E+02    -3.0072E+02     3.8890E+02     2.2632E+07     7.9862E+00     2.9947E-01     2.0723E+09    -1.7919E+09    -5.7486E+08    -8.6784E+08
     7.0076E-02    -1.5224E+02     1.9683E+02    -3.0400E+02     3.9286E+02     2.1746E+07     7.9321E+00     2.9971E-01     2.0668E+09    -1.7701E+09    -6.0608E+08    -8.7805E+08
     7.0452E-02    -1.5885E+02     1.9450E+02    -3.0732E+02     3.9688E+02     2.0873E+07     7.8758E+00     2.9994E-01     2.0622E+09    -1.7489E+09    -6.3532E+08    -8.8912E+08
     7.0828E-02    -1.6539E+02     1.9206E+02    -3.1069E+02     4.0096E+02     2.0015E+07     7.8184E+00     3.0015E-01     2.0586E+09    -1.7281E+09    -6.6284E+08    -9.0127E+08
     7.1204E-02    -1.7185E+02     1.8952E+02    -3.1410E+02     4.0510E+02     1.9180E+07     7.7577E+00     3.0037E-01     2.0558E+09    -1.7079E+09    -6.8841E+08    -9.1399E+08
     7.1580E-02    -1.7823E+02     1.8688E+02    -3.1756E+02     4.0931E+02     1.8372E+07     7.6973E+00     3.0057E-01     2.0537E+09    -1.6884E+09    -7.1242E+08    -9.2706E+08
     7.1956E-02    -1.8454E+02     1.8416E+02    -3.2107E+02     4.1360E+02     1.7584E+07     7.6324E+00     3.0077E-01     2.0527E+09    -1.6698E+09    -7.3456E+08    -9.4111E+08
     7.2332E-02    -1.9079E+02     1.8136E+02    -3.2464E+02     4.1795E+02     1.6818E+07     7.5676E+00     3.0096E-01     2.0524E+09    -1.6521E+09    -7.5520E+08    -9.5532E+08
     7.2708E-02    -1.9697E+02     1.7849E+02    -3.2826E+02     4.2238E+02     1.6073E+07     7.4984E+00     3.0115E-01     2.0533E+09    -1.6353E+09    -7.7413E+08    -9.7079E+08
     7.3084E-02    -2.0309E+02     1.7554E+02    -3.3194E+02     4.2690E+02     1.5350E+07     7.4289E+00     3.0133E-01     2.0548E+09    -1.6194E+09    -7.9168E+08    -9.8630E+08
     7.3460E-02    -2.0915E+02     1.7253E+02    -3.3568E+02     4.3150E+02     1.4648E+07     7.3551E+00     3.0151E-01     2.0574E+09    -1.6046E+09    -8.0760E+08    -1.0029E+09
     7.3836E-02    -2.1516E+02     1.6947E+02    -3.3949E+02     4.3619E+02     1.4030E+07     7.2795E+00     3.0168E-01     2.0598E+09    -1.5903E+09    -8.2229E+08    -1.0185E+09
     7.4212E-02    -2.2111E+02     1.6634E+02    -3.4333E+02     4.4095E+02     1.3562E+07     7.2149E+00     3.0183E-01     2.0558E+09    -1.5732E+09    -8.3815E+08    -1.0243E+09
     7.4589E-02    -2.2700E+02     1.6316E+02    -3.4719E+02     4.4574E+02     1.3138E+07     7.1581E+00     3.0199E-01     2.0495E+09    -1.5554E+09    -8.5356E+08    -1.0260E+09
     7.4965E-02    -2.3281E+02     1.5993E+02    -3.5105E+02     4.5057E+02     1.2711E+07     7.1034E+00     3.0214E-01     2.0439E+09    -1.5381E+09    -8.6805E+08    -1.0287E+09
     7.5341E-02    -2.3856E+02     1.5663E+02    -3.5493E+02     4.5543E+02     1.2284E+07     7.0471E+00     3.0228E-01     2.0393E+09    -1.5217E+09    -8.8139E+08    -1.0325E+09
     7.5717E-02    -2.4426E+02     1.5330E+02    -3.5882E+02     4.6034E+02     1.1847E+07     6.9921E+00     3.0242E-01     2.0358E+09    -1.5065E+09    -8.9349E+08    -1.0376E+09
     7.6093E-02    -2.4990E+02     1.4992E+02    -3.6273E+02     4.6529E+02     1.1386E+07     6.9349E+00     3.0256E-01     2.0350E+09    -1.4929E+09    -9.0427E+08    -1.0462E+09
     7.6469E-02    -2.5549E+02     1.4650E+02    -3.6669E+02     4.7031E+02     1.0903E+07     6.8756E+00     3.0269E-01     2.0366E+09    -1.4812E+09    -9.1360E+08    -1.0578E+09
     7.6844E-02    -2.6104E+02     1.4305E+02    -3.7069E+02     4.7541E+02     1.0371E+07     6.8118E+00     3.0282E-01     2.0430E+09    -1.4726E+09    -9.2117E+08    -1.0755E+09
     7.7220E-02    -2.6656E+02     1.3958E+02    -3.7478E+02     4.8062E+02     9.7582E+06     6.7395E+00     3.0295E-01     2.0569E+09    -1.4686E+09    -9.2631E+08    -1.1028E+09
     7.7596E-02    -2.7209E+02     1.3609E+02    -3.7901E+02     4.8601E+02     9.0491E+06     6.6343E+00     3.0306E-01     2.0881E+09    -1.4746E+09    -9.2667E+08    -1.1518E+09
     7.7972E-02    -2.7763E+02     1.3260E+02    -3.8339E+02     4.9158E+02     8.6277E+06     6.5376E+00     3.0317E-01     2.1005E+09    -1.4695E+09    -9.3154E+08    -1.1768E+09
     7.8348E-02    -2.8313E+02     1.2909E+02    -3.8784E+02     4.9723E+02     8.3358E+06     6.4713E+00     3.0326E-01     2.0988E+09    -1.4568E+09    -9.3880E+08    -1.1839E+09
     7.8724E-02    -2.8857E+02     1.2555E+02    -3.9229E+02     5.0292E+02     8.0854E+06     6.4170E+00     3.0336E-01     2.0928E+09    -1.4417E+09    -9.4641E+08    -1.1856E+09
     7.9100E-02    -2.9396E+02     1.2197E+02    -3.9675E+02     5.0863E+02     7.8502E+06     6.3652E+00     3.0345E-01     2.0865E+09    -1.4265E+09    -9.5365E+08    -1.1870E+09
     7.9475E-02    -2.9930E+02     1.1838E+02    -4.0121E+02     5.1435E+02     7.6222E+06     6.3159E+00     3.0353E-01     2.0802E+09    -1.4121E+09    -9.6008E+08    -1.1880E+09
     7.9851E-02    -3.0458E+02     1.1476E+02    -4.0568E+02     5.2011E+02     7.3819E+06     6.2657E+00     3.0362E-01     2.0761E+09    -1.3994E+09    -9.6558E+08    -1.1915E+09
     8.0227E-02    -3.0982E+02     1.1112E+02    -4.1017E+02     5.2590E+02     7.1229E+06     6.2112E+00     3.0370E-01     2.0760E+09    -1.3891E+09    -9.6996E+08    -1.1997E+09
     8.0603E-02    -3.1503E+02     1.0747E+02    -4.1470E+02     5.3176E+02     6.8336E+06     6.1519E+00     3.0378E-01     2.0805E+09    -1.3821E+09    -9.7293E+08    -1.2132E+09
     8.0979E-02    -3.2021E+02     1.0381E+02    -4.1931E+02     5.3771E+02     6.4816E+06     6.0765E+00     3.0386E-01     2.0970E+09    -1.3820E+09    -9.7338E+08    -1.2410E+09
     8.1354E-02    -3.2540E+02     1.0015E+02    -4.2401E+02     5.4379E+02     6.2177E+06     5.9971E+00     3.0394E-01     2.1074E+09    -1.3781E+09    -9.7467E+08    -1.2618E+09
     8.1730E-02    -3.3056E+02     9.6487E+01    -4.2877E+02     5.4993E+02     6.0199E+06     5.9389E+00     3.0400E-01     2.1075E+09    -1.3677E+09    -9.7751E+08    -1.2710E+09
     8.2106E-02    -3.3568E+02     9.2808E+01    -4.3356E+02     5.5611E+02     5.8577E+06     5.8905E+00     3.0406E-01     2.1026E+09    -1.3547E+09    -9.8069E+08    -1.2744E+09
     8.2481E-02    -3.4074E+02     8.9119E+01    -4.3834E+02     5.6231E+02     5.7121E+06     5.8483E+00     3.0413E-01     2.0955E+09    -1.3408E+09    -9.8383E+08    -1.2750E+09
     8.2857E-02    -3.4575E+02     8.5417E+01    -4.4313E+02     5.6851E+02     5.5694E+06     5.8079E+00     3.0419E-01     2.0886E+09    -1.3270E+09    -9.8667E+08    -1.2759E+09
     8.3233E-02    -3.5071E+02     8.1706E+01    -4.4793E+02     5.7473E+02     5.4269E+06     5.7663E+00     3.0424E-01     2.0831E+09    -1.3143E+09    -9.8909E+08    -1.2782E+09
     8.3608E-02    -3.5562E+02     7.7988E+01    -4.5274E+02     5.8097E+02     5.2833E+06     5.7250E+00     3.0430E-01     2.0788E+09    -1.3031E+09    -9.9100E+08    -1.2811E+09
     8.3984E-02    -3.6050E+02     7.4262E+01    -4.5756E+02     5.8723E+02     5.1276E+06     5.6813E+00     3.0436E-01     2.0775E+09    -1.2943E+09    -9.9231E+08    -1.2868E+09
     8.4360E-02    -3.6535E+02     7.0534E+01    -4.6241E+02     5.9353E+02     4.9502E+06     5.6309E+00     3.0441E-01     2.0816E+09    -1.2888E+09    -9.9284E+08    -1.2986E+09
     8.4735E-02    -3.7019E+02     6.6805E+01    -4.6732E+02     5.9991E+02     4.7356E+06     5.5705E+00     3.0446E-01     2.0931E+09    -1.2883E+09    -9.9232E+08    -1.3179E+09
     8.5111E-02    -3.7504E+02     6.3083E+01    -4.7233E+02     6.0641E+02     4.5248E+06     5.4915E+00     3.0452E-01     2.1137E+09    -1.2936E+09    -9.9055E+08    -1.3465E+09
     8.5487E-02    -3.7990E+02     5.9361E+01    -4.7742E+02     6.1300E+02     4.3770E+06     5.4314E+00     3.0456E-01     2.1201E+09    -1.2908E+09    -9.9040E+08    -1.3593E+09
     8.5862E-02    -3.8473E+02     5.5640E+01    -4.8253E+02     6.1964E+02     4.2582E+06     5.3851E+00     3.0461E-01     2.1195E+09    -1.2841E+09    -9.9086E+08    -1.3645E+09
     8.6238E-02    -3.8954E+02     5.1918E+01    -4.8766E+02     6.2630E+02     4.1542E+06     5.3445E+00     3.0465E-01     2.1161E+09    -1.2754E+09    -9.9156E+08    -1.3668E+09
     8.6613E-02    -3.9431E+02     4.8194E+01    -4.9279E+02     6.3297E+02     4.0634E+06     5.3091E+00     3.0469E-01     2.1101E+09    -1.2656E+09    -9.9231E+08    -1.3660E+09
     8.6989E-02    -3.9905E+02     4.4465E+01    -4.9792E+02     6.3964E+02     3.9792E+06     5.2772E+00     3.0473E-01     2.1030E+09    -1.2557E+09    -9.9304E+08    -1.3637E+09
     8.7364E-02    -4.0374E+02     4.0736E+01    -5.0304E+02     6.4631E+02     3.8958E+06     5.2464E+00     3.0477E-01     2.0962E+09    -1.2461E+09    -9.9367E+08    -1.3615E+09
     8.7740E-02    -4.0840E+02     3.7003E+01    -5.0815E+02     6.5298E+02     3.8088E+06     5.2144E+00     3.0481E-01     2.0910E+09    -1.2376E+09    -9.9414E+08    -1.3610E+09
     8.8115E-02    -4.1304E+02     3.3270E+01    -5.1326E+02     6.5965E+02     3.7198E+06     5.1811E+00     3.0485E-01     2.0873E+09    -1.2305E+09    -9.9444E+08    -1.3616E+09
     8.8491E-02    -4.1765E+02     2.9536E+01    -5.1837E+02     6.6634E+02     3.6233E+06     5.1460E+00     3.0489E-01     2.0863E+09    -1.2258E+09    -9.9456E+08    -1.3642E+09
     8.8866E-02    -4.2225E+02     2.5801E+01    -5.2351E+02     6.7307E+02     3.5070E+06     5.1052E+00     3.0492E-01     2.0913E+09    -1.2252E+09    -9.9438E+08    -1.3725E+09
     8.9242E-02    -4.2686E+02     2.2069E+01    -5.2870E+02     6.7987E+02     3.3548E+06     5.0432E+00     3.0496E-01     2.1109E+09    -1.2341E+09    -9.9356E+08    -1.3948E+09
     8.9617E-02    -4.3151E+02     1.8338E+01    -5.3398E+02     6.8678E+02     3.2288E+06     4.9788E+00     3.0500E-01     2.1268E+09    -1.2408E+09    -9.9308E+08    -1.4132E+09
     8.9993E-02    -4.3618E+02     1.4610E+01    -5.3931E+02     6.9377E+02     3.1250E+06     4.9257E+00     3.0503E-01     2.1359E+09    -1.2429E+09    -9.9294E+08    -1.4252E+09
     9.0368E-02    -4.4084E+02     1.0882E+01    -5.4467E+02     7.0080E+02     3.0399E+06     4.8827E+00     3.0506E-01     2.1389E+09    -1.2413E+09    -9.9302E+08    -1.4310E+09
     9.0744E-02    -4.4550E+02     7.1516E+00    -5.5005E+02     7.0787E+02     2.9652E+06     4.8463E+00     3.0510E-01     2.1386E+09    -1.2378E+09    -9.9319E+08    -1.4335E+09
     9.1119E-02    -4.5014E+02     3.4206E+00    -5.5544E+02     7.1495E+02     2.8958E+06     4.8128E+00     3.0512E-01     2.1369E+09    -1.2332E+09    -9.9341E+08    -1.4348E+09
     9.1495E-02    -4.5476E+02    -3.1017E-01    -5.6083E+02     7.2203E+02     2.8318E+06     4.7811E+00     3.0515E-01     2.1341E+09    -1.2278E+09    -9.9366E+08    -1.4351E+09
     9.1870E-02    -4.5936E+02    -4.0423E+00    -5.6622E+02     7.2913E+02     2.7723E+06     4.7524E+00     3.0518E-01     2.1301E+09    -1.2222E+09    -9.9389E+08    -1.4339E+09
     9.2246E-02    -4.6394E+02    -7.7748E+00    -5.7160E+02     7.3622E+02     2.7148E+06     4.7254E+00     3.0520E-01     2.1259E+09    -1.2167E+09    -9.9414E+08    -1.4321E+09
     9.2621E-02    -4.6850E+02    -1.1508E+01    -5.7697E+02     7.4332E+02     2.6553E+06     4.6981E+00     3.0523E-01     2.1228E+09    -1.2120E+09    -9.9440E+08    -1.4313E+09
     9.2997E-02    -4.7304E+02    -1.5243E+01    -5.8235E+02     7.5042E+02     2.5906E+06     4.6671E+00     3.0525E-01     2.1227E+09    -1.2094E+09    -9.9475E+08    -1.4332E+09
     9.3372E-02    -4.7759E+02    -1.8980E+01    -5.8774E+02     7.5756E+02     2.5101E+06     4.6297E+00     3.0528E-01     2.1291E+09    -1.2116E+09    -9.9534E+08    -1.4402E+09
     9.3748E-02    -4.8216E+02    -2.2721E+01    -5.9318E+02     7.6476E+02     2.4145E+06     4.5721E+00     3.0531E-01     2.1479E+09    -1.2229E+09    -9.9659E+08    -1.4577E+09
     9.4123E-02    -4.8677E+02    -2.6464E+01    -5.9868E+02     7.7205E+02     2.3331E+06     4.5186E+00     3.0534E-01     2.1615E+09    -1.2307E+09    -9.9775E+08    -1.4704E+09
     9.4499E-02    -4.9140E+02    -3.0213E+01    -6.0422E+02     7.7940E+02     2.2628E+06     4.4746E+00     3.0536E-01     2.1698E+09    -1.2354E+09    -9.9874E+08    -1.4780E+09
     9.4875E-02    -4.9604E+02    -3.3966E+01    -6.0978E+02     7.8679E+02     2.1994E+06     4.4360E+00     3.0539E-01     2.1753E+09    -1.2382E+09    -9.9967E+08    -1.4831E+09
     9.5250E-02    -5.0070E+02    -3.7722E+01    -6.1536E+02     7.9422E+02     2.1413E+06     4.3998E+00     3.0541E-01     2.1789E+09    -1.2394E+09    -1.0006E+09    -1.4866E+09
     9.5626E-02    -5.0535E+02    -4.1481E+01    -6.2095E+02     8.0167E+02     2.0892E+06     4.3685E+00     3.0543E-01     2.1798E+09    -1.2392E+09    -1.0013E+09    -1.4878E+09
     9.6001E-02    -5.1000E+02    -4.5244E+01    -6.2653E+02     8.0913E+02     2.0415E+06     4.3407E+00     3.0546E-01     2.1790E+09    -1.2378E+09    -1.0020E+09    -1.4872E+09
     9.6377E-02    -5.1465E+02    -4.9009E+01    -6.3212E+02     8.1660E+02     1.9963E+06     4.3144E+00     3.0548E-01     2.1776E+09    -1.2359E+09    -1.0026E+09    -1.4863E+09
     9.6753E-02    -5.1929E+02    -5.2777E+01    -6.3770E+02     8.2408E+02     1.9539E+06     4.2894E+00     3.0550E-01     2.1754E+09    -1.2333E+09    -1.0032E+09    -1.4849E+09
     9.7128E-02    -5.2392E+02    -5.6546E+01    -6.4327E+02     8.3156E+02     1.9140E+06     4.2664E+00     3.0552E-01     2.1724E+09    -1.2304E+09    -1.0036E+09    -1.4826E+09
     9.7504E-02    -5.2853E+02    -6.0317E+01    -6.4884E+02     8.3903E+02     1.8748E+06     4.2443E+00     3.0553E-01     2.1696E+09    -1.2278E+09    -1.0041E+09    -1.4803E+09
     9.7880E-02    -5.3314E+02    -6.4090E+01    -6.5440E+02     8.4651E+02     1.8274E+06     4.2181E+00     3.0555E-01     2.1715E+09    -1.2286E+09    -1.0052E+09    -1.4817E+09
     9.8255E-02    -5.3778E+02    -6.7870E+01    -6.5999E+02     8.5404E+02     1.7691E+06     4.1703E+00     3.0557E-01     2.1862E+09    -1.2387E+09    -1.0080E+09    -1.4930E+09
     9.8631E-02    -5.4245E+02    -7.1662E+01    -6.6561E+02     8.6164E+02     1.7167E+06     4.1272E+00     3.0559E-01     2.1972E+09    -1.2465E+09    -1.0102E+09    -1.5011E+09
     9.9006E-02    -5.4714E+02    -7.5460E+01    -6.7126E+02     8.6928E+02     1.6680E+06     4.0883E+00     3.0561E-01     2.2062E+09    -1.2528E+09    -1.0122E+09    -1.5077E+09
     9.9382E-02    -5.5186E+02    -7.9266E+01    -6.7694E+02     8.7697E+02     1.6225E+06     4.0512E+00     3.0563E-01     2.2137E+09    -1.2579E+09    -1.0139E+09    -1.5133E+09
     9.9758E-02    -5.5659E+02    -8.3078E+01    -6.8263E+02     8.8469E+02     1.5808E+06     4.0186E+00     3.0565E-01     2.2189E+09    -1.2615E+09    -1.0153E+09    -1.5170E+09
     1.0013E-01    -5.6134E+02    -8.6895E+01    -6.8834E+02     8.9244E+02     1.5423E+06     3.9894E+00     3.0567E-01     2.2224E+09    -1.2640E+09    -1.0165E+09    -1.5193E+09
     1.0051E-01    -5.6609E+02    -9.0717E+01    -6.9405E+02     9.0022E+02     1.5055E+06     3.9613E+00     3.0569E-01     2.2255E+09    -1.2660E+09    -1.0175E+09    -1.5215E+09
     1.0089E-01    -5.7085E+02    -9.4542E+01    -6.9977E+02     9.0801E+02     1.4713E+06     3.9352E+00     3.0571E-01     2.2273E+09    -1.2670E+09    -1.0184E+09    -1.5227E+09
     1.0126E-01    -5.7561E+02    -9.8369E+01    -7.0549E+02     9.1582E+02     1.4394E+06     3.9117E+00     3.0572E-01     2.2279E+09    -1.2672E+09    -1.0191E+09    -1.5229E+09
     1.0164E-01    -5.8037E+02    -1.0220E+02    -7.1121E+02     9.2363E+02     1.4096E+06     3.8903E+00     3.0574E-01     2.2274E+09    -1.2667E+09    -1.0196E+09    -1.5223E+09
     1.0201E-01    -5.8513E+02    -1.0603E+02    -7.1693E+02     9.3146E+02     1.3808E+06     3.8695E+00     3.0575E-01     2.2269E+09    -1.2660E+09    -1.0201E+09    -1.5217E+09
     1.0239E-01    -5.8989E+02    -1.0987E+02    -7.2265E+02     9.3929E+02     1.3505E+06     3.8473E+00     3.0577E-01     2.2279E+09    -1.2664E+09    -1.0208E+09    -1.5224E+09
     1.0276E-01    -5.9466E+02    -1.1371E+02    -7.2838E+02     9.4715E+02     1.3160E+06     3.8145E+00     3.0578E-01     2.2358E+09    -1.2719E+09    -1.0228E+09    -1.5280E+09
     1.0314E-01    -5.9945E+02    -1.1756E+02    -7.3413E+02     9.5504E+02     1.2843E+06     3.7835E+00     3.0580E-01     2.2419E+09    -1.2762E+09    -1.0246E+09    -1.5323E+09
     1.0352E-01    -6.0425E+02    -1.2141E+02    -7.3990E+02     9.6297E+02     1.2539E+06     3.7535E+00     3.0581E-01     2.2475E+09    -1.2798E+09    -1.0262E+09    -1.5363E+09
     1.0389E-01    -6.0907E+02    -1.2527E+02    -7.4568E+02     9.7092E+02     1.2252E+06     3.7251E+00     3.0583E-01     2.2521E+09    -1.2828E+09    -1.0277E+09    -1.5396E+09
     1.0427E-01    -6.1389E+02    -1.2913E+02    -7.5147E+02     9.7890E+02     1.1983E+06     3.6992E+00     3.0584E-01     2.2554E+09    -1.2849E+09    -1.0289E+09    -1.5418E+09
     1.0464E-01    -6.1872E+02    -1.3300E+02    -7.5727E+02     9.8689E+02     1.1727E+06     3.6752E+00     3.0585E-01     2.2578E+09    -1.2865E+09    -1.0299E+09    -1.5433E+09
     1.0502E-01    -6.2356E+02    -1.3688E+02    -7.6307E+02     9.9491E+02     1.1478E+06     3.6517E+00     3.0587E-01     2.2600E+09    -1.2879E+09    -1.0308E+09    -1.5448E+09
     1.0540E-01    -6.2840E+02    -1.4075E+02    -7.6888E+02     1.0029E+03     1.1240E+06     3.6288E+00     3.0588E-01     2.2620E+09    -1.2890E+09    -1.0316E+09    -1.5462E+09
     1.0577E-01    -6.3325E+02    -1.4463E+02    -7.7469E+02     1.0110E+03     1.1012E+06     3.6076E+00     3.0589E-01     2.2631E+09    -1.2897E+09    -1.0323E+09    -1.5469E+09
     1.0615E-01    -6.3810E+02    -1.4851E+02    -7.8051E+02     1.0190E+03     1.0795E+06     3.5879E+00     3.0590E-01     2.2636E+09    -1.2899E+09    -1.0328E+09    -1.5471E+09
     1.0652E-01    -6.4295E+02    -1.5240E+02    -7.8633E+02     1.0271E+03     1.0587E+06     3.5693E+00     3.0592E-01     2.2637E+09    -1.2899E+09    -1.0332E+09    -1.5470E+09
     1.0690E-01    -6.4780E+02    -1.5628E+02    -7.9215E+02     1.0352E+03     1.0383E+06     3.5504E+00     3.0593E-01     2.2641E+09    -1.2899E+09    -1.0336E+09    -1.5473E+09
     1.0727E-01    -6.5265E+02    -1.6017E+02    -7.9797E+02     1.0432E+03     1.0188E+06     3.5326E+00     3.0594E-01     2.2640E+09    -1.2896E+09    -1.0339E+09    -1.5471E+09
