1193386.5440652494	8.53313050755999e+28
1791015.3376227687	8.53818289770338e+28
2388384.435136019	8.580169666916366e+28
2984910.801012318	8.527318735077044e+28
3579696.6701104715	8.411971963285945e+28
4171729.5645810985	8.366202035666424e+28
4760881.5318174	8.388709130886667e+28
5346793.645728251	8.409587844337882e+28
5929748.7510011755	8.338704740498642e+28
6508972.680846035	8.230829215882387e+28
7085065.027224522	8.21072298803909e+28
7657094.281775562	8.24759388336056e+28
8224810.507847582	8.244466361329473e+28
8788572.011424838	8.170499948375245e+28
9348163.317465095	8.091119316349732e+28
9902483.844470538	8.072885749316787e+28
10452389.384250855	8.12510996194647e+28
10998248.671493111	8.103930032970381e+28
11538729.335589774	8.021279740026568e+28
12074114.912903555	7.93640352207281e+28
12603802.613893952	7.941563039236636e+28
13128406.511454463	7.980690610554544e+28
13646505.893451262	7.952224709429634e+28
14158284.724499647	7.871653171979168e+28
14665107.967553461	7.80293722101928e+28
15163352.81954489	7.806234883710668e+28
15656067.115977755	7.832358638651554e+28
16140695.037698964	7.797681457741788e+28
16618284.74091114	7.707596187721926e+28
17087795.263871815	7.657651822358865e+28
17550366.944596913	7.663851984418012e+28
18003338.2010115	7.671789524391143e+28
18448319.178179894	7.6417145142444e+28
18885281.177149575	7.558569111543211e+28
19313263.97712205	7.493742406661586e+28
19733098.266427908	7.505016630388484e+28
20143501.604249448	7.508814776036675e+28
20545267.151867364	7.476623183991984e+28
20962788.641545285	7.394194378471413e+28
21370087.07352406	7.323530711439693e+28
21766690.273213338	7.3346762599598e+28
22153028.420060318	7.319461411322901e+28
22528132.74774454	7.283305207413438e+28
22893143.48118231	7.1998878005680864e+28
23247673.8918112	7.146134385773315e+28
23591342.76572658	7.145819452000118e+28
23924444.029694818	7.125256107470115e+28
24246634.345822103	7.088686448104279e+28
24557690.36249134	7.012542712058921e+28
24858217.16957996	6.9491011753270205e+28
25148060.73338459	6.953920042658014e+28
25427201.00089666	6.931364826774203e+28
25695476.830173824	6.896040070831914e+28
25952992.257733986	6.823297820386763e+28
26199832.144118786	6.753991213869583e+28
26435711.783305548	6.74434712926047e+28
26660748.858387303	6.737682149960587e+28
26876135.938784055	6.692011201218835e+28
27080066.33374446	6.653431738151303e+28
27273160.42944052	6.578642077876201e+28
27455902.42552592	6.539130992303593e+28
27628575.276513994	6.5417715155544825e+28
27791695.025852595	6.493992254824015e+28
27943665.229171347	6.467913795232161e+28
28085899.274190962	6.400492889656721e+28
28218604.357586507	6.35329074231449e+28
28340191.07486751	6.350437307508473e+28
28452909.817626737	6.31228650993314e+28
28555974.537038658	6.2709885203203275e+28
28648541.61453947	6.242782799851501e+28
28731925.728882153	6.177061553296361e+28
28806144.29249427	6.14550375350677e+28
28870420.815949325	6.132391928664188e+28
28924680.834194176	6.0809628232118645e+28
28970170.78323841	6.055342872524374e+28
29006723.199370522	6.010645848113172e+28
29033433.55427325	5.964790964759273e+28
29052260.831517056	5.932545300070427e+28
29061160.27019568	5.919511142050131e+28
29061041.867249016	5.8723219877661045e+28
29052806.15775351	5.852234592539467e+28
29036220.367844023	5.816131043534261e+28
29012370.92845051	5.770901804396942e+28
28978900.289003376	5.754084437314763e+28
28937745.203971922	5.729155753587729e+28
28889725.73857357	5.682319038745163e+28
28833649.48961543	5.664658594813068e+28
28770368.801946215	5.644931620976376e+28
28699516.122053348	5.589188002725468e+28
28621038.65969927	5.5770584379295655e+28
28536682.50445381	5.553577095415289e+28
28445088.339465566	5.502122036985461e+28
28346193.858258992	5.481508183223595e+28
28241579.435293626	5.472328479624151e+28
28131109.15765676	5.42750262469394e+28
28013477.417843007	5.3994512929231965e+28
27890560.53022241	5.385292621302517e+28
27761679.089889362	5.335647925301201e+28
27627145.945428383	5.300318716853641e+28
27487413.936018065	5.290285628211063e+28
27340725.48214477	5.2753310159096526e+28
27190523.17426055	5.235192165793277e+28
27035281.331807885	5.215739642844948e+28
26874354.535318617	5.179362946561774e+28
26709886.560036153	5.12285447357219e+28
26540316.7134456	5.089178081374642e+28
26366163.959324844	5.074830510001657e+28
26188210.824338496	5.041198192373541e+28
26006067.113848645	4.995654415194349e+28
25820197.22329789	4.962442405915208e+28
25630493.367276408	4.903679159476838e+28
25437569.96452295	4.846524046887434e+28
25241525.843934238	4.812776400247986e+28
25042285.759291228	4.80003219479194e+28
24840422.99257402	4.76857035374986e+28
24635569.919326	4.724528108007361e+28
24428586.37948582	4.691920638343251e+28
24218850.787145123	4.629979044276301e+28
24006665.93531888	4.5729728586002545e+28
23793129.607094564	4.537098522777127e+28
23578083.25649055	4.5206408223300506e+28
23361244.464711204	4.5017165637736545e+28
23142471.106820032	4.459908887224947e+28
22922859.825510427	4.424869771862221e+28
22702299.70172405	4.374400483482982e+28
22480393.028746184	4.311789520208859e+28
22258094.36107523	4.267284718811851e+28
22035481.65476761	4.2418645251182876e+28
21589559.155527007	4.214092054501321e+28
21143799.69872965	4.141316116665111e+28
20701425.495119896	4.023826479661026e+28
20262878.077410422	3.960439467861879e+28
19830624.68834504	3.939985178454028e+28
19405218.225518618	3.871892344251339e+28
18990184.471194584	3.758186770220737e+28
18585233.600361336	3.693884905984635e+28
18194154.773717847	3.681027886769824e+28
17818097.743025206	3.6300955916695275e+28
17459793.529420674	3.5260302862898004e+28
17121029.65624439	3.4442611694588717e+28
16803318.859380133	3.4140709493693045e+28
16508741.438704528	3.4018775807026754e+28
16239395.521077745	3.3304675335331305e+28
15996487.479756298	3.2294647152040948e+28
15782808.700925196	3.17459747379914e+28
15599902.662837354	3.159842290655514e+28
15449989.83462449	3.145241551621818e+28
15334064.323916212	3.0631839369501266e+28
15254959.793129578	2.9761188010310694e+28
15212332.545997014	2.9277548078445876e+28
15206250.189971229	2.911243425362532e+28
15239665.765363753	2.9090109459206163e+28
15310539.645943249	2.839556429549408e+28
15415522.811763473	2.758442118006723e+28
15555321.176047763	2.704389482364232e+28
15728202.12230247	2.6799718208164757e+28
15933697.505914941	2.6770790233709863e+28
16169442.105403636	2.6582474183035465e+28
16434890.915670844	2.5792012603405663e+28
16729052.376330225	2.5109886950205727e+28
17049511.7630975	2.466512693314845e+28
17394292.622581698	2.447305713043126e+28
17764348.520925276	2.4459696566377824e+28
18156498.01913177	2.43961381443408e+28
18569864.49602958	2.3654407161911542e+28
18999802.63713284	2.2949650321472696e+28
19444282.46451897	2.2381141952658993e+28
19903494.718264934	2.197104856291138e+28
20375021.32121584	2.174823146758863e+28
20858304.88055058	2.1638328599945715e+28
21352915.960121233	2.1347987708223172e+28
21858447.20834488	2.0609980169488623e+28
22373650.819658373	1.991910488508985e+28
22898593.717737336	1.9387490795383364e+28
23434010.57032278	1.898953011872815e+28
23977567.294452537	1.8727069103378496e+28
24524836.97580883	1.8592398651337682e+28
25076227.014644768	1.848587429082984e+28
25630603.31498266	1.8096668718085487e+28
26188665.263621207	1.7497184438855892e+28
26748823.83376884	1.6920649717970665e+28
27311270.232085507	1.6461985308467615e+28
27877360.389570605	1.6109957051350694e+28
28444376.479191806	1.5871732317444807e+28
29014563.596407924	1.5720787160349775e+28
29586788.022527896	1.5628093863921944e+28
30161037.924613938	1.5471196213774149e+28
30739814.620293338	1.5161172742499666e+28
31322677.93612162	1.4713219416681533e+28
31910790.201591685	1.4237087276691748e+28
32503847.57978661	1.3817928432194306e+28
33101993.56972326	1.3477216431646793e+28
33706056.15152862	1.3211981416759177e+28
34315422.47867568	1.301906068026009e+28
34929117.983281516	1.2891870462933293e+28
35550623.399456725	1.2791887497859668e+28
36176238.89640823	1.263832188796534e+28
36810103.66312489	1.2379052257855595e+28
37447613.44718779	1.2116221094704257e+28
38085826.01296708	1.1769376508190917e+28
38724494.67055703	1.1397501152203379e+28
39362140.95917548	1.1046823833653837e+28
39999185.557833545	1.075228695429743e+28
40637204.23319006	1.0513511428680768e+28
41276095.62555547	1.0321438853797927e+28
41915734.29978294	1.0180462677827062e+28
42561045.53567734	1.0078834377225198e+28
43211327.25443642	9.991750654145553e+27
43874166.49111411	9.869608591699593e+27
44560603.24647771	9.663825024562765e+27
45265776.95224064	9.452091985870826e+27
45978195.10909492	9.244214486397322e+27
46693421.186394125	9.040567859237917e+27
47409874.26570545	8.804887236812489e+27
48123902.52556416	8.524568027491176e+27
48835494.295542866	8.261310035256387e+27
49546781.36963086	8.021268582937806e+27
50259745.40216056	7.812878810902429e+27
50980734.76020133	7.634520221878119e+27
51713963.08242098	7.48228235144596e+27
52455048.07251633	7.355907903404397e+27
53199700.78195928	7.256039054032033e+27
53946415.372015215	7.169397803191568e+27
54692974.130961284	7.086069965407558e+27
55440123.47470017	6.972276625750668e+27
56185623.60150504	6.827755947818217e+27
56928768.73857364	6.68668128699793e+27
57670942.66517585	6.549401959267521e+27
58414201.19191907	6.41576141255554e+27
59161298.884405844	6.285139381586509e+27
59915724.214015804	6.156590286337066e+27
60674613.54545243	6.030720267349145e+27
61436569.27832152	5.907921918819091e+27
62198680.891880654	5.784620076586048e+27
62963089.704127446	5.639585298241553e+27
63726915.37560876	5.479974177211411e+27
64490877.69824505	5.330760386032732e+27
65253510.05493881	5.186677376847369e+27
66015504.91732984	5.061937213662684e+27
66776185.4952048	4.946446483793859e+27
67536116.23635164	4.845212883890296e+27
68295402.83196227	4.7580794941389543e+27
69058128.78184581	4.6768275963358927e+27
69828489.9843896	4.610185490252476e+27
70605073.8736247	4.553027221083037e+27
71385759.384698	4.4984677930788073e+27
