1193386.5440652494	4.868541379883436e+28
1791015.3376227687	4.867134945877051e+28
2388384.435136019	4.8762758334620075e+28
2984910.801012318	4.854827265127045e+28
3579696.6701104715	4.795397201360108e+28
4171729.5645810985	4.772125861272321e+28
4760881.5318174	4.781732105130302e+28
5346793.645728251	4.773444300980827e+28
5929748.7510011755	4.747912334425994e+28
6508972.680846035	4.695839796816259e+28
7085065.027224522	4.6793997604004835e+28
7657094.281775562	4.694448834537013e+28
8224810.507847582	4.6761240339911e+28
8788572.011424838	4.651062767161258e+28
9348163.317465095	4.609488217972019e+28
9902483.844470538	4.593936230166387e+28
10452389.384250855	4.614956298602241e+28
10998248.671493111	4.591636635180476e+28
11538729.335589774	4.558113839570864e+28
12074114.912903555	4.512611769264311e+28
12603802.613893952	4.5108794462774875e+28
13128406.511454463	4.521626755773729e+28
13646505.893451262	4.5034903255344125e+28
14158284.724499647	4.4665487933643505e+28
14665107.967553461	4.42483149340996e+28
15163352.81954489	4.43021185263821e+28
15656067.115977755	4.430696571351954e+28
16140695.037698964	4.413386841756072e+28
16618284.74091114	4.3712743584121885e+28
17087795.263871815	4.338718456730407e+28
17550366.944596913	4.3453157708618535e+28
18003338.2010115	4.336703395338105e+28
18448319.178179894	4.321996651490823e+28
18885281.177149575	4.281553374835434e+28
19313263.97712205	4.2456789292050444e+28
19733098.266427908	4.250818243684488e+28
20143501.604249448	4.242674334746113e+28
20545267.151867364	4.223184480213576e+28
20962788.641545285	4.184826659731659e+28
21370087.07352406	4.146669946388021e+28
21766690.273213338	4.151793650344146e+28
22153028.420060318	4.130741092207e+28
22528132.74774454	4.113168354147471e+28
22893143.48118231	4.07281650682629e+28
23247673.8918112	4.0388172628488795e+28
23591342.76572658	4.040907687990171e+28
23924444.029694818	4.0169910989245715e+28
24246634.345822103	3.99685998182344e+28
24557690.36249134	3.960364341615046e+28
24858217.16957996	3.9242102982454776e+28
25148060.73338459	3.9253350845604494e+28
25427201.00089666	3.9033010749080325e+28
25695476.830173824	3.8813783734280007e+28
25952992.257733986	3.8472156626066293e+28
26199832.144118786	3.809650213809034e+28
26435711.783305548	3.800531026401952e+28
26660748.858387303	3.7867390918081934e+28
26876135.938784055	3.7584081973506255e+28
27080066.33374446	3.744685734804015e+28
27273160.42944052	3.700310625274898e+28
27455902.42552592	3.6791079195037667e+28
27628575.276513994	3.671379932856828e+28
27791695.025852595	3.64113289850085e+28
27943665.229171347	3.6254518397086985e+28
28085899.274190962	3.5936118816506766e+28
28218604.357586507	3.564132866748036e+28
28340191.07486751	3.5607197643646484e+28
28452909.817626737	3.529695913612036e+28
28555974.537038658	3.506382672004024e+28
28648541.61453947	3.4931862859992083e+28
28731925.728882153	3.4523157366872813e+28
28806144.29249427	3.4369316993152817e+28
28870420.815949325	3.4210990444783316e+28
28924680.834194176	3.391550877249417e+28
28970170.78323841	3.373239552647907e+28
29006723.199370522	3.3539915697180617e+28
29033433.55427325	3.3232288365114424e+28
29052260.831517056	3.3050023550446053e+28
29061160.27019568	3.285965784504118e+28
29061041.867249016	3.2598955844031107e+28
29052806.15775351	3.2435501638432443e+28
29036220.367844023	3.2265968203900933e+28
29012370.92845051	3.1954157154691695e+28
28978900.289003376	3.184194214928597e+28
28937745.203971922	3.160072431555864e+28
28889725.73857357	3.134055435762088e+28
28833649.48961543	3.11835287912858e+28
28770368.801946215	3.108798447282741e+28
28699516.122053348	3.074730455930956e+28
28621038.65969927	3.0646096702378714e+28
28536682.50445381	3.0433873680826575e+28
28445088.339465566	3.0140690643383455e+28
28346193.858258992	2.9977101960779467e+28
28241579.435293626	2.9894424050108355e+28
28131109.15765676	2.9641657970912595e+28
28013477.417843007	2.9451211957051803e+28
27890560.53022241	2.933624072643528e+28
27761679.089889362	2.903161585614969e+28
27627145.945428383	2.881370868055916e+28
27487413.936018065	2.8695542597493666e+28
27340725.48214477	2.8627903624808194e+28
27190523.17426055	2.836274895641129e+28
27035281.331807885	2.8240445520736577e+28
26874354.535318617	2.7966933105610857e+28
26709886.560036153	2.7675726863290113e+28
26540316.7134456	2.747234231903405e+28
26366163.959324844	2.735337147572566e+28
26188210.824338496	2.719129046276548e+28
26006067.113848645	2.692753348036367e+28
25820197.22329789	2.6769148923282588e+28
25630493.367276408	2.6431145106445063e+28
25437569.96452295	2.615097678509024e+28
25241525.843934238	2.5959107367306103e+28
25042285.759291228	2.584010694894261e+28
24840422.99257402	2.5701464285970476e+28
24635569.919326	2.5452972308304775e+28
24428586.37948582	2.5284087841727934e+28
24218850.787145123	2.4936100625737833e+28
24006665.93531888	2.465915452738201e+28
23793129.607094564	2.446282352775854e+28
23578083.25649055	2.433014402532612e+28
23361244.464711204	2.424058010244145e+28
23142471.106820032	2.399649987053463e+28
22922859.825510427	2.3817096317443896e+28
22702299.70172405	2.3520879126045345e+28
22480393.028746184	2.3233454205725638e+28
22258094.36107523	2.3006396206195997e+28
22035481.65476761	2.2843886997000224e+28
21589559.155527007	2.2647869428305485e+28
21143799.69872965	2.224642458954654e+28
20701425.495119896	2.1666378433879135e+28
20262878.077410422	2.1309133098573514e+28
19830624.68834504	2.115009230674005e+28
19405218.225518618	2.07676770733685e+28
18990184.471194584	2.020614999845586e+28
18585233.600361336	1.985023306891022e+28
18194154.773717847	1.9689735124366784e+28
17818097.743025206	1.9418434116480333e+28
17459793.529420674	1.8881674555613628e+28
17121029.65624439	1.8478133759207889e+28
16803318.859380133	1.824557574638951e+28
16508741.438704528	1.8123811709665275e+28
16239395.521077745	1.7718776285063173e+28
15996487.479756298	1.724375423661893e+28
15782808.700925196	1.69361225362555e+28
15599902.662837354	1.67758137309909e+28
15449989.83462449	1.6653104699238782e+28
15334064.323916212	1.6212268856424407e+28
15254959.793129578	1.579672742556909e+28
15212332.545997014	1.5518448600859088e+28
15206250.189971229	1.5359526042346726e+28
15239665.765363753	1.5283929335967906e+28
15310539.645943249	1.4893056011397989e+28
15415522.811763473	1.4499542687986933e+28
15555321.176047763	1.419517595259335e+28
15728202.12230247	1.4018846004588926e+28
15933697.505914941	1.39230012230763e+28
16169442.105403636	1.3792533436499056e+28
16434890.915670844	1.3381562519544285e+28
16729052.376330225	1.3044792962511718e+28
17049511.7630975	1.2812232394505282e+28
17394292.622581698	1.2652313915685582e+28
17764348.520925276	1.2574726227720827e+28
18156498.01913177	1.2488055000972728e+28
18569864.49602958	1.212232458644544e+28
18999802.63713284	1.178594102676514e+28
19444282.46451897	1.1502137625945624e+28
19903494.718264934	1.128643987347562e+28
20375021.32121584	1.1136566595980166e+28
20858304.88055058	1.1035645296980526e+28
21352915.960121233	1.0872127324466072e+28
21858447.20834488	1.052978113401887e+28
22373650.819658373	1.0214454870096363e+28
22898593.717737336	9.964523252461072e+27
23434010.57032278	9.759813954523737e+27
23977567.294452537	9.60216422498225e+27
24524836.97580883	9.497993497854107e+27
25076227.014644768	9.409836695157268e+27
25630603.31498266	9.21515435437687e+27
26188665.263621207	8.938202015066989e+27
26748823.83376884	8.675432785320238e+27
27311270.232085507	8.460660112050568e+27
27877360.389570605	8.282442873385369e+27
28444376.479191806	8.149930549938998e+27
29014563.596407924	8.044813833457564e+27
29586788.022527896	7.972625610794831e+27
30161037.924613938	7.86016062975942e+27
30739814.620293338	7.706635901607395e+27
31322677.93612162	7.50742259031422e+27
31910790.201591685	7.287159417519547e+27
32503847.57978661	7.095241922256359e+27
33101993.56972326	6.932102430719477e+27
33706056.15152862	6.794552215523239e+27
34315422.47867568	6.682134982491884e+27
34929117.983281516	6.596679979469579e+27
35550623.399456725	6.526305137156375e+27
36176238.89640823	6.423891257526828e+27
36810103.66312489	6.290423124848605e+27
37447613.44718779	6.160229539420461e+27
38085826.01296708	6.00444164335351e+27
38724494.67055703	5.831259383115358e+27
39362140.95917548	5.669036323525502e+27
39999185.557833545	5.529210837592349e+27
40637204.23319006	5.409029414848371e+27
41276095.62555547	5.308497945229228e+27
41915734.29978294	5.224867372106962e+27
42561045.53567734	5.159064918407139e+27
43211327.25443642	5.100572647053445e+27
43874166.49111411	5.021022679598511e+27
44560603.24647771	4.9140465506400506e+27
45265776.95224064	4.806650096790985e+27
45978195.10909492	4.7011035203569365e+27
46693421.186394125	4.597866966986636e+27
47409874.26570545	4.4922681295743147e+27
48123902.52556416	4.357733976419614e+27
48835494.295542866	4.2344476658624686e+27
49546781.36963086	4.1217154146379576e+27
50259745.40216056	4.0212760182262164e+27
50980734.76020133	3.9311145529821103e+27
51713963.08242098	3.851742353062645e+27
52455048.07251633	3.7809123784446893e+27
53199700.78195928	3.720823137104885e+27
53946415.372015215	3.6672660882024814e+27
54692974.130961284	3.616998088452547e+27
55440123.47470017	3.5481914489628023e+27
56185623.60150504	3.473953822820767e+27
56928768.73857364	3.4020190332080334e+27
57670942.66517585	3.3322836981116175e+27
58414201.19191907	3.264333862902233e+27
59161298.884405844	3.1980770465297647e+27
59915724.214015804	3.13287263767158e+27
60674613.54545243	3.0689538537148595e+27
61436569.27832152	3.006684154364026e+27
62198680.891880654	2.9462079505457396e+27
62963089.704127446	2.879874311555733e+27
63726915.37560876	2.803699759780862e+27
64490877.69824505	2.732917563708016e+27
65253510.05493881	2.665241833696811e+27
66015504.91732984	2.605567370208727e+27
66776185.4952048	2.5488106162393186e+27
67536116.23635164	2.4973110094261976e+27
68295402.83196227	2.4523483160110734e+27
69058128.78184581	2.4088904523479901e+27
69828489.9843896	2.3708693823398687e+27
70605073.8736247	2.3369636938171884e+27
71385759.384698	2.304930286429964e+27
