     R_cyl [km]         z [km]        T [MeV]
    5.00000E-01    2.14754E+01    3.55269E+00
    1.50000E+00    2.13859E+01    3.51951E+00
    2.50000E+00    2.13230E+01    3.63288E+00
    3.50000E+00    2.12800E+01    3.68783E+00
    4.50000E+00    2.12396E+01    3.64808E+00
    5.50000E+00    2.11934E+01    3.54382E+00
    6.50000E+00    2.11834E+01    3.29448E+00
    7.50000E+00    2.12501E+01    2.53968E+00
    8.50000E+00    2.11184E+01    2.86546E+00
    9.50000E+00    2.05983E+01    3.53217E+00
    1.05000E+01    2.04282E+01    3.41500E+00
    1.15000E+01    2.04149E+01    2.92868E+00
    1.25000E+01    2.03347E+01    2.55005E+00
    1.35000E+01    2.01184E+01    3.00891E+00
    1.45000E+01    1.98166E+01    3.04396E+00
    1.55000E+01    1.96298E+01    2.91359E+00
    1.65000E+01    1.95357E+01    3.13794E+00
    1.75000E+01    1.98996E+01    3.09785E+00
    1.85000E+01    2.06800E+01    2.92920E+00
    1.95000E+01    2.17954E+01    2.79852E+00
    2.05000E+01    2.30967E+01    2.68497E+00
    2.15000E+01    2.44903E+01    2.59338E+00
    2.25000E+01    2.59973E+01    2.52592E+00
    2.35000E+01    2.74581E+01    2.47066E+00
    2.45000E+01    2.89448E+01    2.41676E+00
    2.55000E+01    3.04234E+01    2.36909E+00
    2.65000E+01    3.19479E+01    2.32919E+00
    2.75000E+01    3.34543E+01    2.29589E+00
    2.85000E+01    3.49728E+01    2.25550E+00
    2.95000E+01    3.64649E+01    2.21967E+00
    3.05000E+01    3.79816E+01    2.18771E+00
    3.15000E+01    3.94613E+01    2.15899E+00
    3.25000E+01    4.09495E+01    2.13287E+00
    3.35000E+01    4.24014E+01    2.10880E+00
    3.45000E+01    4.38659E+01    2.08273E+00
    3.55000E+01    4.53099E+01    2.05721E+00
    3.65000E+01    4.67400E+01    2.03229E+00
    3.75000E+01    4.81555E+01    2.00820E+00
    3.85000E+01    4.95548E+01    1.98584E+00
    3.95000E+01    5.09650E+01    1.96510E+00
    4.05000E+01    5.23433E+01    1.94599E+00
    4.15000E+01    5.37162E+01    1.92787E+00
    4.25000E+01    5.50789E+01    1.90961E+00
    4.35000E+01    5.64232E+01    1.89126E+00
    4.45000E+01    5.77698E+01    1.87154E+00
    4.55000E+01    5.90929E+01    1.85286E+00
    4.65000E+01    6.04019E+01    1.83521E+00
    4.75000E+01    6.17080E+01    1.81878E+00
    4.85000E+01    6.30059E+01    1.80312E+00
    4.95000E+01    6.42774E+01    1.78831E+00
    5.05000E+01    6.55345E+01    1.77422E+00
    5.15000E+01    6.68037E+01    1.76085E+00
    5.25000E+01    6.80496E+01    1.74823E+00
    5.35000E+01    6.92801E+01    1.73466E+00
    5.45000E+01    7.04893E+01    1.72085E+00
    5.55000E+01    7.16989E+01    1.70674E+00
    5.65000E+01    7.28993E+01    1.69342E+00
    5.75000E+01    7.40793E+01    1.68076E+00
    5.85000E+01    7.52485E+01    1.66875E+00
    5.95000E+01    7.63997E+01    1.65724E+00
    6.05000E+01    7.75403E+01    1.64622E+00
    6.15000E+01    7.86757E+01    1.63557E+00
    6.25000E+01    7.97896E+01    1.62540E+00
    6.35000E+01    8.08942E+01    1.61575E+00
    6.45000E+01    8.19853E+01    1.60647E+00
    6.55000E+01    8.30643E+01    1.59773E+00
    6.65000E+01    8.41275E+01    1.58899E+00
    6.75000E+01    8.51723E+01    1.57943E+00
    6.85000E+01    8.62120E+01    1.57022E+00
    6.95000E+01    8.72371E+01    1.56050E+00
    7.05000E+01    8.82450E+01    1.55135E+00
    7.15000E+01    8.92400E+01    1.54250E+00
    7.25000E+01    9.02212E+01    1.53403E+00
    7.35000E+01    9.11917E+01    1.52591E+00
    7.45000E+01    9.21464E+01    1.51801E+00
    7.55000E+01    9.30849E+01    1.51056E+00
    7.65000E+01    9.40119E+01    1.50320E+00
    7.75000E+01    9.49240E+01    1.49609E+00
    7.85000E+01    9.58209E+01    1.48922E+00
    7.95000E+01    9.67014E+01    1.48253E+00
    8.05000E+01    9.75678E+01    1.47613E+00
    8.15000E+01    9.84267E+01    1.46986E+00
    8.25000E+01    9.92727E+01    1.46393E+00
    8.35000E+01    1.00102E+02    1.45819E+00
    8.45000E+01    1.00914E+02    1.45263E+00
    8.55000E+01    1.01712E+02    1.44690E+00
    8.65000E+01    1.02497E+02    1.44134E+00
    8.75000E+01    1.03270E+02    1.43532E+00
    8.85000E+01    1.04031E+02    1.42946E+00
    8.95000E+01    1.04772E+02    1.42375E+00
    9.05000E+01    1.05500E+02    1.41832E+00
    9.15000E+01    1.06220E+02    1.41298E+00
    9.25000E+01    1.06922E+02    1.40780E+00
    9.35000E+01    1.07608E+02    1.40272E+00
    9.45000E+01    1.08288E+02    1.39786E+00
    9.55000E+01    1.08950E+02    1.39299E+00
    9.65000E+01    1.09594E+02    1.38832E+00
    9.75000E+01    1.10228E+02    1.38387E+00
    9.85000E+01    1.10851E+02    1.37927E+00
    9.95000E+01    1.11456E+02    1.37503E+00
    1.00500E+02    1.12052E+02    1.37073E+00
    1.01500E+02    1.12628E+02    1.36658E+00
    1.02500E+02    1.13195E+02    1.36263E+00
    1.03500E+02    1.13749E+02    1.35855E+00
    1.04500E+02    1.14286E+02    1.35482E+00
    1.05500E+02    1.14809E+02    1.35097E+00
    1.06500E+02    1.15322E+02    1.34734E+00
    1.07500E+02    1.15822E+02    1.34369E+00
    1.08500E+02    1.16303E+02    1.34020E+00
    1.09500E+02    1.16775E+02    1.33675E+00
    1.10500E+02    1.17231E+02    1.33339E+00
    1.11500E+02    1.17674E+02    1.33009E+00
    1.12500E+02    1.18107E+02    1.32684E+00
    1.13500E+02    1.18518E+02    1.32368E+00
    1.14500E+02    1.18926E+02    1.32075E+00
    1.15500E+02    1.19313E+02    1.31779E+00
    1.16500E+02    1.19692E+02    1.31504E+00
    1.17500E+02    1.20054E+02    1.31251E+00
    1.18500E+02    1.20404E+02    1.31007E+00
    1.19500E+02    1.20746E+02    1.30762E+00
    1.20500E+02    1.21071E+02    1.30520E+00
    1.21500E+02    1.21387E+02    1.30286E+00
    1.22500E+02    1.21686E+02    1.30052E+00
    1.23500E+02    1.21983E+02    1.29820E+00
    1.24500E+02    1.22260E+02    1.29595E+00
    1.25500E+02    1.22524E+02    1.29373E+00
    1.26500E+02    1.22787E+02    1.29151E+00
    1.27500E+02    1.23027E+02    1.28934E+00
    1.28500E+02    1.23262E+02    1.28722E+00
    1.29500E+02    1.23476E+02    1.28514E+00
    1.30500E+02    1.23687E+02    1.28305E+00
    1.31500E+02    1.23888E+02    1.28100E+00
    1.32500E+02    1.24069E+02    1.27899E+00
    1.33500E+02    1.24247E+02    1.27700E+00
    1.34500E+02    1.24401E+02    1.27508E+00
    1.35500E+02    1.24552E+02    1.27316E+00
    1.36500E+02    1.24694E+02    1.27124E+00
    1.37500E+02    1.24819E+02    1.26935E+00
    1.38500E+02    1.24937E+02    1.26748E+00
    1.39500E+02    1.25035E+02    1.26565E+00
    1.40500E+02    1.25130E+02    1.26384E+00
    1.41500E+02    1.25206E+02    1.26207E+00
    1.42500E+02    1.25274E+02    1.26033E+00
    1.43500E+02    1.25331E+02    1.25860E+00
    1.44500E+02    1.25371E+02    1.25689E+00
    1.45500E+02    1.25409E+02    1.25517E+00
    1.46500E+02    1.25425E+02    1.25351E+00
    1.47500E+02    1.25436E+02    1.25185E+00
    1.48500E+02    1.25434E+02    1.25021E+00
    1.49500E+02    1.25418E+02    1.24861E+00
    1.50500E+02    1.25398E+02    1.24700E+00
    1.51500E+02    1.25356E+02    1.24544E+00
    1.52500E+02    1.25311E+02    1.24390E+00
    1.53500E+02    1.25247E+02    1.24238E+00
    1.54500E+02    1.25173E+02    1.24089E+00
    1.55500E+02    1.25093E+02    1.23940E+00
    1.56500E+02    1.24990E+02    1.23797E+00
    1.57500E+02    1.24888E+02    1.23651E+00
    1.58500E+02    1.24763E+02    1.23511E+00
    1.59500E+02    1.24631E+02    1.23372E+00
    1.60500E+02    1.24487E+02    1.23235E+00
    1.61500E+02    1.24331E+02    1.23097E+00
    1.62500E+02    1.24167E+02    1.22960E+00
    1.63500E+02    1.23983E+02    1.22828E+00
    1.64500E+02    1.23795E+02    1.22696E+00
    1.65500E+02    1.23589E+02    1.22568E+00
    1.66500E+02    1.23372E+02    1.22439E+00
    1.67500E+02    1.23147E+02    1.22309E+00
    1.68500E+02    1.22903E+02    1.22184E+00
    1.69500E+02    1.22653E+02    1.22058E+00
    1.70500E+02    1.22386E+02    1.21936E+00
    1.71500E+02    1.22110E+02    1.21814E+00
    1.72500E+02    1.21822E+02    1.21695E+00
    1.73500E+02    1.21517E+02    1.21579E+00
    1.74500E+02    1.21207E+02    1.21461E+00
    1.75500E+02    1.20877E+02    1.21348E+00
    1.76500E+02    1.20538E+02    1.21235E+00
    1.77500E+02    1.20190E+02    1.21124E+00
    1.78500E+02    1.19826E+02    1.21015E+00
    1.79500E+02    1.19448E+02    1.20907E+00
    1.80500E+02    1.19058E+02    1.20801E+00
    1.81500E+02    1.18657E+02    1.20698E+00
    1.82500E+02    1.18244E+02    1.20592E+00
    1.83500E+02    1.17816E+02    1.20488E+00
    1.84500E+02    1.17375E+02    1.20387E+00
    1.85500E+02    1.16922E+02    1.20283E+00
    1.86500E+02    1.16456E+02    1.20181E+00
    1.87500E+02    1.15977E+02    1.20079E+00
    1.88500E+02    1.15481E+02    1.19977E+00
    1.89500E+02    1.14982E+02    1.19874E+00
    1.90500E+02    1.14460E+02    1.19774E+00
    1.91500E+02    1.13933E+02    1.19672E+00
    1.92500E+02    1.13388E+02    1.19571E+00
    1.93500E+02    1.12834E+02    1.19469E+00
    1.94500E+02    1.12266E+02    1.19368E+00
    1.95500E+02    1.11685E+02    1.19267E+00
    1.96500E+02    1.11090E+02    1.19165E+00
    1.97500E+02    1.10480E+02    1.19065E+00
    1.98500E+02    1.09863E+02    1.18963E+00
    1.99500E+02    1.09228E+02    1.18862E+00
    2.00500E+02    1.08579E+02    1.18761E+00
    2.01500E+02    1.07920E+02    1.18658E+00
    2.02500E+02    1.07247E+02    1.18555E+00
    2.03500E+02    1.06556E+02    1.18451E+00
    2.04500E+02    1.05857E+02    1.18345E+00
    2.05500E+02    1.05137E+02    1.18237E+00
    2.06500E+02    1.04406E+02    1.18134E+00
    2.07500E+02    1.03663E+02    1.18024E+00
    2.08500E+02    9.23521E+01    1.20886E+00
    2.09500E+02    9.11064E+01    1.20853E+00
    2.10500E+02    8.98306E+01    1.20817E+00
    2.11500E+02    8.85275E+01    1.20781E+00
    2.12500E+02    8.71821E+01    1.20746E+00
    2.13500E+02    8.58078E+01    1.20708E+00
    2.14500E+02    8.43935E+01    1.20673E+00
    2.15500E+02    8.29391E+01    1.20633E+00
    2.16500E+02    8.14404E+01    1.20592E+00
    2.17500E+02    7.98976E+01    1.20547E+00
    2.18500E+02    7.83093E+01    1.20502E+00
    2.19500E+02    7.66693E+01    1.20461E+00
    2.20500E+02    7.49782E+01    1.20418E+00
    2.21500E+02    7.32299E+01    1.20378E+00
    2.22500E+02    7.14204E+01    1.20338E+00
    2.23500E+02    6.95449E+01    1.20297E+00
    2.24500E+02    6.75941E+01    1.20257E+00
    2.25500E+02    6.55651E+01    1.20219E+00
    2.26500E+02    6.34420E+01    1.20161E+00
    2.27500E+02    5.49795E+01    1.21004E+00
    2.28500E+02    5.07259E+01    1.21176E+00
    2.29500E+02    4.58972E+01    1.21376E+00
    2.30500E+02    4.02837E+01    1.21609E+00
    2.31500E+02    3.37150E+01    1.21848E+00
    2.32500E+02    2.54281E+01    1.22113E+00
    2.33500E+02    1.22114E+01    1.22381E+00
    2.34500E+02    0.00000E+00    0.00000E+00
    2.35500E+02    0.00000E+00    0.00000E+00
    2.36500E+02    0.00000E+00    0.00000E+00
    2.37500E+02    0.00000E+00    0.00000E+00
    2.38500E+02    0.00000E+00    0.00000E+00
    2.39500E+02    0.00000E+00    0.00000E+00
    2.40500E+02    0.00000E+00    0.00000E+00
    2.41500E+02    0.00000E+00    0.00000E+00
    2.42500E+02    0.00000E+00    0.00000E+00
    2.43500E+02    0.00000E+00    0.00000E+00
    2.44500E+02    0.00000E+00    0.00000E+00
    2.45500E+02    0.00000E+00    0.00000E+00
    2.46500E+02    0.00000E+00    0.00000E+00
    2.47500E+02    0.00000E+00    0.00000E+00
    2.48500E+02    0.00000E+00    0.00000E+00
    2.49500E+02    0.00000E+00    0.00000E+00
    2.50500E+02    0.00000E+00    0.00000E+00
    2.51500E+02    0.00000E+00    0.00000E+00
    2.52500E+02    0.00000E+00    0.00000E+00
    2.53500E+02    0.00000E+00    0.00000E+00
    2.54500E+02    0.00000E+00    0.00000E+00
    2.55500E+02    0.00000E+00    0.00000E+00
    2.56500E+02    0.00000E+00    0.00000E+00
    2.57500E+02    0.00000E+00    0.00000E+00
    2.58500E+02    0.00000E+00    0.00000E+00
    2.59500E+02    0.00000E+00    0.00000E+00
    2.60500E+02    0.00000E+00    0.00000E+00
    2.61500E+02    0.00000E+00    0.00000E+00
    2.62500E+02    0.00000E+00    0.00000E+00
    2.63500E+02    0.00000E+00    0.00000E+00
    2.64500E+02    0.00000E+00    0.00000E+00
    2.65500E+02    0.00000E+00    0.00000E+00
    2.66500E+02    0.00000E+00    0.00000E+00
    2.67500E+02    0.00000E+00    0.00000E+00
    2.68500E+02    0.00000E+00    0.00000E+00
    2.69500E+02    0.00000E+00    0.00000E+00
    2.70500E+02    0.00000E+00    0.00000E+00
    2.71500E+02    0.00000E+00    0.00000E+00
    2.72500E+02    0.00000E+00    0.00000E+00
    2.73500E+02    0.00000E+00    0.00000E+00
    2.74500E+02    0.00000E+00    0.00000E+00
    2.75500E+02    0.00000E+00    0.00000E+00
    2.76500E+02    0.00000E+00    0.00000E+00
    2.77500E+02    0.00000E+00    0.00000E+00
    2.78500E+02    0.00000E+00    0.00000E+00
    2.79500E+02    0.00000E+00    0.00000E+00
    2.80500E+02    0.00000E+00    0.00000E+00
    2.81500E+02    0.00000E+00    0.00000E+00
    2.82500E+02    0.00000E+00    0.00000E+00
    2.83500E+02    0.00000E+00    0.00000E+00
    2.84500E+02    0.00000E+00    0.00000E+00
    2.85500E+02    0.00000E+00    0.00000E+00
    2.86500E+02    0.00000E+00    0.00000E+00
    2.87500E+02    0.00000E+00    0.00000E+00
    2.88500E+02    0.00000E+00    0.00000E+00
    2.89500E+02    0.00000E+00    0.00000E+00
    2.90500E+02    0.00000E+00    0.00000E+00
    2.91500E+02    0.00000E+00    0.00000E+00
    2.92500E+02    0.00000E+00    0.00000E+00
    2.93500E+02    0.00000E+00    0.00000E+00
    2.94500E+02    0.00000E+00    0.00000E+00
    2.95500E+02    0.00000E+00    0.00000E+00
    2.96500E+02    0.00000E+00    0.00000E+00
    2.97500E+02    0.00000E+00    0.00000E+00
    2.98500E+02    0.00000E+00    0.00000E+00
    2.99500E+02    0.00000E+00    0.00000E+00
    3.00500E+02    0.00000E+00    0.00000E+00
    3.01500E+02    0.00000E+00    0.00000E+00
    3.02500E+02    0.00000E+00    0.00000E+00
    3.03500E+02    0.00000E+00    0.00000E+00
    3.04500E+02    0.00000E+00    0.00000E+00
    3.05500E+02    0.00000E+00    0.00000E+00
    3.06500E+02    0.00000E+00    0.00000E+00
    3.07500E+02    0.00000E+00    0.00000E+00
    3.08500E+02    0.00000E+00    0.00000E+00
    3.09500E+02    0.00000E+00    0.00000E+00
    3.10500E+02    0.00000E+00    0.00000E+00
    3.11500E+02    0.00000E+00    0.00000E+00
    3.12500E+02    0.00000E+00    0.00000E+00
    3.13500E+02    0.00000E+00    0.00000E+00
    3.14500E+02    0.00000E+00    0.00000E+00
    3.15500E+02    0.00000E+00    0.00000E+00
    3.16500E+02    0.00000E+00    0.00000E+00
    3.17500E+02    0.00000E+00    0.00000E+00
    3.18500E+02    0.00000E+00    0.00000E+00
    3.19500E+02    0.00000E+00    0.00000E+00
    3.20500E+02    0.00000E+00    0.00000E+00
    3.21500E+02    0.00000E+00    0.00000E+00
    3.22500E+02    0.00000E+00    0.00000E+00
    3.23500E+02    0.00000E+00    0.00000E+00
    3.24500E+02    0.00000E+00    0.00000E+00
    3.25500E+02    0.00000E+00    0.00000E+00
    3.26500E+02    0.00000E+00    0.00000E+00
    3.27500E+02    0.00000E+00    0.00000E+00
    3.28500E+02    0.00000E+00    0.00000E+00
    3.29500E+02    0.00000E+00    0.00000E+00
    3.30500E+02    0.00000E+00    0.00000E+00
    3.31500E+02    0.00000E+00    0.00000E+00
    3.32500E+02    0.00000E+00    0.00000E+00
    3.33500E+02    0.00000E+00    0.00000E+00
    3.34500E+02    0.00000E+00    0.00000E+00
    3.35500E+02    0.00000E+00    0.00000E+00
    3.36500E+02    0.00000E+00    0.00000E+00
    3.37500E+02    0.00000E+00    0.00000E+00
    3.38500E+02    0.00000E+00    0.00000E+00
    3.39500E+02    0.00000E+00    0.00000E+00
    3.40500E+02    0.00000E+00    0.00000E+00
    3.41500E+02    0.00000E+00    0.00000E+00
    3.42500E+02    0.00000E+00    0.00000E+00
    3.43500E+02    0.00000E+00    0.00000E+00
    3.44500E+02    0.00000E+00    0.00000E+00
    3.45500E+02    0.00000E+00    0.00000E+00
    3.46500E+02    0.00000E+00    0.00000E+00
    3.47500E+02    0.00000E+00    0.00000E+00
    3.48500E+02    0.00000E+00    0.00000E+00
    3.49500E+02    0.00000E+00    0.00000E+00
    3.50500E+02    0.00000E+00    0.00000E+00
    3.51500E+02    0.00000E+00    0.00000E+00
    3.52500E+02    0.00000E+00    0.00000E+00
    3.53500E+02    0.00000E+00    0.00000E+00
    3.54500E+02    0.00000E+00    0.00000E+00
    3.55500E+02    0.00000E+00    0.00000E+00
    3.56500E+02    0.00000E+00    0.00000E+00
    3.57500E+02    0.00000E+00    0.00000E+00
    3.58500E+02    0.00000E+00    0.00000E+00
    3.59500E+02    0.00000E+00    0.00000E+00
