    5.00000E-01    2.29924E+01    2.24484E+00
    1.50000E+00    2.24976E+01    2.35729E+00
    2.50000E+00    2.24417E+01    2.32406E+00
    3.50000E+00    2.24067E+01    2.32035E+00
    4.50000E+00    2.23809E+01    2.29332E+00
    5.50000E+00    2.23472E+01    2.24175E+00
    6.50000E+00    2.22847E+01    2.16999E+00
    7.50000E+00    2.21586E+01    2.06059E+00
    8.50000E+00    2.19521E+01    2.23532E+00
    9.50000E+00    2.16901E+01    2.41586E+00
    1.05000E+01    2.14798E+01    2.41765E+00
    1.15000E+01    2.14012E+01    2.33490E+00
    1.25000E+01    2.12525E+01    2.34356E+00
    1.35000E+01    2.10852E+01    2.51555E+00
    1.45000E+01    2.09093E+01    2.58535E+00
    1.55000E+01    2.08865E+01    2.62362E+00
    1.65000E+01    2.13105E+01    2.58512E+00
    1.75000E+01    2.24009E+01    2.48590E+00
    1.85000E+01    2.38762E+01    2.36772E+00
    1.95000E+01    2.54843E+01    2.27860E+00
    2.05000E+01    2.72198E+01    2.20524E+00
    2.15000E+01    2.89681E+01    2.15018E+00
    2.25000E+01    3.07114E+01    2.10427E+00
    2.35000E+01    3.24304E+01    2.05925E+00
    2.45000E+01    3.41498E+01    2.01491E+00
    2.55000E+01    3.58852E+01    1.97468E+00
    2.65000E+01    3.76377E+01    1.93922E+00
    2.75000E+01    3.93969E+01    1.91083E+00
    2.85000E+01    4.11560E+01    1.87527E+00
    2.95000E+01    4.29040E+01    1.84489E+00
    3.05000E+01    4.46477E+01    1.81638E+00
    3.15000E+01    4.63870E+01    1.79111E+00
    3.25000E+01    4.81179E+01    1.76859E+00
    3.35000E+01    4.98258E+01    1.74606E+00
    3.45000E+01    5.15252E+01    1.72598E+00
    3.55000E+01    5.32329E+01    1.70155E+00
    3.65000E+01    5.49151E+01    1.67983E+00
    3.75000E+01    5.65710E+01    1.65951E+00
    3.85000E+01    5.82361E+01    1.64088E+00
    3.95000E+01    5.98921E+01    1.62367E+00
    4.05000E+01    6.15175E+01    1.60728E+00
    4.15000E+01    6.31506E+01    1.59251E+00
    4.25000E+01    6.47602E+01    1.57631E+00
    4.35000E+01    6.63621E+01    1.55831E+00
    4.45000E+01    6.79619E+01    1.54190E+00
    4.55000E+01    6.95259E+01    1.52613E+00
    4.65000E+01    7.11006E+01    1.51195E+00
    4.75000E+01    7.26510E+01    1.49805E+00
    4.85000E+01    7.41997E+01    1.48515E+00
    4.95000E+01    7.57223E+01    1.47328E+00
    5.05000E+01    7.72336E+01    1.46171E+00
    5.15000E+01    7.87452E+01    1.45034E+00
    5.25000E+01    8.02379E+01    1.43856E+00
    5.35000E+01    8.17160E+01    1.42661E+00
    5.45000E+01    8.31764E+01    1.41465E+00
    5.55000E+01    8.46209E+01    1.40352E+00
    5.65000E+01    8.60656E+01    1.39263E+00
    5.75000E+01    8.74813E+01    1.38229E+00
    5.85000E+01    8.88964E+01    1.37272E+00
    5.95000E+01    9.02885E+01    1.36328E+00
    6.05000E+01    9.16676E+01    1.35434E+00
    6.15000E+01    9.30391E+01    1.34592E+00
    6.25000E+01    9.43833E+01    1.33779E+00
    6.35000E+01    9.57203E+01    1.33011E+00
    6.45000E+01    9.70484E+01    1.32232E+00
    6.55000E+01    9.83542E+01    1.31472E+00
    6.65000E+01    9.96486E+01    1.30683E+00
    6.75000E+01    1.00926E+02    1.29894E+00
    6.85000E+01    1.02191E+02    1.29150E+00
    6.95000E+01    1.03445E+02    1.28410E+00
    7.05000E+01    1.04680E+02    1.27727E+00
    7.15000E+01    1.05906E+02    1.27049E+00
    7.25000E+01    1.07113E+02    1.26398E+00
    7.35000E+01    1.08307E+02    1.25771E+00
    7.45000E+01    1.09489E+02    1.25148E+00
    7.55000E+01    1.10651E+02    1.24561E+00
    7.65000E+01    1.11810E+02    1.23969E+00
    7.75000E+01    1.12948E+02    1.23408E+00
    7.85000E+01    1.14071E+02    1.22863E+00
    7.95000E+01    1.15182E+02    1.22325E+00
    8.05000E+01    1.16269E+02    1.21820E+00
    8.15000E+01    1.17359E+02    1.21308E+00
    8.25000E+01    1.18424E+02    1.20827E+00
    8.35000E+01    1.19479E+02    1.20350E+00
    8.45000E+01    1.20518E+02    1.19922E+00
    8.55000E+01    1.21541E+02    1.19523E+00
    8.65000E+01    1.22564E+02    1.19116E+00
    8.75000E+01    1.23560E+02    1.18733E+00
    8.85000E+01    1.24555E+02    1.18341E+00
    8.95000E+01    1.25533E+02    1.17965E+00
    9.05000E+01    1.26499E+02    1.17596E+00
    9.15000E+01    1.27462E+02    1.17224E+00
    9.25000E+01    1.28400E+02    1.16873E+00
    9.35000E+01    1.29339E+02    1.16514E+00
    9.45000E+01    1.30263E+02    1.16166E+00
    9.55000E+01    1.31174E+02    1.15819E+00
    9.65000E+01    1.32074E+02    1.15479E+00
    9.75000E+01    1.32955E+02    1.15155E+00
    9.85000E+01    1.33837E+02    1.14825E+00
    9.95000E+01    1.34698E+02    1.14510E+00
    1.00500E+02    1.35553E+02    1.14190E+00
    1.01500E+02    1.36396E+02    1.13876E+00
    1.02500E+02    1.37225E+02    1.13574E+00
    1.03500E+02    1.38052E+02    1.13264E+00
    1.04500E+02    1.38855E+02    1.12974E+00
    1.05500E+02    1.39656E+02    1.12676E+00
    1.06500E+02    1.40440E+02    1.12391E+00
    1.07500E+02    1.41222E+02    1.12103E+00
    1.08500E+02    1.41990E+02    1.11820E+00
    1.09500E+02    1.42740E+02    1.11548E+00
    1.10500E+02    1.43485E+02    1.11270E+00
    1.11500E+02    1.44221E+02    1.11003E+00
    1.12500E+02    1.44951E+02    1.10733E+00
    1.13500E+02    1.45661E+02    1.10471E+00
    1.14500E+02    1.46363E+02    1.10214E+00
    1.15500E+02    1.47062E+02    1.09953E+00
    1.16500E+02    1.47744E+02    1.09714E+00
    1.17500E+02    1.48416E+02    1.09472E+00
    1.18500E+02    1.49084E+02    1.09244E+00
    1.19500E+02    1.49739E+02    1.09020E+00
    1.20500E+02    1.50386E+02    1.08800E+00
    1.21500E+02    1.51029E+02    1.08581E+00
    1.22500E+02    1.51654E+02    1.08364E+00
    1.23500E+02    1.52281E+02    1.08150E+00
    1.24500E+02    1.52898E+02    1.07934E+00
    1.25500E+02    1.53499E+02    1.07727E+00
    1.26500E+02    1.54104E+02    1.07512E+00
    1.27500E+02    1.54691E+02    1.07305E+00
    1.28500E+02    1.55278E+02    1.07095E+00
    1.29500E+02    1.55854E+02    1.06888E+00
    1.30500E+02    1.56418E+02    1.06683E+00
    1.31500E+02    1.56983E+02    1.06479E+00
    1.32500E+02    1.57529E+02    1.06276E+00
    1.33500E+02    1.58084E+02    1.06074E+00
    1.34500E+02    1.58615E+02    1.05873E+00
    1.35500E+02    1.59149E+02    1.05674E+00
    1.36500E+02    1.59672E+02    1.05476E+00
    1.37500E+02    1.60189E+02    1.05278E+00
    1.38500E+02    1.60700E+02    1.05084E+00
    1.39500E+02    1.61197E+02    1.04889E+00
    1.40500E+02    1.61697E+02    1.04696E+00
    1.41500E+02    1.62184E+02    1.04502E+00
    1.42500E+02    1.62664E+02    1.04310E+00
    1.43500E+02    1.63143E+02    1.04120E+00
    1.44500E+02    1.63603E+02    1.03931E+00
    1.45500E+02    1.64074E+02    1.03742E+00
    1.46500E+02    1.64520E+02    1.03555E+00
    1.47500E+02    1.64974E+02    1.03368E+00
    1.48500E+02    1.65414E+02    1.03183E+00
    1.49500E+02    1.65850E+02    1.02998E+00
    1.50500E+02    1.66285E+02    1.02815E+00
    1.51500E+02    1.66700E+02    1.02630E+00
    1.52500E+02    1.67124E+02    1.02449E+00
    1.53500E+02    1.67530E+02    1.02269E+00
    1.54500E+02    1.67936E+02    1.02082E+00
    1.55500E+02    1.68338E+02    1.01904E+00
    1.56500E+02    1.68724E+02    1.01725E+00
    1.57500E+02    1.69121E+02    1.01541E+00
    1.58500E+02    1.69493E+02    1.01364E+00
    1.59500E+02    1.69874E+02    1.01185E+00
    1.60500E+02    1.70244E+02    1.01008E+00
    1.61500E+02    1.70603E+02    1.00832E+00
    1.62500E+02    1.70973E+02    1.00658E+00
    1.63500E+02    1.71318E+02    1.00487E+00
    1.64500E+02    1.71669E+02    1.00319E+00
    1.65500E+02    1.72013E+02    1.00147E+00
    1.66500E+02    1.72345E+02    9.99681E-01
    1.67500E+02    1.72682E+02    9.97626E-01
    1.68500E+02    1.73002E+02    9.95414E-01
    1.69500E+02    1.73328E+02    9.93225E-01
    1.70500E+02    1.73643E+02    9.91088E-01
    1.71500E+02    1.73956E+02    9.89017E-01
    1.72500E+02    1.74265E+02    9.86965E-01
    1.73500E+02    1.74561E+02    9.84940E-01
    1.74500E+02    1.74868E+02    9.82946E-01
    1.75500E+02    1.75157E+02    9.80961E-01
    1.76500E+02    1.75444E+02    9.78996E-01
    1.77500E+02    1.75729E+02    9.77038E-01
    1.78500E+02    1.76006E+02    9.75085E-01
    1.79500E+02    1.76283E+02    9.73136E-01
    1.80500E+02    1.76546E+02    9.71192E-01
    1.81500E+02    1.76815E+02    9.69253E-01
    1.82500E+02    1.77074E+02    9.67340E-01
    1.83500E+02    1.77326E+02    9.65446E-01
    1.84500E+02    1.77576E+02    9.63528E-01
    1.85500E+02    1.77819E+02    9.61585E-01
    1.86500E+02    1.78063E+02    9.59660E-01
    1.87500E+02    1.78295E+02    9.57753E-01
    1.88500E+02    1.78524E+02    9.55857E-01
    1.89500E+02    1.78753E+02    9.53957E-01
    1.90500E+02    1.78972E+02    9.52064E-01
    1.91500E+02    1.79192E+02    9.50173E-01
    1.92500E+02    1.79400E+02    9.48293E-01
    1.93500E+02    1.79609E+02    9.46425E-01
    1.94500E+02    1.79812E+02    9.44572E-01
    1.95500E+02    1.80011E+02    9.42723E-01
    1.96500E+02    1.80207E+02    9.40880E-01
    1.97500E+02    1.80392E+02    9.39055E-01
    1.98500E+02    1.80580E+02    9.37234E-01
    1.99500E+02    1.80760E+02    9.35422E-01
    2.00500E+02    1.80938E+02    9.33616E-01
    2.01500E+02    1.81111E+02    9.31819E-01
    2.02500E+02    1.81276E+02    9.30042E-01
    2.03500E+02    1.81441E+02    9.28263E-01
    2.04500E+02    1.81600E+02    9.26488E-01
    2.05500E+02    1.81758E+02    9.24709E-01
    2.06500E+02    1.81910E+02    9.22939E-01
    2.07500E+02    1.82056E+02    9.21185E-01
    2.08500E+02    1.82202E+02    9.19438E-01
    2.09500E+02    1.82339E+02    9.17724E-01
    2.10500E+02    1.82475E+02    9.16039E-01
    2.11500E+02    1.82607E+02    9.14430E-01
    2.12500E+02    1.82735E+02    9.12652E-01
    2.13500E+02    1.82860E+02    9.10653E-01
    2.14500E+02    1.82977E+02    9.08038E-01
    2.15500E+02    1.83093E+02    9.05367E-01
    2.16500E+02    1.83202E+02    9.02806E-01
    2.17500E+02    1.83307E+02    9.00334E-01
    2.18500E+02    1.83408E+02    8.97942E-01
    2.19500E+02    1.83501E+02    8.95614E-01
    2.20500E+02    1.83594E+02    8.93320E-01
    2.21500E+02    1.83678E+02    8.91064E-01
    2.22500E+02    1.83759E+02    8.88821E-01
    2.23500E+02    1.83833E+02    8.86605E-01
    2.24500E+02    1.83901E+02    8.84409E-01
    2.25500E+02    1.83966E+02    8.82217E-01
    2.26500E+02    1.84022E+02    8.80043E-01
    2.27500E+02    1.84075E+02    8.77852E-01
    2.28500E+02    1.84121E+02    8.75674E-01
    2.29500E+02    1.84162E+02    8.73498E-01
    2.30500E+02    1.84197E+02    8.71332E-01
    2.31500E+02    1.84227E+02    8.69181E-01
    2.32500E+02    1.84251E+02    8.67030E-01
    2.33500E+02    1.84269E+02    8.64901E-01
    2.34500E+02    1.84282E+02    8.62782E-01
    2.35500E+02    1.84290E+02    8.60685E-01
    2.36500E+02    1.84291E+02    8.58606E-01
    2.37500E+02    1.84287E+02    8.56533E-01
    2.38500E+02    1.84277E+02    8.54484E-01
    2.39500E+02    1.84261E+02    8.52448E-01
    2.40500E+02    1.84240E+02    8.50438E-01
    2.41500E+02    1.84213E+02    8.48444E-01
    2.42500E+02    1.84180E+02    8.46463E-01
    2.43500E+02    1.84142E+02    8.44507E-01
    2.44500E+02    1.84097E+02    8.42566E-01
    2.45500E+02    1.84047E+02    8.40666E-01
    2.46500E+02    1.83990E+02    8.38774E-01
    2.47500E+02    1.83927E+02    8.36954E-01
    2.48500E+02    1.83859E+02    8.35188E-01
    2.49500E+02    1.83782E+02    8.33453E-01
    2.50500E+02    1.83700E+02    8.31525E-01
    2.51500E+02    1.83610E+02    8.28957E-01
    2.52500E+02    1.83513E+02    8.26225E-01
    2.53500E+02    1.83410E+02    8.23584E-01
    2.54500E+02    1.83299E+02    8.21017E-01
    2.55500E+02    1.83181E+02    8.18537E-01
    2.56500E+02    1.83054E+02    8.16120E-01
    2.57500E+02    1.82920E+02    8.13780E-01
    2.58500E+02    1.82777E+02    8.11485E-01
    2.59500E+02    1.82625E+02    8.09220E-01
    2.60500E+02    1.82466E+02    8.07000E-01
    2.61500E+02    1.82299E+02    8.04798E-01
    2.62500E+02    1.82125E+02    8.02642E-01
    2.63500E+02    1.81940E+02    8.00494E-01
    2.64500E+02    1.81748E+02    7.98377E-01
    2.65500E+02    1.81548E+02    7.96288E-01
    2.66500E+02    1.81340E+02    7.94211E-01
    2.67500E+02    1.81125E+02    7.92122E-01
    2.68500E+02    1.80900E+02    7.90055E-01
    2.69500E+02    1.80668E+02    7.87999E-01
    2.70500E+02    1.80428E+02    7.85962E-01
    2.71500E+02    1.80181E+02    7.83933E-01
    2.72500E+02    1.79927E+02    7.81952E-01
    2.73500E+02    1.79663E+02    7.79948E-01
    2.74500E+02    1.79394E+02    7.78006E-01
    2.75500E+02    1.79119E+02    7.76059E-01
    2.76500E+02    1.78834E+02    7.74122E-01
    2.77500E+02    1.78542E+02    7.72223E-01
    2.78500E+02    1.78247E+02    7.70288E-01
    2.79500E+02    1.77943E+02    7.68405E-01
    2.80500E+02    1.77632E+02    7.66472E-01
    2.81500E+02    1.77316E+02    7.64568E-01
    2.82500E+02    1.76996E+02    7.62671E-01
    2.83500E+02    1.76669E+02    7.60745E-01
    2.84500E+02    1.76336E+02    7.58881E-01
    2.85500E+02    1.76000E+02    7.57380E-01
    2.86500E+02    1.75657E+02    7.55996E-01
    2.87500E+02    1.75312E+02    7.54547E-01
    2.88500E+02    1.74964E+02    7.53071E-01
    2.89500E+02    1.74609E+02    7.51585E-01
    2.90500E+02    1.74253E+02    7.50047E-01
    2.91500E+02    1.73893E+02    7.48527E-01
    2.92500E+02    1.73528E+02    7.46964E-01
    2.93500E+02    1.73163E+02    7.45399E-01
    2.94500E+02    1.72792E+02    7.43828E-01
    2.95500E+02    1.72418E+02    7.42233E-01
    2.96500E+02    1.72043E+02    7.40657E-01
    2.97500E+02    1.71661E+02    7.39044E-01
    2.98500E+02    1.71278E+02    7.37458E-01
    2.99500E+02    1.70892E+02    7.35862E-01
    3.00500E+02    1.70500E+02    7.34268E-01
    3.01500E+02    1.70109E+02    7.32681E-01
    3.02500E+02    1.69709E+02    7.31075E-01
    3.03500E+02    1.69310E+02    7.29505E-01
    3.04500E+02    1.68906E+02    7.27874E-01
    3.05500E+02    1.68496E+02    7.26253E-01
    3.06500E+02    1.68086E+02    7.24621E-01
    3.07500E+02    1.67668E+02    7.22992E-01
    3.08500E+02    1.67316E+02    7.21267E-01
    3.09500E+02    1.66700E+02    7.19980E-01
    3.10500E+02    1.64595E+02    7.21283E-01
    3.11500E+02    1.62429E+02    7.22665E-01
    3.12500E+02    1.60205E+02    7.23975E-01
    3.13500E+02    1.57926E+02    7.25310E-01
    3.14500E+02    1.55597E+02    7.26642E-01
    3.15500E+02    1.53221E+02    7.27984E-01
    3.16500E+02    1.50800E+02    7.29312E-01
    3.17500E+02    1.48337E+02    7.30615E-01
    3.18500E+02    1.45832E+02    7.31814E-01
    3.19500E+02    1.43285E+02    7.32921E-01
    3.20500E+02    1.40696E+02    7.34020E-01
    3.21500E+02    1.38066E+02    7.35081E-01
    3.22500E+02    1.35392E+02    7.36110E-01
    3.23500E+02    1.32677E+02    7.37096E-01
    3.24500E+02    1.29920E+02    7.37979E-01
    3.25500E+02    1.27118E+02    7.38737E-01
    3.26500E+02    1.24272E+02    7.39414E-01
    3.27500E+02    1.21376E+02    7.40009E-01
    3.28500E+02    1.18425E+02    7.40532E-01
    3.29500E+02    1.15412E+02    7.40992E-01
    3.30500E+02    1.12330E+02    7.41393E-01
    3.31500E+02    1.09169E+02    7.41698E-01
    3.32500E+02    1.05923E+02    7.41961E-01
    3.33500E+02    1.02582E+02    7.42194E-01
    3.34500E+02    9.91422E+01    7.42400E-01
    3.35500E+02    9.55963E+01    7.42576E-01
    3.36500E+02    9.19391E+01    7.42707E-01
    3.37500E+02    8.81572E+01    7.42798E-01
    3.38500E+02    8.42267E+01    7.42860E-01
    3.39500E+02    8.01172E+01    7.42906E-01
    3.40500E+02    7.57949E+01    7.42948E-01
    3.41500E+02    7.12233E+01    7.43011E-01
    3.42500E+02    6.63554E+01    7.43109E-01
    3.43500E+02    6.11366E+01    7.43229E-01
    3.44500E+02    5.55199E+01    7.43348E-01
    3.45500E+02    4.93948E+01    7.43407E-01
    3.46500E+02    4.24110E+01    7.43485E-01
    3.47500E+02    3.39003E+01    7.43717E-01
    3.48500E+02    2.19985E+01    7.44123E-01
    3.49500E+02    0.00000E+00    0.00000E+00
    3.50500E+02    0.00000E+00    0.00000E+00
    3.51500E+02    0.00000E+00    0.00000E+00
    3.52500E+02    0.00000E+00    0.00000E+00
    3.53500E+02    0.00000E+00    0.00000E+00
    3.54500E+02    0.00000E+00    0.00000E+00
    3.55500E+02    0.00000E+00    0.00000E+00
    3.56500E+02    0.00000E+00    0.00000E+00
    3.57500E+02    0.00000E+00    0.00000E+00
    3.58500E+02    0.00000E+00    0.00000E+00
    3.59500E+02    0.00000E+00    0.00000E+00
