1149906.3092269734	1.3468860620166066e+29
1727310.1892827465	1.3413258062479499e+29
2305394.6343305293	1.3493916246624789e+29
2884789.9212940973	1.356492248726302e+29
3463238.9478636896	1.351475962661369e+29
4040360.9306595363	1.342236628648332e+29
4616705.0328129055	1.3264341223094177e+29
5190603.484181777	1.3226339507647956e+29
5763407.548490737	1.3319671815428498e+29
6334176.360822297	1.3368769786429916e+29
6902672.152869495	1.3322418768232168e+29
7469266.4753642315	1.3190830393678286e+29
8032683.263393373	1.3051438042733506e+29
8593996.128111765	1.3041422091346622e+29
9151372.716702122	1.3143117993903751e+29
9705367.77922403	1.3198322727107151e+29
10256458.812377691	1.3136123517333266e+29
10803829.322994694	1.2979818652102681e+29
11347581.502791684	1.2856724756368123e+29
11887519.301052682	1.2852269989301901e+29
12422663.560782766	1.294558863959866e+29
12953781.431304142	1.2980236783877483e+29
13480660.597314954	1.2936244660607886e+29
14003056.49670814	1.2790679131011492e+29
14520819.427979954	1.2666672115654782e+29
15033832.364370704	1.2650125921739808e+29
15541792.017010137	1.2717788363670044e+29
16044970.178220961	1.2787879418983633e+29
16543153.037132915	1.2741089775370946e+29
17035615.704752207	1.25955512057759e+29
17522967.926124845	1.2472431168633505e+29
18004818.719720565	1.2430271920613912e+29
18480894.30763566	1.2501213676549779e+29
18951362.03785892	1.2584388363116564e+29
19416008.0204454	1.2551518948136686e+29
19875038.37178686	1.241533216892508e+29
20327729.957867898	1.2264235842363942e+29
20774541.89242208	1.2224444506577544e+29
21242563.31731178	1.229170551786416e+29
21703767.443695113	1.238514493292995e+29
22157533.026941426	1.2355585575827543e+29
22604314.300593153	1.217697180173882e+29
23043508.83090507	1.2061812411633182e+29
23475437.324147977	1.2030887781923472e+29
23899538.201605484	1.2076715354742801e+29
24316020.347910553	1.2165553606438141e+29
24725337.967356484	1.2108486387866978e+29
25125701.726519004	1.1962508337218737e+29
25519395.90585953	1.1830107890351467e+29
25903690.927935343	1.1805241438147172e+29
26280767.855981678	1.1860910214220248e+29
26648859.903755732	1.193010281751396e+29
27008184.46193672	1.1885626151520036e+29
27359818.098993283	1.1734102489566094e+29
27702948.38099367	1.1613847248024612e+29
28036713.313439578	1.1584303897734574e+29
28362177.159907877	1.1618475762246914e+29
28679372.598611705	1.1686761397521988e+29
28987349.49525396	1.166418186127366e+29
29286183.761801396	1.1539718088224798e+29
29576799.252116513	1.1401698592486232e+29
29858326.35363208	1.1344709346115643e+29
30131627.75888485	1.1389157188058604e+29
30395668.166699346	1.1467625389568116e+29
30650442.311516486	1.1453359433613697e+29
30896852.645454034	1.133827146590919e+29
31134705.76462864	1.1196995308469906e+29
31363790.424628206	1.1119010995458584e+29
31583340.77152067	1.1136003079347491e+29
31794867.9483026	1.1221477396505714e+29
31997436.80750069	1.1229530427061462e+29
32191559.524974868	1.1150269507830559e+29
32377076.608304217	1.1011800342624353e+29
32553099.146778636	1.0908669865372305e+29
32721055.641436756	1.0907997704448683e+29
32880755.697063897	1.0959969509298106e+29
33030419.66566577	1.1032827727557288e+29
33172262.539205853	1.098648436947051e+29
33305923.442534965	1.0853142153191902e+29
33430666.552284	1.0724428183457803e+29
33546105.973719217	1.0680431873898947e+29
33654308.47380465	1.0707248064099917e+29
33753707.41548252	1.0777826954815802e+29
33844257.98920697	1.080320006603491e+29
33927175.59553108	1.0706148512226347e+29
34001672.26314024	1.0572778416389095e+29
34068557.58334949	1.049017823772622e+29
34127128.94692432	1.0465276266332922e+29
34177410.59530403	1.0503187828142608e+29
34219361.90462937	1.0564897153756123e+29
34254458.1770023	1.056148795822128e+29
34281109.062572636	1.041412197784447e+29
34299393.51198502	1.0291048749564255e+29
34309968.933824465	1.0241042126417308e+29
34313269.177389674	1.0231041330485762e+29
34309123.39801179	1.0270355894665082e+29
34295961.6558568	1.0340945989012714e+29
34276253.82681136	1.0285785941815447e+29
34248633.845162354	1.0133335942051982e+29
34212648.965550736	1.0034981222595067e+29
34169222.227612965	1.0001772457490755e+29
34119456.29769033	9.981959421047102e+28
34060877.34395578	1.0033872762469602e+29
33995520.335773654	1.00997595550501e+29
33923363.55817329	1.003158081436789e+29
33842939.72470477	9.908510057929293e+28
33756171.63497662	9.817158500988696e+28
33662251.321769916	9.776482153862138e+28
33561279.636658676	9.777207846886634e+28
33453255.2432495	9.840303357633844e+28
33339450.093995247	9.89972844092347e+28
33217872.83406329	9.86605172182373e+28
33090622.025280822	9.752292809986364e+28
32956501.874719657	9.65858098020653e+28
32816769.30114483	9.610917418893186e+28
32670357.73317458	9.622426605998372e+28
32517347.281874027	9.672954261678435e+28
32359534.19102321	9.729103830824906e+28
32195092.78461548	9.721935071615839e+28
32024971.182812955	9.631462419128443e+28
31849163.873640385	9.527534143079984e+28
31667446.31731457	9.46127143689158e+28
31480915.87374802	9.438766447049259e+28
31288448.028945122	9.462747434115715e+28
31090912.20356842	9.510007196857467e+28
30888239.09872494	9.520053119936054e+28
30680362.657895688	9.464974734981415e+28
30467162.34522014	9.361491752376056e+28
30027448.54995176	9.206145438121264e+28
29568252.786054164	9.229455815911882e+28
29091361.427406594	9.254227929209912e+28
28596663.27056358	9.072337315394668e+28
28086088.147159263	8.950511256136045e+28
27560175.97204343	8.954640153380732e+28
27018929.6162894	8.944884616215276e+28
26463605.926063813	8.753692160258706e+28
25896049.166040752	8.642115792671107e+28
25316753.44529784	8.621520003725578e+28
24725142.00990563	8.626170863178208e+28
24124192.76597665	8.436851009224266e+28
23514023.296960477	8.322524467180308e+28
22895870.583360657	8.289819148350716e+28
22269766.435685847	8.327958681120004e+28
21637937.217073165	8.146057168890103e+28
21001184.803958084	8.01402286560045e+28
20361174.490927577	7.973939524930048e+28
19718157.20015438	7.994828399050682e+28
19074086.9445958	7.8784626705270035e+28
18430757.787188243	7.735268225898793e+28
17789061.889262177	7.664099355510029e+28
17150877.966343295	7.669580271385308e+28
16518224.811852513	7.642541447729608e+28
15892172.579606602	7.501256989079104e+28
15275732.029922495	7.390616487116329e+28
14670616.711645084	7.3649384832882555e+28
14081104.110473722	7.376894011697505e+28
13507591.236782374	7.300642026938899e+28
12954298.752537707	7.166298349210574e+28
12425556.35374127	7.085807799115713e+28
11922826.179224454	7.0787504713345045e+28
11452657.052841492	7.06604560714363e+28
11019984.049897714	6.967895777597401e+28
10627143.11609663	6.844199235168151e+28
10281827.41588284	6.769258814978327e+28
9987029.098285435	6.764027852565528e+28
9749271.10147215	6.733117787217791e+28
9571353.96952803	6.646625495402612e+28
9456953.01933979	6.529945999642337e+28
9408202.47496832	6.458733850506294e+28
9426518.753495375	6.435339618959001e+28
9509381.04242332	6.399720831006958e+28
9657023.16503383	6.3355336348159715e+28
9864310.001718318	6.2286125866719725e+28
10128015.097243883	6.141135961882392e+28
10442098.103829518	6.104275858437573e+28
10801287.451503176	6.085484175568919e+28
11201589.76261852	6.030464204765129e+28
11638639.285157008	5.949130390370656e+28
12105850.255558262	5.857553928376886e+28
12600593.050329022	5.79749503722076e+28
13118829.972981583	5.766619309404256e+28
13656516.386326348	5.720782112585914e+28
14210433.415628111	5.660705953440138e+28
14779231.411003752	5.588687943332613e+28
15359675.883950157	5.519419247263649e+28
15948248.549919205	5.463979195599904e+28
16545425.638828393	5.428898860583377e+28
17148325.49988482	5.390078392035316e+28
17755513.04947283	5.348660521203456e+28
18366268.96296578	5.299934185061092e+28
18978991.273236837	5.2512332515128634e+28
19592331.201375704	5.2074883799521e+28
20207853.50228965	5.165466110589912e+28
20821975.656983178	5.139255640985695e+28
21435372.990923207	5.082768890299966e+28
22046772.253779013	5.030671415978851e+28
22656716.84732808	4.96793757432385e+28
23264486.768893056	4.907032408957969e+28
23869868.920042273	4.851608185626012e+28
24472436.813076057	4.81566961358206e+28
25072711.02314227	4.766142647749819e+28
25670298.79004138	4.705473429567929e+28
26264862.46032901	4.644019897148525e+28
26856724.47451476	4.586408584645636e+28
27445670.361825746	4.511464798327606e+28
28031603.482676473	4.441609905623153e+28
28614342.222214367	4.395238675202054e+28
29193878.04677549	4.350058325229062e+28
29771760.384800892	4.285032715673333e+28
30346695.668721497	4.219982496197085e+28
30919806.12827318	4.167930312698859e+28
31488981.52703577	4.108480194786431e+28
32056224.809075695	4.036422868915325e+28
32618598.700894557	3.968293815208606e+28
33177604.54297447	3.9227451811548156e+28
33734106.35855054	3.881186715124771e+28
34286776.334470406	3.826136381829977e+28
34837828.90207138	3.7631376875012414e+28
35384872.49390621	3.7099082225953644e+28
35930082.91125975	3.662842153241127e+28
36473516.17557595	3.6113196527756322e+28
37013221.37034278	3.54185055433567e+28
37551689.91683331	3.4840850427723707e+28
38088033.53561325	3.4408935784361305e+28
38622130.67672472	3.400771814630353e+28
39155956.12432418	3.349260729417309e+28
39685957.85425873	3.290200355771806e+28
40212103.45667085	3.235891939590767e+28
40734525.03479082	3.193447666422874e+28
41253707.04809448	3.1538830154033295e+28
41768836.3329648	3.1101241457073382e+28
42281273.12191533	3.053092855253738e+28
42792033.7166861	3.001477719590445e+28
43298799.87262926	2.9628072128107093e+28
43802699.848411165	2.929691198731761e+28
44304221.27303447	2.8901542680157867e+28
44804160.41853703	2.8381212629548556e+28
45301587.065024555	2.7879805376888325e+28
45796524.610607736	2.7448530420971286e+28
46290652.596501596	2.710913887390148e+28
46782594.573302574	2.681621232240326e+28
47272288.817128375	2.652056952312033e+28
47759291.43119692	2.6118557670486625e+28
48244852.38665365	2.5704814275851113e+28
48727608.71015527	2.5341488749803203e+28
49207463.1169907	2.497734710142297e+28
49686243.33968105	2.4675375505106163e+28
50161085.19330498	2.4344794967892995e+28
50634297.563706756	2.393826473549997e+28
51105307.85202257	2.3510843792402934e+28
51573637.398384064	2.3111152127718653e+28
52039630.894636445	2.275288885003659e+28
52503749.40487584	2.2469249029206052e+28
52965920.474018	2.220372392978477e+28
53426475.61621485	2.1975742350761707e+28
53884932.660345785	2.171696933175678e+28
54343860.82686801	2.140322488811475e+28
54801833.5096555	2.1061373674710606e+28
55261455.10624924	2.0734198695991e+28
55721278.9983324	2.043342089440969e+28
56183049.815491505	2.01697836729819e+28
56645359.82496712	1.9897562727156133e+28
57110778.561056234	1.9612282450431685e+28
57577456.79525973	1.9270128187608116e+28
58046254.686844364	1.8912213776115236e+28
58517984.679836676	1.858951154129558e+28
58992973.66963374	1.8275603148318306e+28
59472062.0933667	1.7983575724756818e+28
59954348.964962505	1.7724180299475764e+28
60440631.51200523	1.7467978051622764e+28
60932178.674818456	1.7235107519916737e+28
61425933.860626005	1.7003232865373188e+28
61919986.20171036	1.6761620642505613e+28
62412283.200104125	1.6524755150196386e+28
62903121.88572201	1.6244418606315031e+28
63392438.48890813	1.5954655629533054e+28
63879811.127616845	1.5682891860571361e+28
64367768.73420424	1.5431558977681235e+28
64855014.01295046	1.5202038369731866e+28
65342791.078281924	1.4990558094682874e+28
65831572.26209928	1.4767364342750678e+28
66322169.48509751	1.4510537749501197e+28
66817163.48738548	1.4251921529295953e+28
67317508.46971388	1.3976101441832606e+28
67827609.34678444	1.3720946227605539e+28
68355883.47918561	1.348216614464428e+28
68897031.42269628	1.3253201240239515e+28
69442840.143675	1.3032562390370935e+28
69990295.91314785	1.2811873442975428e+28
70536671.45258558	1.2603252990510022e+28
71081028.6673596	1.2398773410744404e+28
71624275.5719735	1.2201713429952185e+28
72165456.92511065	1.2013003861723516e+28
72706311.37810527	1.1841061392666847e+28
73246311.19865355	1.1680758811777514e+28
73787110.07493111	1.1522371478076411e+28
74329932.83334783	1.1358359441542357e+28
74878866.44447817	1.1206084531513703e+28
75439600.54778922	1.1028613647109732e+28
76007167.0871241	1.0839935138811132e+28
76577457.65047309	1.0648386667624648e+28
77148787.15579396	1.0465120728403367e+28
77721131.34026036	1.0300932989126368e+28
78293262.53139538	1.01506831692571e+28
78863485.41631927	1.0013852034586276e+28
79432592.5877407	9.872768673517819e+27
79999783.57101974	9.739141030968732e+27
80565425.52242866	9.576514640561948e+27
81130308.97765644	9.417185450129933e+27
81695241.57997209	9.253176264703629e+27
82259753.12393053	9.094340254322948e+27
82829174.60418159	8.944825121535405e+27
83406774.10144813	8.802299830603212e+27
83993724.39301641	8.664426259182569e+27
84586274.16673464	8.53072724847491e+27
85182429.90083107	8.397458689520592e+27
85779661.6466281	8.267425700540994e+27
86378810.56260268	8.1373739138307e+27
86977337.5162174	8.012427908679491e+27
87576160.86704189	7.89213543069578e+27
88173885.7554208	7.77695944788921e+27
88768996.47517708	7.666897748493842e+27
89363055.13023823	7.558218359318313e+27
89954034.93568255	7.451377226511903e+27
90543484.02955344	7.348248187880495e+27
91131488.07086384	7.247422603463505e+27
91717602.92228532	7.149848528098593e+27
92303013.12097022	7.052723599537726e+27
92890917.64542969	6.960245136537374e+27
93484762.25358869	6.867285596217514e+27
94082741.08150761	6.777582107093281e+27
94682393.88930763	6.691595791414599e+27
95283405.4345771	6.609796339689429e+27
95884860.75189348	6.535931732519025e+27
