1149906.3092269734	2.870916241958964e-19
1727310.1892827465	2.861187608634777e-19
2305394.6343305293	2.8640961886582443e-19
2884789.9212940973	2.859227605888546e-19
3463238.9478636896	2.8571474977307757e-19
4040360.9306595363	2.8471647774729144e-19
4616705.0328129055	2.82562438953709e-19
5190603.484181777	2.823872418976556e-19
5763407.548490737	2.821945971121282e-19
6334176.360822297	2.81948944250145e-19
6902672.152869495	2.81630129544462e-19
7469266.4753642315	2.8028791559294837e-19
8032683.263393373	2.7871106019613303e-19
8593996.128111765	2.776534571587333e-19
9151372.716702122	2.787107536380611e-19
9705367.77922403	2.7806891272405078e-19
10256458.812377691	2.773075067854287e-19
10803829.322994694	2.7643595484988754e-19
11347581.502791684	2.7479140763956527e-19
11887519.301052682	2.7412742847458156e-19
12422663.560782766	2.743265886696352e-19
12953781.431304142	2.742607626185629e-19
13480660.597314954	2.736457339261299e-19
14003056.49670814	2.720425528069625e-19
14520819.427979954	2.707248078799945e-19
15033832.364370704	2.6978727927923936e-19
15541792.017010137	2.703206169580229e-19
16044970.178220961	2.699757090296617e-19
16543153.037132915	2.6936340463990484e-19
17035615.704752207	2.679259340369061e-19
17522967.926124845	2.6677162243158824e-19
18004818.719720565	2.656734406535539e-19
18480894.30763566	2.6596405871413825e-19
18951362.03785892	2.657994920326015e-19
19416008.0204454	2.653915854527617e-19
19875038.37178686	2.63778689184525e-19
20327729.957867898	2.627784139728749e-19
20774541.89242208	2.615786851508611e-19
21242563.31731178	2.61339603961034e-19
21703767.443695113	2.610059938497066e-19
22157533.026941426	2.607406653231754e-19
22604314.300593153	2.5891746787816606e-19
23043508.83090507	2.577563803388243e-19
23475437.324147977	2.5631762627521354e-19
23899538.201605484	2.564548046843277e-19
24316020.347910553	2.5585145928041193e-19
24725337.967356484	2.551875880674944e-19
25125701.726519004	2.540134163119457e-19
25519395.90585953	2.52031387178869e-19
25903690.927935343	2.5146558484670032e-19
26280767.855981678	2.5082151001114336e-19
26648859.903755732	2.5090444622490475e-19
27008184.46193672	2.5044998503626334e-19
27359818.098993283	2.4851683345191785e-19
27702948.38099367	2.4693629302291876e-19
28036713.313439578	2.463298098098353e-19
28362177.159907877	2.459698429222525e-19
28679372.598611705	2.4558189218735763e-19
28987349.49525396	2.4520951665623313e-19
29286183.761801396	2.439216091110065e-19
29576799.252116513	2.4218596433614746e-19
29858326.35363208	2.41200056558813e-19
30131627.75888485	2.407346005243405e-19
30395668.166699346	2.4097027112710857e-19
30650442.311516486	2.40833966540113e-19
30896852.645454034	2.391821872912803e-19
31134705.76462864	2.37516135335168e-19
31363790.424628206	2.3641785137269856e-19
31583340.77152067	2.362922694274388e-19
31794867.9483026	2.3596436901431604e-19
31997436.80750069	2.359638312049318e-19
32191559.524974868	2.3451403681776753e-19
32377076.608304217	2.329520931706965e-19
32553099.146778636	2.3214334540819263e-19
32721055.641436756	2.3126540015272267e-19
32880755.697063897	2.3073983586185804e-19
33030419.66566577	2.3137861480802564e-19
33172262.539205853	2.3039029007898587e-19
33305923.442534965	2.2873565106262152e-19
33430666.552284	2.2759508893548414e-19
33546105.973719217	2.2710483730762223e-19
33654308.47380465	2.2604590736729265e-19
33753707.41548252	2.260515584309755e-19
33844257.98920697	2.2596158491506453e-19
33927175.59553108	2.2453245044546625e-19
34001672.26314024	2.2320359087690673e-19
34068557.58334949	2.2174932723704206e-19
34127128.94692432	2.2090968202018577e-19
34177410.59530403	2.2070808589025424e-19
34219361.90462937	2.20558275742584e-19
34254458.1770023	2.1946614658779867e-19
34281109.062572636	2.1819788034944582e-19
34299393.51198502	2.1683441244500568e-19
34309968.933824465	2.157110500787447e-19
34313269.177389674	2.1477073018617064e-19
34309123.39801179	2.1439005209068307e-19
34295961.6558568	2.1462206438646387e-19
34276253.82681136	2.1338062175058405e-19
34248633.845162354	2.1190016040467003e-19
34212648.965550736	2.1073726194303496e-19
34169222.227612965	2.0975149961099118e-19
34119456.29769033	2.0871691167268487e-19
34060877.34395578	2.0902091533476503e-19
33995520.335773654	2.0873224092228255e-19
33923363.55817329	2.075704217796856e-19
33842939.72470477	2.0659379714664261e-19
33756171.63497662	2.0490823512628516e-19
33662251.321769916	2.0400355772104202e-19
33561279.636658676	2.0334548504340694e-19
33453255.2432495	2.0343464286742502e-19
33339450.093995247	2.0275751123462088e-19
33217872.83406329	2.0234137783991397e-19
33090622.025280822	2.0052962690908366e-19
32956501.874719657	1.9954096858702678e-19
32816769.30114483	1.9826244195686558e-19
32670357.73317458	1.9776874845465157e-19
32517347.281874027	1.9757144677566172e-19
32359534.19102321	1.9715682399035236e-19
32195092.78461548	1.966368635844571e-19
32024971.182812955	1.9538848718237598e-19
31849163.873640385	1.938931140827751e-19
31667446.31731457	1.9307367610350193e-19
31480915.87374802	1.9188279643186272e-19
31288448.028945122	1.9175352869397174e-19
31090912.20356842	1.915040738061333e-19
30888239.09872494	1.91000916972694e-19
30680362.657895688	1.900453762640826e-19
30467162.34522014	1.8875244269835987e-19
30027448.54995176	1.8370373755086215e-19
29568252.786054164	1.8293181400205224e-19
29091361.427406594	1.8193043273331707e-19
28596663.27056358	1.794902876374282e-19
28086088.147159263	1.7728290669928958e-19
27560175.97204343	1.7654457302794367e-19
27018929.6162894	1.752817570237422e-19
26463605.926063813	1.7291476944176603e-19
25896049.166040752	1.7069952504845553e-19
25316753.44529784	1.696717625726383e-19
24725142.00990563	1.6886367814494707e-19
24124192.76597665	1.6606668068651598e-19
23514023.296960477	1.6385720207481377e-19
22895870.583360657	1.6281964431923042e-19
22269766.435685847	1.6233240511207466e-19
21637937.217073165	1.5963632621193374e-19
21001184.803958084	1.5740357722174583e-19
20361174.490927577	1.5627045626878873e-19
19718157.20015438	1.5541474064446495e-19
19074086.9445958	1.5360807412983691e-19
18430757.787188243	1.5136461570819715e-19
17789061.889262177	1.4975955852771738e-19
17150877.966343295	1.4882604099972643e-19
16518224.811852513	1.4770349137984742e-19
15892172.579606602	1.4534386032416881e-19
15275732.029922495	1.4323308803656544e-19
14670616.711645084	1.4211133745769302e-19
14081104.110473722	1.4119580976331905e-19
13507591.236782374	1.3959378520765872e-19
12954298.752537707	1.3730503894416257e-19
12425556.35374127	1.3546258195271233e-19
11922826.179224454	1.3467781607782935e-19
11452657.052841492	1.3347060858080287e-19
11019984.049897714	1.314874765772152e-19
10627143.11609663	1.2963369872104074e-19
10281827.41588284	1.2779215799703306e-19
9987029.098285435	1.2691041562168342e-19
9749271.10147215	1.2570404553836404e-19
9571353.96952803	1.2396565778846306e-19
9456953.01933979	1.218244179116384e-19
9408202.47496832	1.2023931503711482e-19
9426518.753495375	1.189827611270222e-19
9509381.04242332	1.1814129446353838e-19
9657023.16503383	1.1627986687883887e-19
9864310.001718318	1.1427131168025075e-19
10128015.097243883	1.124931666843462e-19
10442098.103829518	1.1116755580532242e-19
10801287.451503176	1.101793546024074e-19
11201589.76261852	1.0861795650235362e-19
11638639.285157008	1.0669342088883933e-19
12105850.255558262	1.0482931425401427e-19
12600593.050329022	1.0320303664377972e-19
13118829.972981583	1.0189943416652533e-19
13656516.386326348	1.006831040835423e-19
14210433.415628111	9.918937619463826e-20
14779231.411003752	9.720213277494926e-20
15359675.883950157	9.542695781406066e-20
15948248.549919205	9.411503024720214e-20
16545425.638828393	9.279041344551617e-20
17148325.49988482	9.1634787010929e-20
17755513.04947283	9.019997130269455e-20
18366268.96296578	8.845292629962403e-20
18978991.273236837	8.68236935467874e-20
19592331.201375704	8.546825123138397e-20
20207853.50228965	8.400629313091159e-20
20821975.656983178	8.305235571748716e-20
21435372.990923207	8.176822419703363e-20
22046772.253779013	8.048871710012819e-20
22656716.84732808	7.885122659927971e-20
23264486.768893056	7.74203637087647e-20
23869868.920042273	7.605271098621106e-20
24472436.813076057	7.497797708084416e-20
25072711.02314227	7.371171080721668e-20
25670298.79004138	7.243145413501394e-20
26264862.46032901	7.107195141982898e-20
26856724.47451476	6.952298379652315e-20
27445670.361825746	6.80124106603531e-20
28031603.482676473	6.663144668639565e-20
28614342.222214367	6.547375491662278e-20
29193878.04677549	6.428103068375684e-20
29771760.384800892	6.295042961169209e-20
30346695.668721497	6.165398970719658e-20
30919806.12827318	6.009574532412243e-20
31488981.52703577	5.883992496274895e-20
32056224.809075695	5.745839991232411e-20
32618598.700894557	5.636242571436345e-20
33177604.54297447	5.521129315781752e-20
33734106.35855054	5.4180151392687226e-20
34286776.334470406	5.3195423376289155e-20
34837828.90207138	5.1924781719833596e-20
35384872.49390621	5.0859856661500346e-20
35930082.91125975	4.9591206060746696e-20
36473516.17557595	4.837768825592153e-20
37013221.37034278	4.722285340166101e-20
37551689.91683331	4.60345018738516e-20
38088033.53561325	4.4853120662197303e-20
38622130.67672472	4.3862800998900303e-20
39155956.12432418	4.265236569724236e-20
39685957.85425873	4.1729295131700236e-20
40212103.45667085	4.082729313359175e-20
40734525.03479082	3.991928578007923e-20
41253707.04809448	3.9058698175061954e-20
41768836.3329648	3.819430991769053e-20
42281273.12191533	3.7220826283237454e-20
42792033.7166861	3.636174730245627e-20
43298799.87262926	3.5540803291025416e-20
43802699.848411165	3.477972508472407e-20
44304221.27303447	3.405588101717451e-20
44804160.41853703	3.3186489407461917e-20
45301587.065024555	3.2303260983712184e-20
45796524.610607736	3.1559838215028775e-20
46290652.596501596	3.071623016362906e-20
46782594.573302574	2.997296147435713e-20
47272288.817128375	2.9253857412132015e-20
47759291.43119692	2.857706651571334e-20
48244852.38665365	2.7791869518904263e-20
48727608.71015527	2.719653567520452e-20
49207463.1169907	2.654575282985834e-20
49686243.33968105	2.5978601776516905e-20
50161085.19330498	2.5462783678165235e-20
50634297.563706756	2.4865493635151318e-20
51105307.85202257	2.4285864887793396e-20
51573637.398384064	2.3729752443698564e-20
52039630.894636445	2.319001976849146e-20
52503749.40487584	2.2687466659943775e-20
52965920.474018	2.220760651062389e-20
53426475.61621485	2.171015119066719e-20
53884932.660345785	2.1242113415265994e-20
54343860.82686801	2.064310586435435e-20
54801833.5096555	2.010355526197194e-20
55261455.10624924	1.9484576094267893e-20
55721278.9983324	1.89376425962973e-20
56183049.815491505	1.8358432778580977e-20
56645359.82496712	1.7852295462676136e-20
57110778.561056234	1.7240963734105806e-20
57577456.79525973	1.6703003925001612e-20
58046254.686844364	1.614094616804301e-20
58517984.679836676	1.5551365075682372e-20
58992973.66963374	1.4965883121756166e-20
59472062.0933667	1.438263515353831e-20
59954348.964962505	1.3865513439093638e-20
60440631.51200523	1.3339993599058877e-20
60932178.674818456	1.27932052935602e-20
61425933.860626005	1.237338794718582e-20
61919986.20171036	1.2004746766862956e-20
62412283.200104125	1.173590054642215e-20
62903121.88572201	1.1444025640365882e-20
63392438.48890813	1.1160315021766638e-20
63879811.127616845	1.0915830946487424e-20
64367768.73420424	1.0597681585690931e-20
64855014.01295046	1.0339521602096856e-20
65342791.078281924	1.0057224883702407e-20
65831572.26209928	9.777945810764989e-21
66322169.48509751	9.472445150431108e-21
66817163.48738548	9.104334960980167e-21
67317508.46971388	8.725916276989004e-21
67827609.34678444	8.254147532580178e-21
68355883.47918561	7.623506192811128e-21
68897031.42269628	7.151932515612039e-21
69442840.143675	6.84877214719309e-21
69990295.91314785	6.626227756971289e-21
70536671.45258558	6.4303821606838464e-21
71081028.6673596	6.290176940259286e-21
71624275.5719735	6.112353560102539e-21
72165456.92511065	5.9864795459899836e-21
72706311.37810527	5.808086830154662e-21
73246311.19865355	5.668479330820505e-21
73787110.07493111	5.499964901500571e-21
74329932.83334783	5.310577913539286e-21
74878866.44447817	5.06610880170165e-21
75439600.54778922	4.766651386571426e-21
76007167.0871241	4.54490006421322e-21
76577457.65047309	4.3660706756358775e-21
77148787.15579396	4.223173173695699e-21
77721131.34026036	4.0868826336534696e-21
78293262.53139538	3.9577865737686314e-21
78863485.41631927	3.863775716835994e-21
79432592.5877407	3.7776656067268244e-21
79999783.57101974	3.6721370844517944e-21
80565425.52242866	3.580543036174321e-21
81130308.97765644	3.479246085882622e-21
81695241.57997209	3.384740089712675e-21
82259753.12393053	3.2832287097471786e-21
82829174.60418159	3.1579463487952658e-21
83406774.10144813	2.979710104903384e-21
83993724.39301641	2.8253432640604362e-21
84586274.16673464	2.695715965767536e-21
85182429.90083107	2.595039494120926e-21
85779661.6466281	2.5138909422344224e-21
86378810.56260268	2.4262323300456136e-21
86977337.5162174	2.356881937295499e-21
87576160.86704189	2.2931041823158834e-21
88173885.7554208	2.220590785969883e-21
88768996.47517708	2.1798171143509552e-21
89363055.13023823	2.1236069860436318e-21
89954034.93568255	2.0790334185072555e-21
90543484.02955344	2.020091225852123e-21
91131488.07086384	1.9750834685554085e-21
91717602.92228532	1.9354158718198294e-21
92303013.12097022	1.874987893621346e-21
92890917.64542969	1.797437591821729e-21
93484762.25358869	1.7254768582295894e-21
94082741.08150761	1.6504304332286452e-21
94682393.88930763	1.58971434066768e-21
95283405.4345771	1.5444154619900197e-21
95884860.75189348	1.4976081141138224e-21
