1149906.3092269734	8.553278651390163e-21
1727310.1892827465	8.493491061641664e-21
2305394.6343305293	8.536825983218945e-21
2884789.9212940973	8.47593448738985e-21
3463238.9478636896	8.48268988218158e-21
4040360.9306595363	8.531461165415854e-21
4616705.0328129055	8.39435115980006e-21
5190603.484181777	8.37222492272934e-21
5763407.548490737	8.39836308809722e-21
6334176.360822297	8.340975349365476e-21
6902672.152869495	8.35987680826779e-21
7469266.4753642315	8.381434866716051e-21
8032683.263393373	8.26865388769612e-21
8593996.128111765	8.220251377793827e-21
9151372.716702122	8.280700635882139e-21
9705367.77922403	8.205292604319536e-21
10256458.812377691	8.236730950419723e-21
10803829.322994694	8.248045712901294e-21
11347581.502791684	8.130851093584274e-21
11887519.301052682	8.098377789525834e-21
12422663.560782766	8.142821141782862e-21
12953781.431304142	8.091246425246554e-21
13480660.597314954	8.104649981144274e-21
14003056.49670814	8.104455495551385e-21
14520819.427979954	7.998823916687782e-21
15033832.364370704	7.96519963142032e-21
15541792.017010137	8.014503616004262e-21
16044970.178220961	7.952481115410124e-21
16543153.037132915	7.977442801022466e-21
17035615.704752207	7.981089277572479e-21
17522967.926124845	7.883965089383564e-21
18004818.719720565	7.840793646902807e-21
18480894.30763566	7.878573193643033e-21
18951362.03785892	7.840273633263554e-21
19416008.0204454	7.842979970841182e-21
19875038.37178686	7.864551881000797e-21
20327729.957867898	7.766801688147494e-21
20774541.89242208	7.707289439248952e-21
21242563.31731178	7.74074591678383e-21
21703767.443695113	7.717528217754405e-21
22157533.026941426	7.717806167945462e-21
22604314.300593153	7.715546730415882e-21
23043508.83090507	7.618901061432509e-21
23475437.324147977	7.562634958267419e-21
23899538.201605484	7.607593137599257e-21
24316020.347910553	7.548998073871345e-21
24725337.967356484	7.575128296527511e-21
25125701.726519004	7.566872691249558e-21
25519395.90585953	7.449238137320377e-21
25903690.927935343	7.419053052717706e-21
26280767.855981678	7.442197517983415e-21
26648859.903755732	7.430093865318057e-21
27008184.46193672	7.443601123196087e-21
27359818.098993283	7.410778614490171e-21
27702948.38099367	7.310220805219071e-21
28036713.313439578	7.282008946128246e-21
28362177.159907877	7.302687201941433e-21
28679372.598611705	7.286014826036162e-21
28987349.49525396	7.308445213160008e-21
29286183.761801396	7.292404057065453e-21
29576799.252116513	7.171744779902259e-21
29858326.35363208	7.13539243762622e-21
30131627.75888485	7.155880052362013e-21
30395668.166699346	7.186924653204448e-21
30650442.311516486	7.180094245456481e-21
30896852.645454034	7.182186266216238e-21
31134705.76462864	7.056775331352143e-21
31363790.424628206	7.000357607813788e-21
31583340.77152067	7.0174555646306e-21
31794867.9483026	7.07832609347248e-21
31997436.80750069	7.039284723257605e-21
32191559.524974868	7.072804231787358e-21
32377076.608304217	6.964622719216546e-21
32553099.146778636	6.898945241218544e-21
32721055.641436756	6.875271220423354e-21
32880755.697063897	6.911091775313627e-21
33030419.66566577	6.960498197860744e-21
33172262.539205853	6.949693102474526e-21
33305923.442534965	6.894475266387737e-21
33430666.552284	6.799535058749059e-21
33546105.973719217	6.764993537180771e-21
33654308.47380465	6.771256395099823e-21
33753707.41548252	6.835168249947375e-21
33844257.98920697	6.815157831439995e-21
33927175.59553108	6.829004342052492e-21
34001672.26314024	6.723048689038069e-21
34068557.58334949	6.63145082910511e-21
34127128.94692432	6.6117620148678866e-21
34177410.59530403	6.644725586606204e-21
34219361.90462937	6.681123454870839e-21
34254458.1770023	6.671021837387349e-21
34281109.062572636	6.632967688990062e-21
34299393.51198502	6.5246224484387205e-21
34309968.933824465	6.467976806485994e-21
34313269.177389674	6.446186813829166e-21
34309123.39801179	6.498286133881863e-21
34295961.6558568	6.5288693902701995e-21
34276253.82681136	6.5206205421718164e-21
34248633.845162354	6.437554967286685e-21
34212648.965550736	6.349149406057724e-21
34169222.227612965	6.295429228492697e-21
34119456.29769033	6.2795891187046454e-21
34060877.34395578	6.358674847342123e-21
33995520.335773654	6.364798416037607e-21
33923363.55817329	6.358765691377303e-21
33842939.72470477	6.2721554702505266e-21
33756171.63497662	6.1684910364155936e-21
33662251.321769916	6.11395361041251e-21
33561279.636658676	6.108391236896613e-21
33453255.2432495	6.1753889324169494e-21
33339450.093995247	6.179788751335072e-21
33217872.83406329	6.186746187501862e-21
33090622.025280822	6.083342308016852e-21
32956501.874719657	5.9880702755695486e-21
32816769.30114483	5.917262035308449e-21
32670357.73317458	5.9075363344728246e-21
32517347.281874027	5.946213239588912e-21
32359534.19102321	5.997072353743225e-21
32195092.78461548	5.985840303008496e-21
32024971.182812955	5.930086371018932e-21
31849163.873640385	5.808205872459063e-21
31667446.31731457	5.7377496060097796e-21
31480915.87374802	5.699306709277962e-21
31288448.028945122	5.72151258269717e-21
31090912.20356842	5.7746428774535155e-21
30888239.09872494	5.793872324749018e-21
30680362.657895688	5.775692608953447e-21
30467162.34522014	5.655673489789692e-21
30027448.54995176	5.4324010277731656e-21
29568252.786054164	5.456963082829445e-21
29091361.427406594	5.512878908203995e-21
28596663.27056358	5.353008429868315e-21
28086088.147159263	5.228503803552482e-21
27560175.97204343	5.273192698319753e-21
27018929.6162894	5.319278515014215e-21
26463605.926063813	5.144312250077348e-21
25896049.166040752	5.0242928272683324e-21
25316753.44529784	5.060953296572461e-21
24725142.00990563	5.121978230487586e-21
24124192.76597665	4.938519994536749e-21
23514023.296960477	4.819977722751798e-21
22895870.583360657	4.833228621914845e-21
22269766.435685847	4.9260545591462325e-21
21637937.217073165	4.7655266626030145e-21
21001184.803958084	4.6270060598339546e-21
20361174.490927577	4.6159136385249004e-21
19718157.20015438	4.71500787061128e-21
19074086.9445958	4.6255522184316075e-21
18430757.787188243	4.457777464443321e-21
17789061.889262177	4.401983169754751e-21
17150877.966343295	4.4619740037023135e-21
16518224.811852513	4.5116020404975566e-21
15892172.579606602	4.32342893342827e-21
15275732.029922495	4.21816559129616e-21
14670616.711645084	4.213008345568227e-21
14081104.110473722	4.300824364964959e-21
13507591.236782374	4.239682144336318e-21
12954298.752537707	4.0751367484039564e-21
12425556.35374127	3.995290697179533e-21
11922826.179224454	4.0310832270963055e-21
11452657.052841492	4.11371126655872e-21
11019984.049897714	3.9826705851185926e-21
10627143.11609663	3.849654970055593e-21
10281827.41588284	3.786626964304107e-21
9987029.098285435	3.82219862632234e-21
9749271.10147215	3.904720320866388e-21
9571353.96952803	3.774668828720149e-21
9456953.01933979	3.64123456740351e-21
9408202.47496832	3.5820392279831464e-21
9426518.753495375	3.594303529471627e-21
9509381.04242332	3.674413241654204e-21
9657023.16503383	3.5893423460747336e-21
9864310.001718318	3.449400463537219e-21
10128015.097243883	3.368367706532543e-21
10442098.103829518	3.357881689144142e-21
10801287.451503176	3.413917851263093e-21
11201589.76261852	3.4338679465233476e-21
11638639.285157008	3.285457232269383e-21
12105850.255558262	3.176945826844521e-21
12600593.050329022	3.1250326706932288e-21
13118829.972981583	3.134330460966475e-21
13656516.386326348	3.1896736955025074e-21
14210433.415628111	3.1493887321482496e-21
14779231.411003752	3.0109892971212265e-21
15359675.883950157	2.9134860072974923e-21
15948248.549919205	2.8738340121980696e-21
16545425.638828393	2.87808794799286e-21
17148325.49988482	2.93089709647237e-21
17755513.04947283	2.9004446529226903e-21
18366268.96296578	2.770294188052461e-21
18978991.273236837	2.6695296504212043e-21
19592331.201375704	2.6126355164138598e-21
20207853.50228965	2.580341216527606e-21
20821975.656983178	2.606103012789773e-21
21435372.990923207	2.6176148672039186e-21
22046772.253779013	2.5263561084978815e-21
22656716.84732808	2.40704139430877e-21
23264486.768893056	2.3235636973099916e-21
23869868.920042273	2.2725822717586463e-21
24472436.813076057	2.2594517794831435e-21
25072711.02314227	2.271813664009414e-21
25670298.79004138	2.2716570338577103e-21
26264862.46032901	2.202968997935789e-21
26856724.47451476	2.0971007583427445e-21
27445670.361825746	2.0140436642839095e-21
28031603.482676473	1.957794516021907e-21
28614342.222214367	1.9323173075974254e-21
29193878.04677549	1.9251716156103237e-21
29771760.384800892	1.9380683270358867e-21
30346695.668721497	1.9032297342986714e-21
30919806.12827318	1.830283332986947e-21
31488981.52703577	1.7495191583418725e-21
32056224.809075695	1.6787332953406256e-21
32618598.700894557	1.6341159928237017e-21
33177604.54297447	1.6053027115485124e-21
33734106.35855054	1.5976656922699428e-21
34286776.334470406	1.6077542928377815e-21
34837828.90207138	1.5844759990615492e-21
35384872.49390621	1.5495889525101138e-21
35930082.91125975	1.4863405952389794e-21
36473516.17557595	1.418377242394562e-21
37013221.37034278	1.361336207759691e-21
37551689.91683331	1.3189431079562364e-21
38088033.53561325	1.2899880931149852e-21
38622130.67672472	1.2793016867952388e-21
39155956.12432418	1.2713276250994864e-21
39685957.85425873	1.2629469452209706e-21
40212103.45667085	1.2344702968148547e-21
40734525.03479082	1.2055307836191836e-21
41253707.04809448	1.1606905727799265e-21
41768836.3329648	1.1118138928022467e-21
42281273.12191533	1.067849616835879e-21
42792033.7166861	1.0354591828921666e-21
43298799.87262926	1.0135406282098498e-21
43802699.848411165	1.0025299685921694e-21
44304221.27303447	9.999308406580409e-22
44804160.41853703	9.97145969079215e-22
45301587.065024555	9.720468529092829e-22
45796524.610607736	9.491039872793026e-22
46290652.596501596	9.223759299548846e-22
46782594.573302574	8.953585116766294e-22
47272288.817128375	8.565613755957106e-22
47759291.43119692	8.2301563724802895e-22
48244852.38665365	7.905751089880974e-22
48727608.71015527	7.703737660912062e-22
49207463.1169907	7.533821607764323e-22
49686243.33968105	7.446533350590538e-22
50161085.19330498	7.427970000773261e-22
50634297.563706756	7.416600591772251e-22
51105307.85202257	7.284129959445819e-22
51573637.398384064	7.122310955079678e-22
52039630.894636445	6.960312525086782e-22
52503749.40487584	6.803585513346216e-22
52965920.474018	6.650894024993983e-22
53426475.61621485	6.454945723899134e-22
53884932.660345785	6.2060559484146995e-22
54343860.82686801	5.944823023325218e-22
54801833.5096555	5.720194898824727e-22
55261455.10624924	5.513370068667367e-22
55721278.9983324	5.361927859617201e-22
56183049.815491505	5.227970651901501e-22
56645359.82496712	5.14475834180888e-22
57110778.561056234	5.049471750384907e-22
57577456.79525973	4.993724106140357e-22
58046254.686844364	4.83736182889796e-22
58517984.679836676	4.666579208598069e-22
58992973.66963374	4.493847110302972e-22
59472062.0933667	4.318153362392558e-22
59954348.964962505	4.158795580394323e-22
60440631.51200523	3.995363341715518e-22
60932178.674818456	3.825013841238389e-22
61425933.860626005	3.693345381000608e-22
61919986.20171036	3.538763550453921e-22
62412283.200104125	3.404316722072853e-22
62903121.88572201	3.2779758258905965e-22
63392438.48890813	3.167645562646826e-22
63879811.127616845	3.08559370554594e-22
64367768.73420424	2.99383752887223e-22
64855014.01295046	2.9330795394587447e-22
65342791.078281924	2.8779870404500714e-22
65831572.26209928	2.836817257004854e-22
66322169.48509751	2.7941402394674013e-22
66817163.48738548	2.7307195615404253e-22
67317508.46971388	2.6203196564002627e-22
67827609.34678444	2.48190095882778e-22
68355883.47918561	2.294405969698116e-22
68897031.42269628	2.15416750611711e-22
69442840.143675	2.0627709106237787e-22
69990295.91314785	1.995983623979953e-22
70536671.45258558	1.9364498763660702e-22
71081028.6673596	1.8936063687649508e-22
71624275.5719735	1.8395226779791665e-22
72165456.92511065	1.8012454449772853e-22
72706311.37810527	1.746903840479831e-22
73246311.19865355	1.7040123548307237e-22
73787110.07493111	1.6518469503224824e-22
74329932.83334783	1.5777640660613034e-22
74878866.44447817	1.4865125449520665e-22
75439600.54778922	1.3844759242298382e-22
76007167.0871241	1.308611644214548e-22
76577457.65047309	1.2507390407518492e-22
77148787.15579396	1.207571795267779e-22
77721131.34026036	1.1696250183317895e-22
78293262.53139538	1.136928569003938e-22
78863485.41631927	1.1186845749318076e-22
79432592.5877407	1.1070988595462367e-22
79999783.57101974	1.0918928492337617e-22
80565425.52242866	1.083459651237029e-22
81130308.97765644	1.0709016403495797e-22
81695241.57997209	1.0459205884418309e-22
82259753.12393053	1.0178881313977452e-22
82829174.60418159	9.826779192221076e-23
83406774.10144813	9.303278599524754e-23
83993724.39301641	8.848274920855173e-23
84586274.16673464	8.473858858080146e-23
85182429.90083107	8.176911698028311e-23
85779661.6466281	7.931446780761087e-23
86378810.56260268	7.656688261223535e-23
86977337.5162174	7.439087043017781e-23
87576160.86704189	7.236170596130399e-23
88173885.7554208	7.007220025536143e-23
88768996.47517708	6.876080920478536e-23
89363055.13023823	6.698630107091343e-23
89954034.93568255	6.556090482981981e-23
90543484.02955344	6.368839050374385e-23
91131488.07086384	6.22431051550243e-23
91717602.92228532	6.098100761720071e-23
92303013.12097022	5.906128229868187e-23
92890917.64542969	5.659004453628024e-23
93484762.25358869	5.428338599029574e-23
94082741.08150761	5.18796977658785e-23
94682393.88930763	4.992709599565724e-23
95283405.4345771	4.8459183193646956e-23
95884860.75189348	4.69505557788348e-23
