1149906.3092269734	1.0569017583769608e-19
1727310.1892827465	1.0511258365721631e-19
2305394.6343305293	1.0582435229725567e-19
2884789.9212940973	1.0618907996296669e-19
3463238.9478636896	1.0616567111519039e-19
4040360.9306595363	1.0550449925430478e-19
4616705.0328129055	1.0397226363355155e-19
5190603.484181777	1.0385520758294677e-19
5763407.548490737	1.0427845693749687e-19
6334176.360822297	1.0477272366758369e-19
6902672.152869495	1.0472888014878637e-19
7469266.4753642315	1.0379448763758711e-19
8032683.263393373	1.025691116604257e-19
8593996.128111765	1.0216662055448976e-19
9151372.716702122	1.0317453117299857e-19
9705367.77922403	1.0348434513288423e-19
10256458.812377691	1.0327092399531739e-19
10803829.322994694	1.0235865703623182e-19
11347581.502791684	1.0115671127223257e-19
11887519.301052682	1.0094543405720285e-19
12422663.560782766	1.0169488939592582e-19
12953781.431304142	1.0212621341823815e-19
13480660.597314954	1.0206539760628641e-19
14003056.49670814	1.0080687778907439e-19
14520819.427979954	9.9753220478536e-20
15033832.364370704	9.949473025486557e-20
15541792.017010137	1.0011931730780175e-19
16044970.178220961	1.0070999709223563e-19
16543153.037132915	1.006029071012186e-19
17035615.704752207	9.937912286426324e-20
17522967.926124845	9.840846506538162e-20
18004818.719720565	9.788508734392566e-20
18480894.30763566	9.852480023175383e-20
18951362.03785892	9.919690320789109e-20
19416008.0204454	9.919762777460405e-20
19875038.37178686	9.798332392598893e-20
20327729.957867898	9.694977420565065e-20
20774541.89242208	9.643053469074975e-20
21242563.31731178	9.677405441245154e-20
21703767.443695113	9.7494842811484e-20
22157533.026941426	9.748204936708716e-20
22604314.300593153	9.60290112452929e-20
23043508.83090507	9.50802302572865e-20
23475437.324147977	9.452030266225558e-20
23899538.201605484	9.504216621104346e-20
24316020.347910553	9.560925884036981e-20
24725337.967356484	9.530242771919445e-20
25125701.726519004	9.418821539028287e-20
25519395.90585953	9.297504523861522e-20
25903690.927935343	9.281151039034593e-20
26280767.855981678	9.303252705173485e-20
26648859.903755732	9.367430611029277e-20
27008184.46193672	9.357153459598583e-20
27359818.098993283	9.218309195073033e-20
27702948.38099367	9.11600185336487e-20
28036713.313439578	9.091902344503373e-20
28362177.159907877	9.112331835962291e-20
28679372.598611705	9.172988812831481e-20
28987349.49525396	9.168761408728373e-20
29286183.761801396	9.053073394146495e-20
29576799.252116513	8.938547972317069e-20
29858326.35363208	8.898356896414882e-20
30131627.75888485	8.910599604842217e-20
30395668.166699346	8.994236903060954e-20
30650442.311516486	8.99849517706572e-20
30896852.645454034	8.89133610050028e-20
31134705.76462864	8.770172417791398e-20
31363790.424628206	8.718076060032359e-20
31583340.77152067	8.718944797624478e-20
31794867.9483026	8.780233559164067e-20
31997436.80750069	8.809855575899612e-20
32191559.524974868	8.728250864069757e-20
32377076.608304217	8.598828745098893e-20
32553099.146778636	8.546313154489768e-20
32721055.641436756	8.523216532810549e-20
32880755.697063897	8.539610887656882e-20
33030419.66566577	8.62398956083967e-20
33172262.539205853	8.585866255892952e-20
33305923.442534965	8.456013060732638e-20
33430666.552284	8.370919065370818e-20
33546105.973719217	8.351359619387217e-20
33654308.47380465	8.332173676299502e-20
33753707.41548252	8.394322628492886e-20
33844257.98920697	8.409955356234913e-20
33927175.59553108	8.32762802721237e-20
34001672.26314024	8.210643526354184e-20
34068557.58334949	8.149337094399843e-20
34127128.94692432	8.11551845950931e-20
34177410.59530403	8.128526876441368e-20
34219361.90462937	8.183979784356748e-20
34254458.1770023	8.154485760557465e-20
34281109.062572636	8.041218273920858e-20
34299393.51198502	7.95394777768004e-20
34309968.933824465	7.901275200629675e-20
34313269.177389674	7.879638760477824e-20
34309123.39801179	7.888885992877378e-20
34295961.6558568	7.948578055971249e-20
34276253.82681136	7.893474240444854e-20
34248633.845162354	7.775638483574878e-20
34212648.965550736	7.707768137905574e-20
34169222.227612965	7.663394746078782e-20
34119456.29769033	7.635076266483481e-20
34060877.34395578	7.674666096751063e-20
33995520.335773654	7.713202896029822e-20
33923363.55817329	7.651287712646128e-20
33842939.72470477	7.568152620825392e-20
33756171.63497662	7.476400551399467e-20
33662251.321769916	7.437407626154961e-20
33561279.636658676	7.425135658574287e-20
33453255.2432495	7.459047885878504e-20
33339450.093995247	7.484407324388079e-20
33217872.83406329	7.467552418481138e-20
33090622.025280822	7.345801281172203e-20
32956501.874719657	7.279913794698811e-20
32816769.30114483	7.224533883628755e-20
32670357.73317458	7.221811570007552e-20
32517347.281874027	7.244436128750453e-20
32359534.19102321	7.271487220563824e-20
32195092.78461548	7.267229401792526e-20
32024971.182812955	7.17421577011555e-20
31849163.873640385	7.080411496640169e-20
31667446.31731457	7.041245551913891e-20
31480915.87374802	6.998538865569355e-20
31288448.028945122	7.010782813389033e-20
31090912.20356842	7.039323973082295e-20
30888239.09872494	7.049022385516283e-20
30680362.657895688	6.991129290902039e-20
30467162.34522014	6.908571761565935e-20
30027448.54995176	6.703856966896957e-20
29568252.786054164	6.702498528003647e-20
29091361.427406594	6.722699996500144e-20
28596663.27056358	6.571630948250156e-20
28086088.147159263	6.478836816966862e-20
27560175.97204343	6.488265161280571e-20
27018929.6162894	6.476596091938684e-20
26463605.926063813	6.330218964126018e-20
25896049.166040752	6.23204256000832e-20
25316753.44529784	6.23068791152567e-20
24725142.00990563	6.235533432018378e-20
24124192.76597665	6.079465363571151e-20
23514023.296960477	5.988979472744901e-20
22895870.583360657	5.972913888693995e-20
22269766.435685847	5.988458490648326e-20
21637937.217073165	5.855992589934284e-20
21001184.803958084	5.758741194202442e-20
20361174.490927577	5.731608284875583e-20
19718157.20015438	5.733351999718855e-20
19074086.9445958	5.659230197555957e-20
18430757.787188243	5.542241566126366e-20
17789061.889262177	5.489344545337255e-20
17150877.966343295	5.493985746686207e-20
16518224.811852513	5.456249518984839e-20
15892172.579606602	5.351640162029883e-20
15275732.029922495	5.276976529263036e-20
14670616.711645084	5.2488981808617304e-20
14081104.110473722	5.23096958435472e-20
13507591.236782374	5.174536945069406e-20
12954298.752537707	5.0796195144098135e-20
12425556.35374127	5.0133222146512764e-20
11922826.179224454	5.003263354948091e-20
11452657.052841492	4.964289976280707e-20
11019984.049897714	4.889834323049021e-20
10627143.11609663	4.810832823203366e-20
10281827.41588284	4.749345048589238e-20
9987029.098285435	4.7264274430866353e-20
9749271.10147215	4.676441923677028e-20
9571353.96952803	4.6125963876221965e-20
9456953.01933979	4.5309185117323856e-20
9408202.47496832	4.479079426088495e-20
9426518.753495375	4.434999977920186e-20
9509381.04242332	4.394880402057892e-20
9657023.16503383	4.3265796937760726e-20
9864310.001718318	4.255506623002588e-20
10128015.097243883	4.189058291819577e-20
10442098.103829518	4.143578066757917e-20
10801287.451503176	4.1065420334052994e-20
11201589.76261852	4.037517635376947e-20
11638639.285157008	3.9748767048862255e-20
12105850.255558262	3.9062364968424675e-20
12600593.050329022	3.847374259177142e-20
13118829.972981583	3.800510792546861e-20
13656516.386326348	3.742760878693826e-20
14210433.415628111	3.683178954338293e-20
14779231.411003752	3.618534510259536e-20
15359675.883950157	3.553065438667936e-20
15948248.549919205	3.504492505904579e-20
16545425.638828393	3.452294749634991e-20
17148325.49988482	3.39603511406138e-20
17755513.04947283	3.3412104222031915e-20
18366268.96296578	3.293686232063191e-20
18978991.273236837	3.2386853497624077e-20
19592331.201375704	3.19003709518126e-20
20207853.50228965	3.137005942819146e-20
20821975.656983178	3.0949846480042207e-20
21435372.990923207	3.0358708908564135e-20
22046772.253779013	2.990563375052687e-20
22656716.84732808	2.939930313296434e-20
23264486.768893056	2.8911300713500423e-20
23869868.920042273	2.8428613349620553e-20
24472436.813076057	2.8056996261404695e-20
25072711.02314227	2.7502246209209515e-20
25670298.79004138	2.6949200832458977e-20
26264862.46032901	2.6454592291290045e-20
26856724.47451476	2.6005401612026322e-20
27445670.361825746	2.5447065326193163e-20
28031603.482676473	2.4939713325090198e-20
28614342.222214367	2.4503008945541927e-20
29193878.04677549	2.4035868277146147e-20
29771760.384800892	2.3394476076339313e-20
30346695.668721497	2.2855593031124147e-20
30919806.12827318	2.232186822785215e-20
31488981.52703577	2.1950670615488906e-20
32056224.809075695	2.1449379378568973e-20
32618598.700894557	2.102619843984588e-20
33177604.54297447	2.0609539709649354e-20
33734106.35855054	2.0208204744208222e-20
34286776.334470406	1.9722480355167398e-20
34837828.90207138	1.9163193657849773e-20
35384872.49390621	1.8766874878471898e-20
35930082.91125975	1.8365610644957035e-20
36473516.17557595	1.7997812639994296e-20
37013221.37034278	1.7579812186981547e-20
37551689.91683331	1.7134546376466986e-20
38088033.53561325	1.6708764400468013e-20
38622130.67672472	1.6338703000067997e-20
39155956.12432418	1.5808432497335317e-20
39685957.85425873	1.5406401494918385e-20
40212103.45667085	1.5051384935826716e-20
40734525.03479082	1.4750615715874606e-20
41253707.04809448	1.4492372398056307e-20
41768836.3329648	1.4240559774363915e-20
42281273.12191533	1.3902523950245902e-20
42792033.7166861	1.360108836257395e-20
43298799.87262926	1.329995736854334e-20
43802699.848411165	1.3018175153756631e-20
44304221.27303447	1.2723568487889907e-20
44804160.41853703	1.2337403532355782e-20
45301587.065024555	1.197934241500093e-20
45796524.610607736	1.1695444682999191e-20
46290652.596501596	1.141124048948697e-20
46782594.573302574	1.1174599578211939e-20
47272288.817128375	1.097314348324098e-20
47759291.43119692	1.0746695978489285e-20
48244852.38665365	1.0464292885846566e-20
48727608.71015527	1.0243221627177257e-20
49207463.1169907	1.0004448160170653e-20
49686243.33968105	9.787761149294427e-21
50161085.19330498	9.585461361947261e-21
50634297.563706756	9.321228691805235e-21
51105307.85202257	9.07867782623622e-21
51573637.398384064	8.856186980431176e-21
52039630.894636445	8.652727982695842e-21
52503749.40487584	8.471032783416208e-21
52965920.474018	8.307563127863516e-21
53426475.61621485	8.144254750210162e-21
53884932.660345785	8.000943508437707e-21
54343860.82686801	7.788725076088904e-21
54801833.5096555	7.593966121720187e-21
55261455.10624924	7.366319110048847e-21
55721278.9983324	7.160443240693553e-21
56183049.815491505	6.936883229781079e-21
56645359.82496712	6.7414729124449285e-21
57110778.561056234	6.490575616334343e-21
57577456.79525973	6.263368815434096e-21
58046254.686844364	6.035037040288456e-21
58517984.679836676	5.803139479503177e-21
58992973.66963374	5.580479109977819e-21
59472062.0933667	5.36294389310072e-21
59954348.964962505	5.170531636978707e-21
60440631.51200523	4.9755842775729335e-21
60932178.674818456	4.77688572479021e-21
61425933.860626005	4.629200299638962e-21
61919986.20171036	4.501625953889272e-21
62412283.200104125	4.4143421974698334e-21
62903121.88572201	4.30688641082212e-21
63392438.48890813	4.2013248194849955e-21
63879811.127616845	4.109755919273471e-21
64367768.73420424	3.9891042856973455e-21
64855014.01295046	3.889527527699184e-21
65342791.078281924	3.7802577172639354e-21
65831572.26209928	3.670817864345108e-21
66322169.48509751	3.537584399098613e-21
66817163.48738548	3.38507116319769e-21
67317508.46971388	3.2331802789517083e-21
67827609.34678444	3.050234313589674e-21
68355883.47918561	2.8108684151505786e-21
68897031.42269628	2.6322451840575055e-21
69442840.143675	2.5167868352305344e-21
69990295.91314785	2.4316815038974097e-21
70536671.45258558	2.3576409347916933e-21
71081028.6673596	2.3055524770167565e-21
71624275.5719735	2.2402359238778534e-21
72165456.92511065	2.1946104474461034e-21
72706311.37810527	2.1303429181815476e-21
73246311.19865355	2.0831858766567536e-21
73787110.07493111	2.025709113001797e-21
74329932.83334783	1.961392757628025e-21
74878866.44447817	1.8786820059254663e-21
75439600.54778922	1.7720700509137686e-21
76007167.0871241	1.6925244762774647e-21
76577457.65047309	1.627561767660972e-21
77148787.15579396	1.5760080453639693e-21
77721131.34026036	1.5262090657318394e-21
78293262.53139538	1.4790926749865413e-21
78863485.41631927	1.4446415632248984e-21
79432592.5877407	1.4123757347519963e-21
79999783.57101974	1.3710765828762992e-21
80565425.52242866	1.3320871577485205e-21
81130308.97765644	1.2904263745629228e-21
81695241.57997209	1.2524018579382594e-21
82259753.12393053	1.2122496742030113e-21
82829174.60418159	1.164310936901324e-21
83406774.10144813	1.0979425028218592e-21
83993724.39301641	1.040539775873948e-21
84586274.16673464	9.921709220567686e-22
85182429.90083107	9.55097630789054e-22
85779661.6466281	9.249264651022025e-22
86378810.56260268	8.927618567342296e-22
86977337.5162174	8.66988306894596e-22
87576160.86704189	8.437832023967053e-22
88173885.7554208	8.171641527189386e-22
88768996.47517708	8.022948414700121e-22
89363055.13023823	7.818983171397154e-22
89954034.93568255	7.658096228683027e-22
90543484.02955344	7.444471869143599e-22
91131488.07086384	7.283023694451158e-22
91717602.92228532	7.142091251031435e-22
92303013.12097022	6.926470348996397e-22
92890917.64542969	6.645424646943241e-22
93484762.25358869	6.385945769141008e-22
94082741.08150761	6.11585384629443e-22
94682393.88930763	5.900656989014267e-22
95283405.4345771	5.742488249197622e-22
95884860.75189348	5.581760693116289e-22
