1149906.3092269734	8.703613392843282e-20
1727310.1892827465	8.676740077917854e-20
2305394.6343305293	8.677632839994505e-20
2884789.9212940973	8.633931069699317e-20
3463238.9478636896	8.612138448391365e-20
4040360.9306595363	8.59332042920338e-20
4616705.0328129055	8.540757131057266e-20
5190603.484181777	8.532829572386475e-20
5763407.548490737	8.51410843107562e-20
6334176.360822297	8.480342245256212e-20
6902672.152869495	8.459943062304248e-20
7469266.4753642315	8.431459936520696e-20
8032683.263393373	8.390948672468666e-20
8593996.128111765	8.360322814075072e-20
9151372.716702122	8.37130329814914e-20
9705367.77922403	8.321094669257263e-20
10256458.812377691	8.298518964862316e-20
10803829.322994694	8.285254066986678e-20
11347581.502791684	8.245548314214639e-20
11887519.301052682	8.221657341069114e-20
12422663.560782766	8.20635725940739e-20
12953781.431304142	8.173386060472263e-20
13480660.597314954	8.153140027432562e-20
14003056.49670814	8.125759445227681e-20
14520819.427979954	8.089534420475421e-20
15033832.364370704	8.063856875722024e-20
15541792.017010137	8.056393652676786e-20
16044970.178220961	8.016348146357293e-20
16543153.037132915	7.997684947199816e-20
17035615.704752207	7.976493462680019e-20
17522967.926124845	7.946551498127512e-20
18004818.719720565	7.912148417703722e-20
18480894.30763566	7.903741967281067e-20
18951362.03785892	7.871790287382514e-20
19416008.0204454	7.853698905025435e-20
19875038.37178686	7.827903353301274e-20
20327729.957867898	7.801610529681982e-20
20774541.89242208	7.76264933501417e-20
21242563.31731178	7.743745937399356e-20
21703767.443695113	7.707689057112946e-20
22157533.026941426	7.692551654854195e-20
22604314.300593153	7.662127626245142e-20
23043508.83090507	7.632800660397505e-20
23475437.324147977	7.587908795063222e-20
23899538.201605484	7.578707534494597e-20
24316020.347910553	7.532524168984168e-20
24725337.967356484	7.512656137744631e-20
25125701.726519004	7.496658071826709e-20
25519395.90585953	7.440615825392678e-20
25903690.927935343	7.421052664611833e-20
26280767.855981678	7.389790734434094e-20
26648859.903755732	7.367169205835058e-20
27008184.46193672	7.348640271539595e-20
27359818.098993283	7.316710969998924e-20
27702948.38099367	7.2717012445059e-20
28036713.313439578	7.249476808997045e-20
28362177.159907877	7.226721123625224e-20
28679372.598611705	7.190943714587593e-20
28987349.49525396	7.175143116716664e-20
29286183.761801396	7.154397477504504e-20
29576799.252116513	7.104492146610868e-20
29858326.35363208	7.074924326201726e-20
30131627.75888485	7.050432981441489e-20
30395668.166699346	7.034306213311337e-20
30650442.311516486	7.014470201638329e-20
30896852.645454034	6.98431716551524e-20
31134705.76462864	6.941610595708323e-20
31363790.424628206	6.906182260455801e-20
31583340.77152067	6.89219037660317e-20
31794867.9483026	6.867955685020933e-20
31997436.80750069	6.846784069284707e-20
32191559.524974868	6.818134448121308e-20
32377076.608304217	6.782067158487627e-20
32553099.146778636	6.754491963011018e-20
32721055.641436756	6.72106501008759e-20
32880755.697063897	6.698509760343753e-20
33030419.66566577	6.697963666038928e-20
33172262.539205853	6.669598603889486e-20
33305923.442534965	6.63493819018991e-20
33430666.552284	6.599045066913382e-20
33546105.973719217	6.577383350431885e-20
33654308.47380465	6.544113102257314e-20
33753707.41548252	6.533531521154868e-20
33844257.98920697	6.521065767750488e-20
33927175.59553108	6.485114040504392e-20
34001672.26314024	6.451884047643183e-20
34068557.58334949	6.40462985608222e-20
34127128.94692432	6.377565958521929e-20
34177410.59530403	6.365763177187833e-20
34219361.90462937	6.350550359017512e-20
34254458.1770023	6.312906492862838e-20
34281109.062572636	6.285528642011875e-20
34299393.51198502	6.244933743736294e-20
34309968.933824465	6.210366294978131e-20
34313269.177389674	6.1764207427518e-20
34309123.39801179	6.158688829539645e-20
34295961.6558568	6.14970220199717e-20
34276253.82681136	6.115949100625913e-20
34248633.845162354	6.082822794025e-20
34212648.965550736	6.045682795058729e-20
34169222.227612965	6.012084071346716e-20
34119456.29769033	5.976496948126352e-20
34060877.34395578	5.979186483387044e-20
33995520.335773654	5.956032752054552e-20
33923363.55817329	5.927081803362257e-20
33842939.72470477	5.90244000112028e-20
33756171.63497662	5.852016162410982e-20
33662251.321769916	5.82009995588629e-20
33561279.636658676	5.793960295351804e-20
33453255.2432495	5.793754478029926e-20
33339450.093995247	5.762292831732112e-20
33217872.83406329	5.750372592624024e-20
33090622.025280822	5.703408355431467e-20
32956501.874719657	5.667136251540205e-20
32816769.30114483	5.622936791262323e-20
32670357.73317458	5.603423016256681e-20
32517347.281874027	5.592296760275127e-20
32359534.19102321	5.572156984636154e-20
32195092.78461548	5.553214827180966e-20
32024971.182812955	5.520867782155227e-20
31849163.873640385	5.468634285803453e-20
31667446.31731457	5.440008360352345e-20
31480915.87374802	5.402925609373728e-20
31288448.028945122	5.3915067328317436e-20
31090912.20356842	5.379471348318583e-20
30888239.09872494	5.360012325381184e-20
30680362.657895688	5.333914371907664e-20
30467162.34522014	5.296119640995515e-20
30027448.54995176	5.1492883087082e-20
29568252.786054164	5.116772289986827e-20
29091361.427406594	5.083824717818358e-20
28596663.27056358	5.014688651849667e-20
28086088.147159263	4.943913485016388e-20
27560175.97204343	4.9167748377624507e-20
27018929.6162894	4.882532341228561e-20
26463605.926063813	4.8096825953220137e-20
25896049.166040752	4.739181241316206e-20
25316753.44529784	4.7080365127919246e-20
24725142.00990563	4.6844419520242e-20
24124192.76597665	4.6016988684686695e-20
23514023.296960477	4.534768129645477e-20
22895870.583360657	4.4989759904616616e-20
22269766.435685847	4.4829233660461284e-20
21637937.217073165	4.407695517040817e-20
21001184.803958084	4.338691688480538e-20
20361174.490927577	4.2980079388307206e-20
19718157.20015438	4.281309376180991e-20
19074086.9445958	4.2307982911881e-20
18430757.787188243	4.15199096912938e-20
17789061.889262177	4.103227955512416e-20
17150877.966343295	4.084535157759618e-20
16518224.811852513	4.054168853919454e-20
15892172.579606602	3.980295738147131e-20
15275732.029922495	3.918987219511414e-20
14670616.711645084	3.8829426483785556e-20
14081104.110473722	3.8647937387562504e-20
13507591.236782374	3.8209243446530437e-20
12954298.752537707	3.745888408445923e-20
12425556.35374127	3.6882597003033124e-20
11922826.179224454	3.6687673883083016e-20
11452657.052841492	3.646860707151673e-20
11019984.049897714	3.586000890828686e-20
10627143.11609663	3.5214746521553105e-20
10281827.41588284	3.4683225283141866e-20
9987029.098285435	3.4474681049207035e-20
9749271.10147215	3.424794593579186e-20
9571353.96952803	3.367863092641994e-20
9456953.01933979	3.3012626217693456e-20
9408202.47496832	3.2541469123942726e-20
9426518.753495375	3.2221561035319586e-20
9509381.04242332	3.209182790151106e-20
9657023.16503383	3.1560962871008466e-20
9864310.001718318	3.08851613916953e-20
10128015.097243883	3.034010375290441e-20
10442098.103829518	2.999080872754299e-20
10801287.451503176	2.9826399818367004e-20
11201589.76261852	2.94826597484983e-20
11638639.285157008	2.88142033260356e-20
12105850.255558262	2.822262017879524e-20
12600593.050329022	2.775527405556655e-20
13118829.972981583	2.7423098431826536e-20
13656516.386326348	2.7216502448076224e-20
14210433.415628111	2.6810080192023622e-20
14779231.411003752	2.611897578960106e-20
15359675.883950157	2.555566805690341e-20
15948248.549919205	2.5165500131052015e-20
16545425.638828393	2.48044026979533e-20
17148325.49988482	2.4611141102830773e-20
17755513.04947283	2.4228753902312106e-20
18366268.96296578	2.360696140669627e-20
18978991.273236837	2.3071847453386722e-20
19592331.201375704	2.2657244883034102e-20
20207853.50228965	2.2250419814280502e-20
20821975.656983178	2.205304446229836e-20
21435372.990923207	2.1786978460487175e-20
22046772.253779013	2.1316804292242233e-20
22656716.84732808	2.0738816077126704e-20
23264486.768893056	2.0280958636885424e-20
23869868.920042273	1.9884720588999237e-20
24472436.813076057	1.959541973120141e-20
25072711.02314227	1.9326244124330743e-20
25670298.79004138	1.9074773654895768e-20
26264862.46032901	1.8642247657409812e-20
26856724.47451476	1.813467050364298e-20
27445670.361825746	1.766128596238616e-20
28031603.482676473	1.7266131306923613e-20
28614342.222214367	1.6957222241972485e-20
29193878.04677549	1.6683496171050327e-20
29771760.384800892	1.6411192937135058e-20
30346695.668721497	1.6099209691442482e-20
30919806.12827318	1.5623776748354062e-20
31488981.52703577	1.5211795588984702e-20
32056224.809075695	1.4790054087287113e-20
32618598.700894557	1.4471866399774518e-20
33177604.54297447	1.4167896563371428e-20
33734106.35855054	1.3929623176863736e-20
34286776.334470406	1.3736868507245192e-20
34837828.90207138	1.3446487713072772e-20
35384872.49390621	1.3159929757713657e-20
35930082.91125975	1.2769565065431561e-20
36473516.17557595	1.2391035133765494e-20
37013221.37034278	1.204857040828975e-20
37551689.91683331	1.1719708323733753e-20
38088033.53561325	1.1420464058116297e-20
38622130.67672472	1.1194314352425982e-20
39155956.12432418	1.093162938736444e-20
39685957.85425873	1.0745581351052975e-20
40212103.45667085	1.0515834802801136e-20
40734525.03479082	1.0269055895961768e-20
41253707.04809448	9.997885609098417e-21
41768836.3329648	9.726905741958075e-21
42281273.12191533	9.44317681134397e-21
42792033.7166861	9.206210783706673e-21
43298799.87262926	8.996946168113357e-21
43802699.848411165	8.817658661916133e-21
44304221.27303447	8.66612838393356e-21
44804160.41853703	8.490409863980775e-21
45301587.065024555	8.284723090441368e-21
45796524.610607736	8.093329223288117e-21
46290652.596501596	7.869053021555973e-21
46782594.573302574	7.652352459774497e-21
47272288.817128375	7.42833827326194e-21
47759291.43119692	7.225467202090943e-21
48244852.38665365	7.009698393145823e-21
48727608.71015527	6.84949720623149e-21
49207463.1169907	6.6863774937481e-21
49686243.33968105	6.551968789981208e-21
50161085.19330498	6.44390855294054e-21
50634297.563706756	6.3275926464496116e-21
51105307.85202257	6.204313610575716e-21
51573637.398384064	6.0697189873555975e-21
52039630.894636445	5.933514542459443e-21
52503749.40487584	5.80101096527578e-21
52965920.474018	5.671494436175407e-21
53426475.61621485	5.5226422601613506e-21
53884932.660345785	5.378016076419963e-21
54343860.82686801	5.207741391347128e-21
54801833.5096555	5.060274442687158e-21
55261455.10624924	4.899442647157532e-21
55721278.9983324	4.7629079303796584e-21
56183049.815491505	4.6209705422949265e-21
56645359.82496712	4.505604689598393e-21
57110778.561056234	4.369060438191344e-21
57577456.79525973	4.2537404449233336e-21
58046254.686844364	4.124050439348776e-21
58517984.679836676	3.979958900697777e-21
58992973.66963374	3.833997221316611e-21
59472062.0933667	3.685811240093047e-21
59954348.964962505	3.5520220372763835e-21
60440631.51200523	3.4145428107515574e-21
60932178.674818456	3.2708027475422965e-21
61425933.860626005	3.157094373152079e-21
61919986.20171036	3.051640996707707e-21
62412283.200104125	2.9721368274448915e-21
62903121.88572201	2.8906039501929495e-21
63392438.48890813	2.8147046861817856e-21
63879811.127616845	2.751375232505157e-21
64367768.73420424	2.6717412166183333e-21
64855014.01295046	2.6097356533793893e-21
65342791.078281924	2.5432512007565792e-21
65831572.26209928	2.481056399272403e-21
66322169.48509751	2.4137990009423755e-21
66817163.48738548	2.3319688356761104e-21
67317508.46971388	2.2408493416116878e-21
67827609.34678444	2.123541616228778e-21
68355883.47918561	1.9644919868322342e-21
68897031.42269628	1.8456164830886227e-21
69442840.143675	1.7682034716792216e-21
69990295.91314785	1.7113735813981146e-21
70536671.45258558	1.6605546145374822e-21
71081028.6673596	1.6239744175260755e-21
71624275.5719735	1.5777239949979703e-21
72165456.92511065	1.5445957949573188e-21
72706311.37810527	1.497870656587406e-21
73246311.19865355	1.460845649920367e-21
73787110.07493111	1.4152283532753217e-21
74329932.83334783	1.3631304239124779e-21
74878866.44447817	1.297345618779688e-21
75439600.54778922	1.219115089786951e-21
76007167.0871241	1.1613140720086142e-21
76577457.65047309	1.1153935213156321e-21
77148787.15579396	1.0791171054427026e-21
77721131.34026036	1.044975698922611e-21
78293262.53139538	1.0131366811362252e-21
78863485.41631927	9.908541578336477e-22
79432592.5877407	9.711398815360454e-22
79999783.57101974	9.468982806919305e-22
80565425.52242866	9.270943539829527e-22
81130308.97765644	9.048461360417478e-22
81695241.57997209	8.828161320079514e-22
82259753.12393053	8.578654784838195e-22
82829174.60418159	8.265423012759167e-22
83406774.10144813	7.811966747445259e-22
83993724.39301641	7.417337497093669e-22
84586274.16673464	7.088312665138608e-22
85182429.90083107	6.832506730573105e-22
85779661.6466281	6.628809430097015e-22
86378810.56260268	6.404502571712003e-22
86977337.5162174	6.225085896204259e-22
87576160.86704189	6.0583317888694345e-22
88173885.7554208	5.868649948045633e-22
88768996.47517708	5.759658593429934e-22
89363055.13023823	5.611912069179256e-22
89954034.93568255	5.493659519907306e-22
90543484.02955344	5.338284584163037e-22
91131488.07086384	5.218744545936179e-22
91717602.92228532	5.114340450363121e-22
92303013.12097022	4.956004127133941e-22
92890917.64542969	4.752012600070599e-22
93484762.25358869	4.561633006182602e-22
94082741.08150761	4.362625393067908e-22
94682393.88930763	4.2008714912936973e-22
95283405.4345771	4.079351718119418e-22
95884860.75189348	3.953363763827736e-22
