1149906.3092269734	2.2689315957619607e-20
1727310.1892827465	2.2559348090225642e-20
2305394.6343305293	2.2572098766158067e-20
2884789.9212940973	2.2453468305898523e-20
3463238.9478636896	2.2479462226355714e-20
4040360.9306595363	2.2489807861087118e-20
4616705.0328129055	2.2310126612186572e-20
5190603.484181777	2.2258116189444968e-20
5763407.548490737	2.22217984317327e-20
6334176.360822297	2.21485105742646e-20
6902672.152869495	2.2166101763142245e-20
7469266.4753642315	2.2136731509240285e-20
8032683.263393373	2.1972074636705356e-20
8593996.128111765	2.186821296030953e-20
9151372.716702122	2.1923327439254744e-20
9705367.77922403	2.1819751350155242e-20
10256458.812377691	2.1847186711936683e-20
10803829.322994694	2.1839076631601526e-20
11347581.502791684	2.1665467872910247e-20
11887519.301052682	2.158833488510041e-20
12422663.560782766	2.1595425934291253e-20
12953781.431304142	2.1553934060956352e-20
13480660.597314954	2.1550486663504836e-20
14003056.49670814	2.1528073666089774e-20
14520819.427979954	2.134386403125544e-20
15033832.364370704	2.1276048003521024e-20
15541792.017010137	2.1305328622938458e-20
16044970.178220961	2.1228410987178948e-20
16543153.037132915	2.12385211926588e-20
17035615.704752207	2.123192157325164e-20
17522967.926124845	2.107846091096409e-20
18004818.719720565	2.0977458593307042e-20
18480894.30763566	2.1019472761654436e-20
18951362.03785892	2.0956825872831496e-20
19416008.0204454	2.0963316113313515e-20
19875038.37178686	2.0931755268498305e-20
20327729.957867898	2.078655150138836e-20
20774541.89242208	2.064940264382097e-20
21242563.31731178	2.0674026449489557e-20
21703767.443695113	2.062464592343319e-20
22157533.026941426	2.0632777817584555e-20
22604314.300593153	2.058737113310688e-20
23043508.83090507	2.0431714968331087e-20
23475437.324147977	2.029118621593037e-20
23899538.201605484	2.0341686499651352e-20
24316020.347910553	2.022968084382277e-20
24725337.967356484	2.025269097208089e-20
25125701.726519004	2.0237133141541652e-20
25519395.90585953	1.9994646823870053e-20
25903690.927935343	1.993852234177892e-20
26280767.855981678	1.9923562540443485e-20
26648859.903755732	1.991826411512573e-20
27008184.46193672	1.9921421394401673e-20
27359818.098993283	1.987235634968718e-20
27702948.38099367	1.9654744711738397e-20
28036713.313439578	1.9594223942297392e-20
28362177.159907877	1.9615804228358314e-20
28679372.598611705	1.9565666375573116e-20
28987349.49525396	1.9594751686583956e-20
29286183.761801396	1.9559490399627782e-20
29576799.252116513	1.9328839565059033e-20
29858326.35363208	1.923677431292394e-20
30131627.75888485	1.9253882281051418e-20
30395668.166699346	1.929893846461432e-20
30650442.311516486	1.930034850180464e-20
30896852.645454034	1.923998339648141e-20
31134705.76462864	1.9035815113828386e-20
31363790.424628206	1.8905964889182696e-20
31583340.77152067	1.8939008341114197e-20
31794867.9483026	1.8975585165610995e-20
31997436.80750069	1.8961235360233894e-20
32191559.524974868	1.8938124856985406e-20
32377076.608304217	1.8793521312965626e-20
32553099.146778636	1.8648785552995327e-20
32721055.641436756	1.8592067205421396e-20
32880755.697063897	1.8637042340578352e-20
33030419.66566577	1.8715879545933985e-20
33172262.539205853	1.8695261395565317e-20
33305923.442534965	1.8601757235326027e-20
33430666.552284	1.8410311922782443e-20
33546105.973719217	1.833523883093135e-20
33654308.47380465	1.8320838965805473e-20
33753707.41548252	1.83970016956668e-20
33844257.98920697	1.8429182846464e-20
33927175.59553108	1.8359553228631056e-20
34001672.26314024	1.8213199248943148e-20
34068557.58334949	1.80118333494406e-20
34127128.94692432	1.7968871679420203e-20
34177410.59530403	1.8049108226974744e-20
34219361.90462937	1.8096922808215126e-20
34254458.1770023	1.8030432335048242e-20
34281109.062572636	1.7967309702157428e-20
34299393.51198502	1.7757069031971863e-20
34309968.933824465	1.7623849779373917e-20
34313269.177389674	1.7570611432421792e-20
34309123.39801179	1.7646073466750177e-20
34295961.6558568	1.770677320837899e-20
34276253.82681136	1.766565579456149e-20
34248633.845162354	1.752818500988139e-20
34212648.965550736	1.733621858499685e-20
34169222.227612965	1.7205646230053194e-20
34119456.29769033	1.7158595063429318e-20
34060877.34395578	1.729703049593701e-20
33995520.335773654	1.7305237713136393e-20
33923363.55817329	1.7271354589131427e-20
33842939.72470477	1.7142744069008192e-20
33756171.63497662	1.690790933200522e-20
33662251.321769916	1.6777897071959056e-20
33561279.636658676	1.6754885799349142e-20
33453255.2432495	1.6886125397417625e-20
33339450.093995247	1.6873739113389202e-20
33217872.83406329	1.6875644574918522e-20
33090622.025280822	1.6684587301215983e-20
32956501.874719657	1.647133986402695e-20
32816769.30114483	1.6295991297254408e-20
32670357.73317458	1.6270254075183073e-20
32517347.281874027	1.6348386859803716e-20
32359534.19102321	1.639291970881234e-20
32195092.78461548	1.6380257451895783e-20
32024971.182812955	1.625383474698041e-20
31849163.873640385	1.598219497051872e-20
31667446.31731457	1.5826085652315623e-20
31480915.87374802	1.5718471303246732e-20
31288448.028945122	1.5760234049699287e-20
31090912.20356842	1.5835469481688595e-20
30888239.09872494	1.5851824399552325e-20
30680362.657895688	1.5771632731724317e-20
30467162.34522014	1.556913592546008e-20
30027448.54995176	1.4994037344576474e-20
29568252.786054164	1.5020891684789446e-20
29091361.427406594	1.5080070761717345e-20
28596663.27056358	1.4749427648249948e-20
28086088.147159263	1.4434477931747793e-20
27560175.97204343	1.4503039792341492e-20
27018929.6162894	1.4548253131735e-20
26463605.926063813	1.4178243842337353e-20
25896049.166040752	1.3870680324552757e-20
25316753.44529784	1.392441135392237e-20
24725142.00990563	1.401150439184447e-20
24124192.76597665	1.361391066707008e-20
23514023.296960477	1.330765338250705e-20
22895870.583360657	1.3320005555089095e-20
22269766.435685847	1.34558150445499e-20
21637937.217073165	1.3121157509547648e-20
21001184.803958084	1.2783521754062284e-20
20361174.490927577	1.2730238370710143e-20
19718157.20015438	1.2884591638380025e-20
19074086.9445958	1.2721834992193635e-20
18430757.787188243	1.2312565852423299e-20
17789061.889262177	1.2163346750791458e-20
17150877.966343295	1.2288249758048805e-20
16518224.811852513	1.2315356591661926e-20
15892172.579606602	1.1933337896981635e-20
15275732.029922495	1.1659189266598562e-20
14670616.711645084	1.1633099734847441e-20
14081104.110473722	1.1781657743092872e-20
13507591.236782374	1.164696742767317e-20
12954298.752537707	1.1258211258037432e-20
12425556.35374127	1.1049842609954232e-20
11922826.179224454	1.1117989892973096e-20
11452657.052841492	1.1229553184507563e-20
11019984.049897714	1.0978468637439444e-20
10627143.11609663	1.0649101519758928e-20
10281827.41588284	1.048122705839608e-20
9987029.098285435	1.0546190170748748e-20
9749271.10147215	1.0651062742032989e-20
9571353.96952803	1.040539819824767e-20
9456953.01933979	1.0071165213276782e-20
9408202.47496832	9.9141862485306e-21
9426518.753495375	9.927355999910394e-21
9509381.04242332	1.0063828010019048e-20
9657023.16503383	9.885731103298199e-21
9864310.001718318	9.546329197790619e-21
10128015.097243883	9.332430644351144e-21
10442098.103829518	9.293516979032857e-21
10801287.451503176	9.405356169273205e-21
11201589.76261852	9.397599136592909e-21
11638639.285157008	9.074030837739596e-21
12105850.255558262	8.803872192723984e-21
12600593.050329022	8.662741706756342e-21
13118829.972981583	8.664233065039966e-21
13656516.386326348	8.763995575132878e-21
14210433.415628111	8.664093178690539e-21
14779231.411003752	8.338580113627869e-21
15359675.883950157	8.104225383694657e-21
15948248.549919205	7.99729615660542e-21
16545425.638828393	7.982409541792311e-21
17148325.49988482	8.074103489115871e-21
17755513.04947283	7.985405021613014e-21
18366268.96296578	7.69136678702749e-21
18978991.273236837	7.441902861590456e-21
19592331.201375704	7.299930985874074e-21
20207853.50228965	7.217366801017953e-21
20821975.656983178	7.260245302381351e-21
21435372.990923207	7.258536300528997e-21
22046772.253779013	7.041532382327325e-21
22656716.84732808	6.748843083500677e-21
23264486.768893056	6.537936664326788e-21
23869868.920042273	6.401604750769749e-21
24472436.813076057	6.355564065947501e-21
25072711.02314227	6.360010395458732e-21
25670298.79004138	6.3456711089011566e-21
26264862.46032901	6.16292369341575e-21
26856724.47451476	5.916142970752734e-21
27445670.361825746	5.696248485087073e-21
28031603.482676473	5.546752852650184e-21
28614342.222214367	5.469427535476601e-21
29193878.04677549	5.442049412145018e-21
29771760.384800892	5.430374919065179e-21
30346695.668721497	5.352363251194104e-21
30919806.12827318	5.155326627059792e-21
31488981.52703577	4.959392668458403e-21
32056224.809075695	4.7694359410060605e-21
32618598.700894557	4.649110249151784e-21
33177604.54297447	4.56576991225649e-21
33734106.35855054	4.537736360983211e-21
34286776.334470406	4.5336560258259746e-21
34837828.90207138	4.471841758496847e-21
35384872.49390621	4.373771804750702e-21
35930082.91125975	4.206354657642838e-21
36473516.17557595	4.034878713776521e-21
37013221.37034278	3.885574731466863e-21
37551689.91683331	3.767300385730471e-21
38088033.53561325	3.681924615177327e-21
38622130.67672472	3.644965373214316e-21
39155956.12432418	3.601160539430891e-21
39685957.85425873	3.573448955386003e-21
40212103.45667085	3.498852750857826e-21
40734525.03479082	3.4107027964270014e-21
41253707.04809448	3.2926243513146414e-21
41768836.3329648	3.1691739351830346e-21
42281273.12191533	3.0497509945816828e-21
42792033.7166861	2.961904973321698e-21
43298799.87262926	2.8988894694111853e-21
43802699.848411165	2.8614460849839967e-21
44304221.27303447	2.8435532543666475e-21
44804160.41853703	2.816152401200439e-21
45301587.065024555	2.7575193200957017e-21
45796524.610607736	2.694255634266151e-21
46290652.596501596	2.6175551746146164e-21
46782594.573302574	2.53418362881177e-21
47272288.817128375	2.4373908594544224e-21
47759291.43119692	2.3488985793362076e-21
48244852.38665365	2.2621855779346877e-21
48727608.71015527	2.2047323208564183e-21
49207463.1169907	2.1561423910933076e-21
49686243.33968105	2.1271763032009565e-21
50161085.19330498	2.113130555433179e-21
50634297.563706756	2.096608158763241e-21
51105307.85202257	2.066859086584241e-21
51573637.398384064	2.0228681547197678e-21
52039630.894636445	1.9775155185941056e-21
52503749.40487584	1.9323084338417895e-21
52965920.474018	1.8882077965406015e-21
53426475.61621485	1.829079282544933e-21
53884932.660345785	1.7663819153299252e-21
54343860.82686801	1.6959765584670364e-21
54801833.5096555	1.6361662777749498e-21
55261455.10624924	1.5786211206732604e-21
55721278.9983324	1.5348892620662726e-21
56183049.815491505	1.4947130860671966e-21
56645359.82496712	1.4680697236748655e-21
57110778.561056234	1.4366659029404486e-21
57577456.79525973	1.4105939917211726e-21
58046254.686844364	1.3728369362521593e-21
58517984.679836676	1.3251729654846266e-21
58992973.66963374	1.2761398465518905e-21
59472062.0933667	1.2262610378230943e-21
59954348.964962505	1.1811207500727135e-21
60440631.51200523	1.134677582087062e-21
60932178.674818456	1.085660477296293e-21
61425933.860626005	1.0450770629914185e-21
61919986.20171036	1.0038890626007153e-21
62412283.200104125	9.696908805512045e-22
62903121.88572201	9.360839646348222e-22
63392438.48890813	9.058153833277104e-22
63879811.127616845	8.827458075847959e-22
64367768.73420424	8.566344038482496e-22
64855014.01295046	8.385009477056843e-22
65342791.078281924	8.216490649696607e-22
65831572.26209928	8.075165946554502e-22
66322169.48509751	7.922801752175161e-22
66817163.48738548	7.7109622625907e-22
67317508.46971388	7.427572663356834e-22
67827609.34678444	7.038002679219817e-22
68355883.47918561	6.506315361120531e-22
68897031.42269628	6.107765773407698e-22
69442840.143675	5.847366699699318e-22
69990295.91314785	5.657472545519364e-22
70536671.45258558	5.488428083614673e-22
71081028.6673596	5.366040517612069e-22
71624275.5719735	5.211525307694609e-22
72165456.92511065	5.100780194814647e-22
72706311.37810527	4.943194904997402e-22
73246311.19865355	4.817679003140241e-22
73787110.07493111	4.650863732625298e-22
74329932.83334783	4.456412782508039e-22
74878866.44447817	4.210354699965618e-22
75439600.54778922	3.9289077070273725e-22
76007167.0871241	3.7179738453652017e-22
76577457.65047309	3.5540580432441104e-22
77148787.15579396	3.4300099298516257e-22
77721131.34026036	3.319998645321952e-22
78293262.53139538	3.224227576392662e-22
78863485.41631927	3.167479348602116e-22
79432592.5877407	3.1245517950348327e-22
79999783.57101974	3.068304639259126e-22
80565425.52242866	3.0295930391287877e-22
81130308.97765644	2.9778460288202576e-22
81695241.57997209	2.918190807367578e-22
82259753.12393053	2.8384605664407273e-22
82829174.60418159	2.737695241338764e-22
83406774.10144813	2.589531517744632e-22
83993724.39301641	2.460197734585981e-22
84586274.16673464	2.3544202561985435e-22
85182429.90083107	2.272187502259195e-22
85779661.6466281	2.2065705703062407e-22
86378810.56260268	2.132263155276366e-22
86977337.5162174	2.0724868545787204e-22
87576160.86704189	2.0167828745641176e-22
88173885.7554208	1.9531365157099556e-22
88768996.47517708	1.9165874464881595e-22
89363055.13023823	1.8671469018946195e-22
89954034.93568255	1.827494097634131e-22
90543484.02955344	1.775337524703975e-22
91131488.07086384	1.735134477349569e-22
91717602.92228532	1.700030648101623e-22
92303013.12097022	1.6466042609909748e-22
92890917.64542969	1.577767553365496e-22
93484762.25358869	1.5135760232513872e-22
94082741.08150761	1.4465424272633875e-22
94682393.88930763	1.3919466315893262e-22
95283405.4345771	1.350722077476611e-22
95884860.75189348	1.3078446467904934e-22
