1252545.300577987	2.826455775007882e+29
1878935.7014011953	2.8214613459383846e+29
2503157.1285079177	2.817298120585172e+29
3123838.4977460024	2.8129858864711943e+29
3739314.5481491666	2.808959360087274e+29
4348144.363978731	2.8058230431446747e+29
4949610.996836014	2.8034257996557125e+29
5543431.050351398	2.8010687678917537e+29
6129457.075467615	2.799373677291697e+29
6707103.242085961	2.7979046021103104e+29
7276729.200678009	2.7977943240658738e+29
7837824.078786153	2.7951095374115467e+29
8389777.643060632	2.792793418954265e+29
8933067.730763046	2.791518724888844e+29
9467198.226379385	2.7877113450053815e+29
9991428.397726724	2.7853613123303757e+29
10506204.98086726	2.780157410607879e+29
11010643.198741844	2.7757078723589214e+29
11503614.731465932	2.7723978689634056e+29
11984106.34632387	2.762716224603652e+29
12449918.464391645	2.7544562989787068e+29
12900176.244144885	2.746867158900942e+29
13333091.31634521	2.734404897352895e+29
13746115.096273564	2.7228110349541412e+29
14137616.966801727	2.712484027271245e+29
14505256.264196094	2.6980325582014334e+29
14847445.286311043	2.686170499452779e+29
15162865.885115517	2.674261509195336e+29
15450661.103007857	2.6621544576527556e+29
15710391.590600153	2.652024657125673e+29
15942739.852359131	2.6408960563343835e+29
16147968.85989071	2.6306100123342896e+29
16327002.429411223	2.6234132920593834e+29
16481116.38967458	2.6151233131398635e+29
16611015.835149877	2.605890688526114e+29
16717768.062093578	2.6025660803959695e+29
16802187.02221827	2.592713986233431e+29
16864796.395154018	2.5845156334610383e+29
16907930.20153561	2.5801502353865325e+29
16927227.81497313	2.569114604287363e+29
16922758.425564077	2.5612091387044696e+29
16894656.83729622	2.551142061526494e+29
16842541.197812166	2.5441018605021406e+29
16766259.931481438	2.5309496303310335e+29
16665643.727441194	2.5228844335148527e+29
16540610.915259449	2.5113402280242308e+29
16390892.151740855	2.497087469751598e+29
16217076.121175481	2.486739171994107e+29
16018963.930604253	2.472913513096859e+29
15797522.492466977	2.4594213595597594e+29
15552924.629792301	2.446066642857156e+29
15286115.401893316	2.4349320708803907e+29
14997537.154479729	2.4186232604226258e+29
14688142.03294617	2.404855342110496e+29
14358316.41565612	2.393146737179193e+29
14008972.575546002	2.3763261734306956e+29
13640721.237441957	2.365457102536813e+29
13254656.007984517	2.3515468993737766e+29
12851441.057328941	2.337438902041712e+29
12432338.276044454	2.325763804904462e+29
11997994.595764743	2.310682124606113e+29
11549585.631095167	2.2971850858136403e+29
11088562.14123364	2.2839734126064137e+29
10615890.111055218	2.268100859725964e+29
10133316.553823827	2.254139082918228e+29
9642274.524198115	2.239064639762315e+29
9145174.293035643	2.223240667568723e+29
8643783.20875761	2.2099849099950678e+29
8140702.517596377	2.1936031786438708e+29
7638317.4338331865	2.178853591163916e+29
7139476.682502716	2.16638971129521e+29
6648216.651854841	2.1510806876164017e+29
6166866.858462244	2.1376345821187902e+29
5700539.755145998	2.1249670581039055e+29
5253500.171314359	2.1130205161598126e+29
4833843.295029328	2.1007747383221264e+29
4450521.261886071	2.0873513753835786e+29
4114951.4270401765	2.0772715319953923e+29
3842812.9189436208	2.0655803845568736e+29
3649455.642969236	2.0530915392154882e+29
3550943.164850712	2.0427724492807206e+29
3556782.260695755	2.0311278567711794e+29
3667408.0179331	2.0200959667329157e+29
3875062.691105783	2.0083632605636946e+29
4162959.2611506544	1.997471589325741e+29
4516985.934226495	1.9860673136928905e+29
4919434.086355869	1.9743280760135755e+29
5358012.826599055	1.964374170846624e+29
5821706.7926854575	1.9534328303227227e+29
6303227.082217489	1.9424868045050037e+29
6794709.559650067	1.932951287926922e+29
7291438.884061223	1.9225643806536678e+29
7791210.3745182	1.912969682159909e+29
8290331.914344564	1.903001114464368e+29
8786760.967501052	1.894340039152317e+29
9279569.31974755	1.8856763887610687e+29
9767825.893718623	1.8777634929745195e+29
10251003.056818392	1.8689579900065954e+29
10728291.22425841	1.8599162484962095e+29
11199541.683854746	1.852516548928495e+29
11664132.815173188	1.842591741693986e+29
12121526.084614921	1.8334640440269675e+29
12571709.12087931	1.8253194262874194e+29
13013528.35513874	1.8138597567469283e+29
13447130.061094822	1.8034319356764112e+29
13870493.69705347	1.7915993490927287e+29
14283037.701063454	1.77969224189291e+29
14683064.998153485	1.766928970955064e+29
15069527.55762436	1.753708855280101e+29
15440782.661834212	1.7397966054628024e+29
15794726.881146127	1.725920603829945e+29
16130176.415650263	1.7114456831731378e+29
16444721.97545462	1.6980983717625596e+29
16737133.185823668	1.6836597622482107e+29
17005971.323332284	1.6705375680498705e+29
17250378.841347225	1.6575586686979726e+29
17469545.78745538	1.644844885579808e+29
17664213.050685275	1.633067810457244e+29
17834860.79816717	1.622981065371561e+29
17983592.53493306	1.6122236897791137e+29
18111326.283983182	1.601645710760621e+29
18219409.80433779	1.592573406020262e+29
18309119.303232476	1.5829737897988808e+29
18381358.801786117	1.5765254035572422e+29
18436971.704160094	1.5696962313704542e+29
18475840.626342285	1.5633889875063973e+29
18499074.423602927	1.5533236660193314e+29
18506495.133330893	1.5454270931349315e+29
18476482.472050786	1.5267653713418011e+29
18388586.917161416	1.5072096394690522e+29
18242325.48991493	1.487705595575936e+29
18037410.964160018	1.4667934914306278e+29
17772685.177260075	1.4463919156113865e+29
17451426.34543091	1.4280021948617012e+29
17076972.664380535	1.4090507749406608e+29
16656800.989457726	1.3896205200219684e+29
16199229.596437601	1.370378195447634e+29
15712667.274845475	1.351192317917887e+29
15207883.377380298	1.3298495722607208e+29
14695551.160130063	1.3085604940028815e+29
14185900.383126901	1.2867629694281474e+29
13692390.829216057	1.2642196220651558e+29
13224683.115296187	1.241584216887073e+29
12797671.403032662	1.2189973315325753e+29
12424302.82068173	1.197104126512638e+29
12116725.85519702	1.1758582235801717e+29
11883736.572728293	1.1560545155179014e+29
11731647.435330642	1.1370373563014246e+29
11665811.423831606	1.118392947880582e+29
11686907.452358812	1.100352330816349e+29
11796013.652925296	1.0824057877024394e+29
11991231.26788905	1.0646442272749902e+29
12270253.938692547	1.046742153778014e+29
12625448.30768397	1.0289771307866963e+29
13052236.217981959	1.0114932063952286e+29
13541053.124480382	9.939120207886024e+28
14082699.001966918	9.770343183599897e+28
14666266.42196302	9.596350588537322e+28
15282539.879221648	9.433139351036701e+28
15922876.235781021	9.26518618416565e+28
16579357.394362424	9.107078577326416e+28
17245937.544027578	8.946592373131003e+28
17919047.89908214	8.790326477710012e+28
18594619.91222192	8.631706580904503e+28
19270752.254387993	8.477771341290553e+28
19944288.189103168	8.319625353661434e+28
20612772.76593326	8.161483363531189e+28
21272363.22320583	8.006623730113939e+28
21919246.573958695	7.8494148080225255e+28
22550928.936963994	7.693135302296054e+28
23163546.583586894	7.537325574956033e+28
23750897.738401383	7.384309268541558e+28
24309902.471626658	7.232670234898099e+28
24836971.62900502	7.084296691054329e+28
25330538.163450062	6.941965360412714e+28
25789866.38585008	6.795860939690442e+28
26216252.11606152	6.661894761747674e+28
26613450.77903307	6.5241680450244425e+28
26984078.588791948	6.395291452263892e+28
27330830.06569687	6.264997650318726e+28
27655503.19647068	6.139353585801703e+28
27960358.407574102	6.016973482192405e+28
28246624.27211436	5.891294119087083e+28
28516108.984221533	5.773077024591365e+28
28768308.656054147	5.650648480317252e+28
29006216.05621802	5.538486786652522e+28
29229371.462451946	5.422100434114145e+28
29439181.816925548	5.308970065188441e+28
29637001.991429564	5.200036078484042e+28
29824371.183647774	5.089689523237509e+28
30002705.493005123	4.984919708613647e+28
30174093.92343041	4.879685112825376e+28
30341365.805283055	4.777237531881095e+28
30505680.159603067	4.677579772512076e+28
30670967.304185234	4.575105659780378e+28
30839736.134095635	4.480426853583127e+28
31011728.588545337	4.382554584952446e+28
31191529.31999327	4.28939171946284e+28
31379986.26609005	4.196308419853964e+28
31579884.436140675	4.10387527638374e+28
31792176.664865207	4.014827295832565e+28
32018240.3834127	3.92512640442231e+28
32260396.51104741	3.840125727534903e+28
32518897.853402104	3.755065964802507e+28
32795790.187918935	3.6692480241206008e+28
33091134.44489324	3.5895743515593657e+28
33405483.46963414	3.5084036877292295e+28
33738251.66898843	3.430713500089055e+28
34091384.68411044	3.3559043534080117e+28
34465016.22007452	3.280252013801146e+28
34857022.917914264	3.208964405956081e+28
35269132.763650425	3.1401424688600876e+28
35700936.87146039	3.0692602217225766e+28
36151250.468275644	3.0032149331250157e+28
