1252545.300577987	1.1400823293780137e+29
1878935.7014011953	1.141446875254957e+29
2503157.1285079177	1.1387868133909749e+29
3123838.4977460024	1.1346856827809253e+29
3739314.5481491666	1.1382089277320409e+29
4348144.363978731	1.1339767032147895e+29
4949610.996836014	1.130997020080415e+29
5543431.050351398	1.135353375560376e+29
6129457.075467615	1.1318656182801125e+29
6707103.242085961	1.1310638021603707e+29
7276729.200678009	1.1341750889325806e+29
7837824.078786153	1.1300718332967947e+29
8389777.643060632	1.1312942975735977e+29
8933067.730763046	1.1327486812366837e+29
9467198.226379385	1.1277643286635474e+29
9991428.397726724	1.1300592922682606e+29
10506204.98086726	1.1279330654950265e+29
11010643.198741844	1.12387682571283e+29
11503614.731465932	1.1259175886009486e+29
11984106.34632387	1.1196493724752438e+29
12449918.464391645	1.1163851824951678e+29
12900176.244144885	1.1159376615974892e+29
13333091.31634521	1.1084667488510288e+29
13746115.096273564	1.1052357778444895e+29
14137616.966801727	1.1018606032331161e+29
14505256.264196094	1.0937103784639909e+29
14847445.286311043	1.0924731759204354e+29
15162865.885115517	1.0864223111213512e+29
15450661.103007857	1.0802551019212958e+29
15710391.590600153	1.080384448356655e+29
15942739.852359131	1.0749369832064796e+29
16147968.85989071	1.0700795529658613e+29
16327002.429411223	1.0711273183935929e+29
16481116.38967458	1.0664424046046422e+29
16611015.835149877	1.0631018117239134e+29
16717768.062093578	1.0638755473588455e+29
16802187.02221827	1.0571995073352305e+29
16864796.395154018	1.0524080965310741e+29
16907930.20153561	1.0514982991158547e+29
16927227.81497313	1.042813692527909e+29
16922758.425564077	1.0395526696681111e+29
16894656.83729622	1.0352788162033122e+29
16842541.197812166	1.0273044236470555e+29
16766259.931481438	1.0258042950697909e+29
16665643.727441194	1.0185771433032326e+29
16540610.915259449	1.0124229978322118e+29
16390892.151740855	1.0102560226655366e+29
16217076.121175481	1.000544776678074e+29
16018963.930604253	9.964615852987393e+28
15797522.492466977	9.911348914476234e+28
15552924.629792301	9.83334677664718e+28
15286115.401893316	9.809535482045647e+28
14997537.154479729	9.723463543843663e+28
14688142.03294617	9.666358436055068e+28
14358316.41565612	9.637990661017824e+28
14008972.575546002	9.545104689135097e+28
13640721.237441957	9.51411569099388e+28
13254656.007984517	9.448209933968075e+28
12851441.057328941	9.381184945110968e+28
12432338.276044454	9.363783548271977e+28
11997994.595764743	9.280486704373593e+28
11549585.631095167	9.235916302211732e+28
11088562.14123364	9.194466963440292e+28
10615890.111055218	9.107658690340718e+28
10133316.553823827	9.076520797024288e+28
9642274.524198115	9.01074361631922e+28
9145174.293035643	8.93953943052501e+28
8643783.20875761	8.908736462093688e+28
8140702.517596377	8.828302699226821e+28
7638317.4338331865	8.77000798326701e+28
7139476.682502716	8.735568394798726e+28
6648216.651854841	8.654990484309315e+28
6166866.858462244	8.60096423083338e+28
5700539.755145998	8.571197081515294e+28
5253500.171314359	8.497386700784619e+28
4833843.295029328	8.456431012506607e+28
4450521.261886071	8.422560571843876e+28
4114951.4270401765	8.354124338695455e+28
3842812.9189436208	8.317780406455144e+28
3649455.642969236	8.283449067925677e+28
3550943.164850712	8.213687746652408e+28
3556782.260695755	8.182773609200293e+28
3667408.0179331	8.144197610568387e+28
3875062.691105783	8.07865528268147e+28
4162959.2611506544	8.05343670047992e+28
4516985.934226495	8.007945541157215e+28
4919434.086355869	7.944965613530093e+28
5358012.826599055	7.921935468103369e+28
5821706.7926854575	7.877681585222744e+28
6303227.082217489	7.8197333377970835e+28
6794709.559650067	7.799028422480449e+28
7291438.884061223	7.753687276739258e+28
7791210.3745182	7.704465268600029e+28
8290331.914344564	7.685336120439396e+28
8786760.967501052	7.647574475837255e+28
9279569.31974755	7.605037366975276e+28
9767825.893718623	7.589988398821588e+28
10251003.056818392	7.547600309315307e+28
10728291.22425841	7.512432432786752e+28
11199541.683854746	7.501329314680558e+28
11664132.815173188	7.451207228022357e+28
12121526.084614921	7.414875263660881e+28
12571709.12087931	7.3987745462652645e+28
13013528.35513874	7.340089755341315e+28
13447130.061094822	7.302687623439924e+28
13870493.69705347	7.269958221601362e+28
14283037.701063454	7.203166373347167e+28
14683064.998153485	7.166601188231123e+28
15069527.55762436	7.116367565972133e+28
15440782.661834212	7.049479930152181e+28
15794726.881146127	7.006597848355458e+28
16130176.415650263	6.948029265736306e+28
16444721.97545462	6.880757205484304e+28
16737133.185823668	6.837683059479577e+28
17005971.323332284	6.784357204743755e+28
17250378.841347225	6.723379839681999e+28
17469545.78745538	6.686027967132127e+28
17664213.050685275	6.642066912507143e+28
17834860.79816717	6.595024591478475e+28
17983592.53493306	6.555889317264657e+28
18111326.283983182	6.516868604452495e+28
18219409.80433779	6.485609139999206e+28
18309119.303232476	6.446414041633497e+28
18381358.801786117	6.441716220634427e+28
18436971.704160094	6.387936438571744e+28
18475840.626342285	6.357311581240994e+28
18499074.423602927	6.322876315234289e+28
18506495.133330893	6.289856228799435e+28
18476482.472050786	6.2391813287663e+28
18388586.917161416	6.157341475258385e+28
18242325.48991493	6.099184405873444e+28
18037410.964160018	6.036649599024785e+28
17772685.177260075	5.966532274020023e+28
17451426.34543091	5.918840673430582e+28
17076972.664380535	5.854821616042357e+28
16656800.989457726	5.802670204733686e+28
16199229.596437601	5.756509527853545e+28
15712667.274845475	5.689956228713627e+28
15207883.377380298	5.6357548176274496e+28
14695551.160130063	5.569687989275392e+28
14185900.383126901	5.486187164701544e+28
13692390.829216057	5.410611975356029e+28
13224683.115296187	5.317887682722617e+28
12797671.403032662	5.2245511894534625e+28
12424302.82068173	5.140227302714058e+28
12116725.85519702	5.05196824301952e+28
11883736.572728293	4.979387367998961e+28
11731647.435330642	4.9006911282405625e+28
11665811.423831606	4.825818386966991e+28
11686907.452358812	4.747959685394494e+28
11796013.652925296	4.6698102563017455e+28
11991231.26788905	4.592769191037814e+28
12270253.938692547	4.51393192193803e+28
12625448.30768397	4.439606995063198e+28
13052236.217981959	4.362052738417517e+28
13541053.124480382	4.290388180776869e+28
14082699.001966918	4.21414612787726e+28
14666266.42196302	4.1443956508778045e+28
15282539.879221648	4.070997042290289e+28
15922876.235781021	4.0040359217651195e+28
16579357.394362424	3.932098807983167e+28
17245937.544027578	3.866917513882911e+28
17919047.89908214	3.7974465899805667e+28
18594619.91222192	3.731642795003979e+28
19270752.254387993	3.6640092993282864e+28
19944288.189103168	3.5972151853945115e+28
20612772.76593326	3.5293546882008797e+28
21272363.22320583	3.46245210469631e+28
21919246.573958695	3.3955522156300236e+28
22550928.936963994	3.3296529125464238e+28
23163546.583586894	3.2639731228234573e+28
23750897.738401383	3.1990804088173013e+28
24309902.471626658	3.1351262196298413e+28
24836971.62900502	3.0704419990066975e+28
25330538.163450062	3.0106663213124746e+28
25789866.38585008	2.9478103627911553e+28
26216252.11606152	2.8913600159143416e+28
26613450.77903307	2.8279814347197536e+28
26984078.588791948	2.775031698827879e+28
27330830.06569687	2.7178263895411534e+28
27655503.19647068	2.6643867780651567e+28
27960358.407574102	2.6114093120272044e+28
28246624.27211436	2.556011995849341e+28
28516108.984221533	2.5077368636962825e+28
28768308.656054147	2.452118503954382e+28
29006216.05621802	2.40584377239726e+28
29229371.462451946	2.355040755766143e+28
29439181.816925548	2.305755317437606e+28
29637001.991429564	2.260094851721702e+28
29824371.183647774	2.2095934365852443e+28
30002705.493005123	2.1684786806876624e+28
30174093.92343041	2.1205023702628603e+28
30341365.805283055	2.0765698135252988e+28
30505680.159603067	2.0350158432257786e+28
30670967.304185234	1.9886171150215364e+28
30839736.134095635	1.9492240784253157e+28
31011728.588545337	1.905760142110755e+28
31191529.31999327	1.8664108061071432e+28
31379986.26609005	1.8267098932643113e+28
31579884.436140675	1.7850056487328732e+28
31792176.664865207	1.7489552015715726e+28
32018240.3834127	1.70826496538772e+28
32260396.51104741	1.6731864515150574e+28
32518897.853402104	1.636637308764732e+28
32795790.187918935	1.598078591729817e+28
33091134.44489324	1.5670965159486182e+28
33405483.46963414	1.5293719069137403e+28
33738251.66898843	1.4964462778914102e+28
34091384.68411044	1.4668124056274963e+28
34465016.22007452	1.430670923294346e+28
34857022.917914264	1.4013827452601691e+28
35269132.763650425	1.3733731344687768e+28
35700936.87146039	1.3393093604404536e+28
36151250.468275644	1.312000791714917e+28
