1252545.300577987	2.74316501960501e+30
1878935.7014011953	2.735743427631257e+30
2503157.1285079177	2.7310367709111954e+30
3123838.4977460024	2.728486917625973e+30
3739314.5481491666	2.7222067281245514e+30
4348144.363978731	2.717862748338516e+30
4949610.996836014	2.716345780302513e+30
5543431.050351398	2.711384511156641e+30
6129457.075467615	2.7098877048447945e+30
6707103.242085961	2.707034097763913e+30
7276729.200678009	2.7030918737942496e+30
7837824.078786153	2.7027534153675267e+30
8389777.643060632	2.699301665229247e+30
8933067.730763046	2.6945995092478073e+30
9467198.226379385	2.693940565675712e+30
9991428.397726724	2.6880119943446205e+30
10506204.98086726	2.6848293691823486e+30
11010643.198741844	2.6824549529781877e+30
11503614.731465932	2.673409631356522e+30
11984106.34632387	2.669966942487396e+30
12449918.464391645	2.662605436070456e+30
12900176.244144885	2.6512391372910887e+30
13333091.31634521	2.644668813092303e+30
13746115.096273564	2.63270211015951e+30
14137616.966801727	2.62083798152815e+30
14505256.264196094	2.6107795632660816e+30
14847445.286311043	2.5970604193046335e+30
15162865.885115517	2.585903774228803e+30
15450661.103007857	2.575691676561478e+30
15710391.590600153	2.561345894538058e+30
15942739.852359131	2.553192941862631e+30
16147968.85989071	2.543826677253247e+30
16327002.429411223	2.530000267633251e+30
16481116.38967458	2.5243701655284463e+30
16611015.835149877	2.5166164645547752e+30
16717768.062093578	2.5051928531130016e+30
16802187.02221827	2.500296308527547e+30
16864796.395154018	2.4920148508201963e+30
16907930.20153561	2.4858002630148054e+30
16927227.81497313	2.4749037220561761e+30
16922758.425564077	2.4658718042601482e+30
16894656.83729622	2.4593694178377027e+30
16842541.197812166	2.4455464362028143e+30
16766259.931481438	2.4397464384508336e+30
16665643.727441194	2.427775799277584e+30
16540610.915259449	2.41571573782795e+30
16390892.151740855	2.4063108814016956e+30
16217076.121175481	2.3911370049766917e+30
16018963.930604253	2.3804896610586613e+30
15797522.492466977	2.367601327960979e+30
15552924.629792301	2.3558254602499294e+30
15286115.401893316	2.342253411405028e+30
14997537.154479729	2.3295143593024117e+30
14688142.03294617	2.316734098644333e+30
14358316.41565612	2.3025804630660003e+30
14008972.575546002	2.2914654124247675e+30
13640721.237441957	2.2780591265785057e+30
13254656.007984517	2.2654101327890314e+30
12851441.057328941	2.2535503297315723e+30
12432338.276044454	2.239629435835935e+30
11997994.595764743	2.228300483543715e+30
11549585.631095167	2.2154152914180133e+30
11088562.14123364	2.2010956770759732e+30
10615890.111055218	2.1887907541231146e+30
10133316.553823827	2.1743259020422763e+30
9642274.524198115	2.161003691393449e+30
9145174.293035643	2.1473288240777303e+30
8643783.20875761	2.131580822755326e+30
8140702.517596377	2.1196081361946764e+30
7638317.4338331865	2.105919636223932e+30
7139476.682502716	2.09066479608198e+30
6648216.651854841	2.0794057409494027e+30
6166866.858462244	2.0662777082492787e+30
5700539.755145998	2.0538128825771895e+30
5253500.171314359	2.0429248876978486e+30
4833843.295029328	2.030626643108234e+30
4450521.261886071	2.0200539659793144e+30
4114951.4270401765	2.0086912822122993e+30
3842812.9189436208	1.9977569733479872e+30
3649455.642969236	1.9875208103601803e+30
3550943.164850712	1.9758429375450027e+30
3556782.260695755	1.9655655163527563e+30
3667408.0179331	1.9549490899190178e+30
3875062.691105783	1.9439686820987833e+30
4162959.2611506544	1.9331497096074512e+30
4516985.934226495	1.9221216497800276e+30
4919434.086355869	1.911635836909185e+30
5358012.826599055	1.900790670630888e+30
5821706.7926854575	1.8903429286170445e+30
6303227.082217489	1.8801157440958355e+30
6794709.559650067	1.8698311996615477e+30
7291438.884061223	1.8599840371280967e+30
7791210.3745182	1.8504202451382762e+30
8290331.914344564	1.841006472094952e+30
8786760.967501052	1.8320734499498373e+30
9279569.31974755	1.8229885895292815e+30
9767825.893718623	1.8145519726065787e+30
10251003.056818392	1.805668077748422e+30
10728291.22425841	1.7969035171150055e+30
11199541.683854746	1.7884842989214133e+30
11664132.815173188	1.7790458743482444e+30
12121526.084614921	1.769935548883289e+30
12571709.12087931	1.7604170607699047e+30
13013528.35513874	1.750455050000633e+30
13447130.061094822	1.7399600030144676e+30
13870493.69705347	1.7287397561261255e+30
14283037.701063454	1.7173884313293834e+30
14683064.998153485	1.7055552689027034e+30
15069527.55762436	1.6931004935628484e+30
15440782.661834212	1.6806710173154194e+30
15794726.881146127	1.6676686715021845e+30
16130176.415650263	1.6545648988061414e+30
16444721.97545462	1.6416642600114405e+30
16737133.185823668	1.6288773218655976e+30
17005971.323332284	1.6163260837866593e+30
17250378.841347225	1.6039747232018422e+30
17469545.78745538	1.592013765207747e+30
17664213.050685275	1.5806208336242532e+30
17834860.79816717	1.5697895571318078e+30
17983592.53493306	1.5589773869755716e+30
18111326.283983182	1.549346289054776e+30
18219409.80433779	1.5387276639146185e+30
18309119.303232476	1.5300051788798688e+30
18381358.801786117	1.5207188978028812e+30
18436971.704160094	1.5118488235003048e+30
18475840.626342285	1.502470604577148e+30
18499074.423602927	1.492606335948885e+30
18506495.133330893	1.4825765968892425e+30
18476482.472050786	1.4628526880655802e+30
18388586.917161416	1.4432398329690213e+30
18242325.48991493	1.4227208586134184e+30
18037410.964160018	1.4026357349426417e+30
17772685.177260075	1.3830192144931596e+30
17451426.34543091	1.363685191651611e+30
17076972.664380535	1.3443060386875626e+30
16656800.989457726	1.3254391108548455e+30
16199229.596437601	1.306908295892698e+30
15712667.274845475	1.287345085322251e+30
15207883.377380298	1.26778825176754e+30
14695551.160130063	1.2477080823448413e+30
14185900.383126901	1.226972620623826e+30
13692390.829216057	1.2060261030905604e+30
13224683.115296187	1.1848408040859273e+30
12797671.403032662	1.1637554653864076e+30
12424302.82068173	1.1435288641058831e+30
12116725.85519702	1.1237507734762655e+30
11883736.572728293	1.1048556963243756e+30
11731647.435330642	1.0870481762054855e+30
11665811.423831606	1.0694639569830405e+30
11686907.452358812	1.0524288910438144e+30
11796013.652925296	1.0355330367809464e+30
11991231.26788905	1.0188582673489889e+30
12270253.938692547	1.0021056650035787e+30
12625448.30768397	9.857798715395638e+29
13052236.217981959	9.691660418228003e+29
13541053.124480382	9.533796416385464e+29
14082699.001966918	9.369942980261938e+29
14666266.42196302	9.2161824651746e+29
15282539.879221648	9.058176876093191e+29
15922876.235781021	8.908097600211281e+29
16579357.394362424	8.756409257324225e+29
17245937.544027578	8.609153545896322e+29
17919047.89908214	8.460679291594796e+29
18594619.91222192	8.314721143575339e+29
19270752.254387993	8.167616799342538e+29
19944288.189103168	8.020753848116748e+29
20612772.76593326	7.872701409673433e+29
21272363.22320583	7.725481712283525e+29
21919246.573958695	7.578270898382309e+29
22550928.936963994	7.431530256610109e+29
23163546.583586894	7.284348994383327e+29
23750897.738401383	7.139873126116493e+29
24309902.471626658	6.996802598819352e+29
24836971.62900502	6.85600987845106e+29
25330538.163450062	6.719755600398198e+29
25789866.38585008	6.584806800155167e+29
26216252.11606152	6.454985926653173e+29
26613450.77903307	6.3268005329909154e+29
26984078.588791948	6.202050701256693e+29
27330830.06569687	6.079782820586104e+29
27655503.19647068	5.9603761780588496e+29
27960358.407574102	5.842356483829714e+29
28246624.27211436	5.7260341512613465e+29
28516108.984221533	5.612550035847296e+29
28768308.656054147	5.499866621319399e+29
29006216.05621802	5.390073026960238e+29
29229371.462451946	5.2815173323084124e+29
29439181.816925548	5.175241092635656e+29
29637001.991429564	5.0709002045700676e+29
29824371.183647774	4.966859255789509e+29
30002705.493005123	4.866604929000604e+29
30174093.92343041	4.7662743037964086e+29
30341365.805283055	4.667814242581286e+29
30505680.159603067	4.571627574386185e+29
30670967.304185234	4.475748478424011e+29
30839736.134095635	4.382138624770177e+29
31011728.588545337	4.289128052976837e+29
31191529.31999327	4.198100417921079e+29
31379986.26609005	4.1079308079215165e+29
31579884.436140675	4.018376122406785e+29
31792176.664865207	3.9318708301754436e+29
32018240.3834127	3.8449272054342124e+29
32260396.51104741	3.761009923367593e+29
32518897.853402104	3.678046043224065e+29
32795790.187918935	3.596042470223986e+29
33091134.44489324	3.517667484733583e+29
33405483.46963414	3.439011704418813e+29
33738251.66898843	3.3634478967929995e+29
34091384.68411044	3.290043221182809e+29
34465016.22007452	3.216656196153461e+29
34857022.917914264	3.146843391015418e+29
35269132.763650425	3.07869493444192e+29
35700936.87146039	3.0105701202405744e+29
36151250.468275644	2.945523761996815e+29
