1252545.300577987	5.010081865781029e-19
1878935.7014011953	5.009651742460445e-19
2503157.1285079177	5.001173198292565e-19
3123838.4977460024	4.996499376201812e-19
3739314.5481491666	4.989358191929541e-19
4348144.363978731	4.990714199443003e-19
4949610.996836014	4.982027927267407e-19
5543431.050351398	4.9897457227341e-19
6129457.075467615	4.984407875551202e-19
6707103.242085961	4.989158362676633e-19
7276729.200678009	4.984656915162407e-19
7837824.078786153	4.978931966467753e-19
8389777.643060632	4.980897082473271e-19
8933067.730763046	4.972116898045357e-19
9467198.226379385	4.964834697096813e-19
9991428.397726724	4.956234815854102e-19
10506204.98086726	4.934325021305494e-19
11010643.198741844	4.924287941573144e-19
11503614.731465932	4.895235413453857e-19
11984106.34632387	4.863500145897993e-19
12449918.464391645	4.835522372304262e-19
12900176.244144885	4.79983440435572e-19
13333091.31634521	4.758799745261114e-19
13746115.096273564	4.715497353093969e-19
14137616.966801727	4.677425603574384e-19
14505256.264196094	4.634055062147876e-19
14847445.286311043	4.597921781646431e-19
15162865.885115517	4.560137613746301e-19
15450661.103007857	4.540567835804676e-19
15710391.590600153	4.505167019215679e-19
15942739.852359131	4.4945627894851055e-19
16147968.85989071	4.475529200262898e-19
16327002.429411223	4.471258069541942e-19
16481116.38967458	4.457020561355608e-19
16611015.835149877	4.458000496232002e-19
16717768.062093578	4.454286079706293e-19
16802187.02221827	4.439827841920516e-19
16864796.395154018	4.431357712439585e-19
16907930.20153561	4.420092335698342e-19
16927227.81497313	4.396720367922342e-19
16922758.425564077	4.375000502446674e-19
16894656.83729622	4.349053624889906e-19
16842541.197812166	4.328076770632029e-19
16766259.931481438	4.301284359422102e-19
16665643.727441194	4.2687500161033444e-19
16540610.915259449	4.2398336375843863e-19
16390892.151740855	4.2102452652581155e-19
16217076.121175481	4.1722509106506555e-19
16018963.930604253	4.1494868470227853e-19
15797522.492466977	4.1120781212973083e-19
15552924.629792301	4.0891835499335883e-19
15286115.401893316	4.0546730452584446e-19
14997537.154479729	4.0299686975991086e-19
14688142.03294617	4.0020811719946996e-19
14358316.41565612	3.9851242338703486e-19
14008972.575546002	3.9629318956071467e-19
13640721.237441957	3.944225884533633e-19
13254656.007984517	3.9187255683478734e-19
12851441.057328941	3.903373698808398e-19
12432338.276044454	3.876246283344339e-19
11997994.595764743	3.85852511268867e-19
11549585.631095167	3.8300866552142287e-19
11088562.14123364	3.7962641190110828e-19
10615890.111055218	3.768045272062094e-19
10133316.553823827	3.7374044132701947e-19
9642274.524198115	3.704199896135588e-19
9145174.293035643	3.668071043853641e-19
8643783.20875761	3.642018526080767e-19
8140702.517596377	3.6088205176079126e-19
7638317.4338331865	3.5843260695785166e-19
7139476.682502716	3.5623678488977786e-19
6648216.651854841	3.5348733719300106e-19
6166866.858462244	3.524150835478491e-19
5700539.755145998	3.5033223985110226e-19
5253500.171314359	3.4946381928057725e-19
4833843.295029328	3.474378526091334e-19
4450521.261886071	3.459120478858651e-19
4114951.4270401765	3.444476794067067e-19
3842812.9189436208	3.4259406882740726e-19
3649455.642969236	3.411793337525981e-19
3550943.164850712	3.3900837159617434e-19
3556782.260695755	3.3702069785238987e-19
3667408.0179331	3.3496931875059254e-19
3875062.691105783	3.324989850561736e-19
4162959.2611506544	3.3116839524056393e-19
4516985.934226495	3.283181869835005e-19
4919434.086355869	3.2677205037327236e-19
5358012.826599055	3.247407290533806e-19
5821706.7926854575	3.228505451941286e-19
6303227.082217489	3.2067917019635107e-19
6794709.559650067	3.1939559495683806e-19
7291438.884061223	3.1832571047551585e-19
7791210.3745182	3.1629993185913323e-19
8290331.914344564	3.1517408537190223e-19
8786760.967501052	3.140667919080183e-19
9279569.31974755	3.1271187663177174e-19
9767825.893718623	3.1123758669589434e-19
10251003.056818392	3.095424442817224e-19
10728291.22425841	3.082352927212271e-19
11199541.683854746	3.0616970059372147e-19
11664132.815173188	3.0440701585904364e-19
12121526.084614921	3.02382960492858e-19
12571709.12087931	2.9976764660287933e-19
13013528.35513874	2.974144556599525e-19
13447130.061094822	2.93970678568448e-19
13870493.69705347	2.9135842246732683e-19
14283037.701063454	2.881971328859613e-19
14683064.998153485	2.8514298976382663e-19
15069527.55762436	2.8167064358897173e-19
15440782.661834212	2.782623533650131e-19
15794726.881146127	2.7503676700148473e-19
16130176.415650263	2.71589643550839e-19
16444721.97545462	2.6884773060003825e-19
16737133.185823668	2.664607794190355e-19
17005971.323332284	2.6357769847276096e-19
17250378.841347225	2.609496407091488e-19
17469545.78745538	2.5911132126095324e-19
17664213.050685275	2.5694364709076625e-19
17834860.79816717	2.556893034693581e-19
17983592.53493306	2.5349597749269425e-19
18111326.283983182	2.5222934189845926e-19
18219409.80433779	2.50636416736926e-19
18309119.303232476	2.4923792370173087e-19
18381358.801786117	2.4751373828230014e-19
18436971.704160094	2.4581377605063327e-19
18475840.626342285	2.4441302323275498e-19
18499074.423602927	2.416420771582231e-19
18506495.133330893	2.3992917223156133e-19
18476482.472050786	2.327704500603767e-19
18388586.917161416	2.289281697295642e-19
18242325.48991493	2.2508759664774904e-19
18037410.964160018	2.210817943222134e-19
17772685.177260075	2.1774219561738595e-19
17451426.34543091	2.1390254925125323e-19
17076972.664380535	2.107220039721524e-19
16656800.989457726	2.0727161124076463e-19
16199229.596437601	2.0358187008403135e-19
15712667.274845475	1.9989181532107793e-19
15207883.377380298	1.9592175457595603e-19
14695551.160130063	1.9174177868773233e-19
14185900.383126901	1.876831659360027e-19
13692390.829216057	1.8306434889398681e-19
13224683.115296187	1.790557318045787e-19
12797671.403032662	1.7474336823803323e-19
12424302.82068173	1.708751566022342e-19
12116725.85519702	1.6740499378283572e-19
11883736.572728293	1.6438473189844407e-19
11731647.435330642	1.6168920194392004e-19
11665811.423831606	1.5872757772623709e-19
11686907.452358812	1.560364432095168e-19
11796013.652925296	1.5319829504879355e-19
11991231.26788905	1.5038875198626063e-19
12270253.938692547	1.4740647669964786e-19
12625448.30768397	1.4472556609881213e-19
13052236.217981959	1.4168816200632707e-19
13541053.124480382	1.3879127367547804e-19
14082699.001966918	1.3592718201197781e-19
14666266.42196302	1.3327118050078492e-19
15282539.879221648	1.3058460441044025e-19
15922876.235781021	1.278200628974185e-19
16579357.394362424	1.2521304589713972e-19
17245937.544027578	1.2252234761502944e-19
17919047.89908214	1.197821325827158e-19
18594619.91222192	1.1707666187542094e-19
19270752.254387993	1.141834478287938e-19
19944288.189103168	1.112001633449002e-19
20612772.76593326	1.0819466031560929e-19
21272363.22320583	1.0522345287487192e-19
21919246.573958695	1.0228674368547916e-19
22550928.936963994	9.916268315197066e-20
23163546.583586894	9.598992659797332e-20
23750897.738401383	9.31366092495494e-20
24309902.471626658	9.018989637373304e-20
24836971.62900502	8.736756134028043e-20
25330538.163450062	8.454428917789806e-20
25789866.38585008	8.191819368490996e-20
26216252.11606152	7.952247807905703e-20
26613450.77903307	7.712259698315308e-20
26984078.588791948	7.490538269480085e-20
27330830.06569687	7.280855802632399e-20
27655503.19647068	7.081139163108947e-20
27960358.407574102	6.887797559679444e-20
28246624.27211436	6.701801448996674e-20
28516108.984221533	6.512906133698872e-20
28768308.656054147	6.342425780303812e-20
29006216.05621802	6.16031935108848e-20
29229371.462451946	6.004729085629882e-20
29439181.816925548	5.849259239461397e-20
29637001.991429564	5.692772896212713e-20
29824371.183647774	5.535869613534048e-20
30002705.493005123	5.385221197432855e-20
30174093.92343041	5.233208071394452e-20
30341365.805283055	5.076649336517798e-20
30505680.159603067	4.930364754397502e-20
30670967.304185234	4.773678945704469e-20
30839736.134095635	4.622554929131734e-20
31011728.588545337	4.486805762178559e-20
31191529.31999327	4.339707862003336e-20
31379986.26609005	4.200655585034042e-20
31579884.436140675	4.0569259584083105e-20
31792176.664865207	3.9213809555685166e-20
32018240.3834127	3.7872039777333407e-20
32260396.51104741	3.650092349066858e-20
32518897.853402104	3.5190764028867444e-20
32795790.187918935	3.383324587066765e-20
33091134.44489324	3.254441364606427e-20
33405483.46963414	3.1254492591950645e-20
33738251.66898843	3.004249634540179e-20
34091384.68411044	2.879112300898861e-20
34465016.22007452	2.755449410779456e-20
34857022.917914264	2.647898405006361e-20
35269132.763650425	2.537791720319174e-20
35700936.87146039	2.4335314381747843e-20
36151250.468275644	2.3399729766451656e-20
