1184864.8734269238	2.9354366951570278e+29
1778042.7346610655	2.9100366105038195e+29
2370892.576664114	2.889332287146437e+29
2962420.9633137896	2.874075017166136e+29
3551707.5982801565	2.8644040609728093e+29
4137776.183589562	2.8376857086978467e+29
4720268.547729144	2.817160484259477e+29
5299054.363287943	2.7978991366348624e+29
5874065.193618555	2.7894110754870534e+29
6444624.525996918	2.771329515454738e+29
7010884.294743495	2.7456308498147757e+29
7572490.645757246	2.7264963923687902e+29
8128458.678955131	2.7146321007169824e+29
8679208.14126963	2.703826750190056e+29
9224241.802895293	2.6794044546658815e+29
9762897.161461908	2.6597285360059365e+29
10295517.702004159	2.6474253848955707e+29
10822247.594658006	2.6349842745835157e+29
11342418.24457558	2.6158803393095837e+29
11856428.55057462	2.5948383324445273e+29
12362644.268880384	2.57881789015709e+29
12862673.387320422	2.5683892109404424e+29
13355777.199507372	2.5545159939924323e+29
13841923.215394635	2.5328350954099162e+29
14321127.209925937	2.513925979575082e+29
14792699.508773947	2.5000490871289546e+29
15256594.262248734	2.4879314796454714e+29
15712711.01054433	2.4700923823530475e+29
16161681.281131646	2.4478179190061325e+29
16601601.875568544	2.4303353341838808e+29
17034176.915380474	2.4166947801029013e+29
17457359.377096698	2.4017062756151315e+29
17871748.111678414	2.382361657922987e+29
18277099.425917696	2.361626038986566e+29
18673644.56657781	2.3436085994246517e+29
19060515.018091224	2.3294792527498144e+29
19437127.113667827	2.313462694942609e+29
19804495.156072047	2.2905507554975933e+29
20183684.49488054	2.2704883502501048e+29
20551455.867428977	2.251933309985272e+29
20907815.758344553	2.2374067057209163e+29
21252384.390483838	2.2173377855247783e+29
21585233.899378553	2.1970836795104376e+29
21906492.38757499	2.178306638140235e+29
22216201.333236087	2.1604760021487016e+29
22514473.03982221	2.1450349792337075e+29
22800948.79606726	2.1256428542730945e+29
23076598.074562054	2.1074126022492722e+29
23340920.476375412	2.0890861676345575e+29
23594542.59107137	2.0733068197819257e+29
23837388.176729452	2.0581345598049462e+29
24069926.114034522	2.0393730539701474e+29
24292043.77236467	2.0228753339809348e+29
24503883.765107132	2.0062938080249493e+29
24706705.847099103	1.990474217422174e+29
24899188.738344084	1.9741422940797432e+29
25082683.367324974	1.9570672484566858e+29
25255496.661960162	1.9400438747911648e+29
25419890.987572722	1.9239482336241688e+29
25574399.03600241	1.907810555791136e+29
25720191.752964847	1.893482161115133e+29
25857349.83527277	1.876394792794087e+29
25984299.440810043	1.8597054107198212e+29
26104128.829993173	1.842902257156656e+29
26213878.37324117	1.8264039454059132e+29
26315764.3966783	1.8107960460514392e+29
26408907.662341528	1.7944969046169416e+29
26493178.38498961	1.778160154967826e+29
26569932.073844694	1.7630897018186048e+29
26637817.04009262	1.7488639682809165e+29
26697975.111799788	1.731661200614955e+29
26750145.465501323	1.7147167854667668e+29
26794624.943534493	1.69807445359945e+29
26831143.150903597	1.684542538967637e+29
26859342.511582095	1.668401648219015e+29
26880505.743007906	1.652627674033635e+29
26894054.554824583	1.6378203017944156e+29
26900983.17359202	1.6233735855836865e+29
26900347.872495644	1.6084258190743717e+29
26892557.88154561	1.5933583745812967e+29
26878521.485987302	1.5758013820978304e+29
26857997.167914085	1.5607259976431713e+29
26830879.734166022	1.5483619096865755e+29
26797810.630181726	1.5317996947920564e+29
26758568.09976724	1.5162867968149783e+29
26714133.97080806	1.5030100395681256e+29
26662824.405026585	1.4911387832015808e+29
26607482.584173214	1.478382114440127e+29
26546278.23731005	1.4630494324857897e+29
26480371.619939193	1.4463605419459826e+29
26409012.557550896	1.4307321328191023e+29
26333737.86736097	1.4190121993809511e+29
26254458.79219149	1.406734157770048e+29
26171341.6254666	1.3931359465123878e+29
26084461.03148158	1.3794871015599656e+29
25993332.48975362	1.3659682609786057e+29
25899620.264260266	1.3514542409324567e+29
25803362.23953927	1.3371781035311128e+29
25703761.479419332	1.3248844403048217e+29
25602398.602218527	1.3127659970992953e+29
25498688.939960834	1.2996594937119285e+29
25392418.082783706	1.2859692284682774e+29
25285376.57293007	1.2718642051638469e+29
25176178.170899592	1.2569006626504653e+29
25065240.962832995	1.2434325264090535e+29
24954124.573843118	1.231853528221854e+29
24841223.715326123	1.2198702452807716e+29
24728576.110704012	1.207071432285456e+29
24614742.18440813	1.1938700175922183e+29
24500713.334531326	1.1801705352322217e+29
24387089.78596833	1.1649901404632452e+29
24273662.779664733	1.1516540038209649e+29
24161023.37101806	1.1401079120569731e+29
24049577.026028566	1.1291114961252579e+29
23938615.360560875	1.1168958219775708e+29
23828645.982197165	1.1039623522954216e+29
23720515.475656956	1.090532140985964e+29
23614583.695500143	1.076017795858546e+29
23509688.738623932	1.0621865687678133e+29
23407812.736079827	1.0501025339671042e+29
23308055.90702453	1.039633758464797e+29
23210575.40495024	1.0285879196987024e+29
23115490.39278382	1.0168551525216298e+29
23022784.251712065	1.0047681752266486e+29
22932655.66555433	9.916485381441366e+28
22845752.513954997	9.775437770968136e+28
22762806.3819662	9.647414978300747e+28
22681961.32059309	9.536359510522304e+28
22533099.42437749	9.343878964808283e+28
22399782.41918615	9.132525742719752e+28
22282674.860996403	8.894215057913973e+28
22185204.86281073	8.669407091051207e+28
22107969.07761726	8.489792725377736e+28
22052989.49351042	8.315648542831303e+28
22019861.82578994	8.113568691168827e+28
22008969.213229433	7.892701192947366e+28
22019724.401610505	7.697786233856117e+28
22054252.49621671	7.534607567050481e+28
22111074.50118336	7.37867019313758e+28
22192130.890225053	7.200218843386353e+28
22295983.040065333	7.006591634272311e+28
22423825.3840615	6.830862737177675e+28
22575210.437133934	6.679239494907725e+28
22750840.380102027	6.541914006843452e+28
22950130.83733687	6.3956988883604156e+28
23173468.27406034	6.230583355665974e+28
23421469.582690172	6.063777950049273e+28
23692562.25824638	5.915723207256407e+28
23987138.66072569	5.7792881417993355e+28
24304967.46990789	5.652649637928515e+28
24644703.846211683	5.525644474479373e+28
25006097.840824366	5.380172469297526e+28
25388150.136969037	5.2320774044409035e+28
25790740.39877648	5.096044964688962e+28
26212301.0707622	4.968935559849889e+28
26650089.256501205	4.850297926518363e+28
27103711.15134385	4.739256184439431e+28
27572967.18588482	4.631818299027726e+28
28058569.319601476	4.5100099217458205e+28
28559006.704580624	4.389232456429743e+28
29076382.725134168	4.274880743283918e+28
29611011.902183976	4.166147256064943e+28
30167852.982117914	4.062724036232812e+28
30750335.95731079	3.963131417008628e+28
31357151.436341297	3.8660328219034675e+28
31977675.28895121	3.771038772183313e+28
32608814.592998028	3.6705108779399462e+28
33248592.97663408	3.5704791926653534e+28
33896886.617409	3.474731287442184e+28
34555759.6221481	3.383221434928507e+28
35225556.50961218	3.295942295019295e+28
35910282.73686635	3.212321778537505e+28
36615280.86994391	3.130617429845734e+28
37335552.99011762	3.051005527961084e+28
38063305.825888015	2.9733962911325783e+28
38797613.69847997	2.8970539864736702e+28
39535894.58214245	2.8221067934116674e+28
40278212.533138566	2.749300368408296e+28
41023782.06780648	2.678620786472399e+28
