1184864.8734269238	2.3709581001314492e+29
1778042.7346610655	2.3510405260690853e+29
2370892.576664114	2.333401046347188e+29
2962420.9633137896	2.323544039262021e+29
3551707.5982801565	2.3188111379118924e+29
4137776.183589562	2.3011386288766032e+29
4720268.547729144	2.2818085993735357e+29
5299054.363287943	2.269503032732666e+29
5874065.193618555	2.2650631063045833e+29
6444624.525996918	2.2528678234354307e+29
7010884.294743495	2.2319076319100924e+29
7572490.645757246	2.2166207938744344e+29
8128458.678955131	2.2096339114517902e+29
8679208.14126963	2.202482793421249e+29
9224241.802895293	2.182099711884901e+29
9762897.161461908	2.1658641381226975e+29
10295517.702004159	2.1569094897445626e+29
10822247.594658006	2.1517407261495264e+29
11342418.24457558	2.1379445601170353e+29
11856428.55057462	2.1199386928637416e+29
12362644.268880384	2.1072318712923902e+29
12862673.387320422	2.101628747389906e+29
13355777.199507372	2.0933801889174408e+29
13841923.215394635	2.073643052655578e+29
14321127.209925937	2.0578851304447552e+29
14792699.508773947	2.0478397992984955e+29
15256594.262248734	2.041737499997171e+29
15712711.01054433	2.0257614676008443e+29
16161681.281131646	2.0069014613900314e+29
16601601.875568544	1.9934632837195854e+29
17034176.915380474	1.983868879448651e+29
17457359.377096698	1.9759190928961817e+29
17871748.111678414	1.95669711693639e+29
18277099.425917696	1.9395429978626803e+29
18673644.56657781	1.9253088630524456e+29
19060515.018091224	1.9172611296521337e+29
19437127.113667827	1.9062565908075093e+29
19804495.156072047	1.886717781415414e+29
20183684.49488054	1.8681763221947806e+29
20551455.867428977	1.8554982294794334e+29
20907815.758344553	1.847125123110049e+29
21252384.390483838	1.8313665717566174e+29
21585233.899378553	1.812619928614909e+29
21906492.38757499	1.796745804811428e+29
22216201.333236087	1.7846237228258047e+29
22514473.03982221	1.7770021274375954e+29
22800948.79606726	1.761274212894853e+29
23076598.074562054	1.7434400292728356e+29
23340920.476375412	1.7294841426661495e+29
23594542.59107137	1.718366279735809e+29
23837388.176729452	1.7101127790233053e+29
24069926.114034522	1.6945250530703307e+29
24292043.77236467	1.6776481929430677e+29
24503883.765107132	1.6643481829140838e+29
24706705.847099103	1.652713108987514e+29
24899188.738344084	1.6425782489684082e+29
25082683.367324974	1.6283113808241252e+29
25255496.661960162	1.6100482245059255e+29
25419890.987572722	1.5944363146682246e+29
25574399.03600241	1.5811072234514564e+29
25720191.752964847	1.5699530527956033e+29
25857349.83527277	1.5560720233735698e+29
25984299.440810043	1.5387393792734832e+29
26104128.829993173	1.522455990623184e+29
26213878.37324117	1.5085887473165448e+29
26315764.3966783	1.4969905262699405e+29
26408907.662341528	1.4845395988064257e+29
26493178.38498961	1.469454792315658e+29
26569932.073844694	1.453120075749381e+29
26637817.04009262	1.4391536876554216e+29
26697975.111799788	1.426372738448348e+29
26750145.465501323	1.4148118058573323e+29
26794624.943534493	1.40171738106008e+29
26831143.150903597	1.387285963314645e+29
26859342.511582095	1.3722721416058941e+29
26880505.743007906	1.3588867792969995e+29
26894054.554824583	1.3474478927990258e+29
26900983.17359202	1.3359079171283512e+29
26900347.872495644	1.3228355551287854e+29
26892557.88154561	1.3095345181694556e+29
26878521.485987302	1.2954322972851387e+29
26857997.167914085	1.2831818945968008e+29
26830879.734166022	1.2718999391927457e+29
26797810.630181726	1.2605685210559137e+29
26758568.09976724	1.24816150383411e+29
26714133.97080806	1.2359287434318457e+29
26662824.405026585	1.2234709762494273e+29
26607482.584173214	1.2116205155555514e+29
26546278.23731005	1.2003348523996328e+29
26480371.619939193	1.1897103807653092e+29
26409012.557550896	1.1775108632588737e+29
26333737.86736097	1.1667854044596451e+29
26254458.79219149	1.1553233984750333e+29
26171341.6254666	1.1434938678914423e+29
26084461.03148158	1.1324264433620297e+29
25993332.48975362	1.122155426785054e+29
25899620.264260266	1.1110950814216017e+29
25803362.23953927	1.0997641570806111e+29
25703761.479419332	1.0898344348735302e+29
25602398.602218527	1.0789888051474593e+29
25498688.939960834	1.0675928413948513e+29
25392418.082783706	1.057084837355773e+29
25285376.57293007	1.0469082688923942e+29
25176178.170899592	1.0357416073837703e+29
25065240.962832995	1.0249996325713783e+29
24954124.573843118	1.0153173559139917e+29
24841223.715326123	1.0054370258141979e+29
24728576.110704012	9.951342148902394e+28
24614742.18440813	9.849598238356974e+28
24500713.334531326	9.745260394354337e+28
24387089.78596833	9.631837018446568e+28
24273662.779664733	9.526924776887947e+28
24161023.37101806	9.435967069563827e+28
24049577.026028566	9.344989439737628e+28
23938615.360560875	9.248262641348522e+28
23828645.982197165	9.1469547824655e+28
23720515.475656956	9.045329194001436e+28
23614583.695500143	8.931898201729427e+28
23509688.738623932	8.823915287141505e+28
23407812.736079827	8.72997400722112e+28
23308055.90702453	8.648225618994911e+28
23210575.40495024	8.56427113776882e+28
23115490.39278382	8.468524203321055e+28
23022784.251712065	8.379524580807904e+28
22932655.66555433	8.279461707824174e+28
22845752.513954997	8.17099105817826e+28
22762806.3819662	8.072355690911573e+28
22681961.32059309	7.987573529199989e+28
22533099.42437749	7.846839617423285e+28
22399782.41918615	7.6839891661344105e+28
22282674.860996403	7.495075855002443e+28
22185204.86281073	7.309153433168424e+28
22107969.07761726	7.172941322921497e+28
22052989.49351042	7.039905278338073e+28
22019861.82578994	6.890675459165496e+28
22008969.213229433	6.708502586487404e+28
22019724.401610505	6.564096765888196e+28
22054252.49621671	6.439409652323305e+28
22111074.50118336	6.331533820392331e+28
22192130.890225053	6.195299107715797e+28
22295983.040065333	6.038909917729562e+28
22423825.3840615	5.901019936257405e+28
22575210.437133934	5.786528653839107e+28
22750840.380102027	5.6923497130957324e+28
22950130.83733687	5.573557943567946e+28
23173468.27406034	5.420874362137837e+28
23421469.582690172	5.263152195994828e+28
23692562.25824638	5.127155810966882e+28
23987138.66072569	5.011669530196187e+28
24304967.46990789	4.910631322887071e+28
24644703.846211683	4.808294480942687e+28
25006097.840824366	4.678674637323351e+28
25388150.136969037	4.5389088771452195e+28
25790740.39877648	4.413571261314882e+28
26212301.0707622	4.3040173545684105e+28
26650089.256501205	4.209831247365921e+28
27103711.15134385	4.127468662581527e+28
27572967.18588482	4.043798960976408e+28
28058569.319601476	3.9345209859887824e+28
28559006.704580624	3.8181198373957833e+28
29076382.725134168	3.70957861943428e+28
29611011.902183976	3.612889098115883e+28
30167852.982117914	3.5265652242723998e+28
30750335.95731079	3.449244265854103e+28
31357151.436341297	3.3780943558419196e+28
31977675.28895121	3.305946754272135e+28
32608814.592998028	3.216147641048529e+28
33248592.97663408	3.119401741976212e+28
33896886.617409	3.0262223341207994e+28
34555759.6221481	2.940221533002912e+28
35225556.50961218	2.8628952270927576e+28
35910282.73686635	2.7931045534099285e+28
36615280.86994391	2.7297284495495173e+28
37335552.99011762	2.6710749756467112e+28
38063305.825888015	2.6147292409327803e+28
38797613.69847997	2.5536527256874774e+28
39535894.58214245	2.4868629247321768e+28
40278212.533138566	2.416017556930106e+28
41023782.06780648	2.3461533907633665e+28
