1184864.8734269238	2.4189174692360205e+28
1778042.7346610655	2.376646589591942e+28
2370892.576664114	2.35432498924017e+28
2962420.9633137896	2.3480191391757443e+28
3551707.5982801565	2.3629730594978503e+28
4137776.183589562	2.330693153662716e+28
4720268.547729144	2.2961341790685695e+28
5299054.363287943	2.288891408452699e+28
5874065.193618555	2.300337513936139e+28
6444624.525996918	2.288121603558103e+28
7010884.294743495	2.251163323802244e+28
7572490.645757246	2.23065231216073e+28
8128458.678955131	2.2343441060280416e+28
8679208.14126963	2.240872496364051e+28
9224241.802895293	2.2023456995757714e+28
9762897.161461908	2.1827858291427125e+28
10295517.702004159	2.178483578647237e+28
10822247.594658006	2.1886977023858163e+28
11342418.24457558	2.1683358187546507e+28
11856428.55057462	2.136155936285682e+28
12362644.268880384	2.121705263891905e+28
12862673.387320422	2.1273662061845233e+28
13355777.199507372	2.125632491529154e+28
13841923.215394635	2.094214648742731e+28
14321127.209925937	2.0721681947970266e+28
14792699.508773947	2.067601587029673e+28
15256594.262248734	2.076637625907738e+28
15712711.01054433	2.055793427515384e+28
16161681.281131646	2.02518368174812e+28
16601601.875568544	2.009943934774217e+28
17034176.915380474	2.010703104446507e+28
17457359.377096698	2.0111080929589537e+28
17871748.111678414	1.983594619886072e+28
18277099.425917696	1.9556079631827346e+28
18673644.56657781	1.9436377740636722e+28
19060515.018091224	1.9499086516821498e+28
19437127.113667827	1.9400057895993005e+28
19804495.156072047	1.913149478367568e+28
20183684.49488054	1.8896637980905726e+28
20551455.867428977	1.8792829933829368e+28
20907815.758344553	1.8821589501664863e+28
21252384.390483838	1.8677228659391554e+28
21585233.899378553	1.8374966192448862e+28
21906492.38757499	1.8196644531772026e+28
22216201.333236087	1.8155116579582215e+28
22514473.03982221	1.8123142226295897e+28
22800948.79606726	1.7995270004857545e+28
23076598.074562054	1.7726268900550234e+28
23340920.476375412	1.7577191525466318e+28
23594542.59107137	1.7541061055551784e+28
23837388.176729452	1.7494609599952141e+28
24069926.114034522	1.7366458385269864e+28
24292043.77236467	1.7102429182570137e+28
24503883.765107132	1.6950179121766393e+28
24706705.847099103	1.6886917545467991e+28
24899188.738344084	1.6799742393383177e+28
25082683.367324974	1.6664316301499313e+28
25255496.661960162	1.6414302568906855e+28
25419890.987572722	1.621670605224261e+28
25574399.03600241	1.611477430212647e+28
25720191.752964847	1.6053859076824824e+28
25857349.83527277	1.588340595975131e+28
25984299.440810043	1.5705914989478643e+28
26104128.829993173	1.5498672412703562e+28
26213878.37324117	1.5351343645726205e+28
26315764.3966783	1.530094971354361e+28
26408907.662341528	1.5136322429368658e+28
26493178.38498961	1.5018815948078955e+28
26569932.073844694	1.4797050303417513e+28
26637817.04009262	1.4640096144393108e+28
26697975.111799788	1.4543050551630395e+28
26750145.465501323	1.444378086883748e+28
26794624.943534493	1.4284088952641562e+28
26831143.150903597	1.4178381176798052e+28
26859342.511582095	1.396401901650246e+28
26880505.743007906	1.383134788061917e+28
26894054.554824583	1.3757410733079445e+28
26900983.17359202	1.362113275657976e+28
26900347.872495644	1.3476287203324677e+28
26892557.88154561	1.338307781550786e+28
26878521.485987302	1.318652020671581e+28
26857997.167914085	1.3063828486226164e+28
26830879.734166022	1.2982267957968543e+28
26797810.630181726	1.28528269747517e+28
26758568.09976724	1.2712491831659857e+28
26714133.97080806	1.2625494768858066e+28
26662824.405026585	1.2468140712275319e+28
26607482.584173214	1.2341502500006949e+28
26546278.23731005	1.2241934238336647e+28
26480371.619939193	1.2140665591098406e+28
26409012.557550896	1.199656317986998e+28
26333737.86736097	1.1900478377367553e+28
26254458.79219149	1.1803650686003037e+28
26171341.6254666	1.1654988566906556e+28
26084461.03148158	1.155054812408606e+28
25993332.48975362	1.1484856819897274e+28
25899620.264260266	1.1336577726604444e+28
25803362.23953927	1.1213566459031382e+28
25703761.479419332	1.113386489937654e+28
25602398.602218527	1.103532204794651e+28
25498688.939960834	1.091241163650978e+28
25392418.082783706	1.0807004312832076e+28
25285376.57293007	1.0722190793619808e+28
25176178.170899592	1.0580440045552095e+28
25065240.962832995	1.0467966269943342e+28
24954124.573843118	1.0389873847479473e+28
24841223.715326123	1.0302408787580155e+28
24728576.110704012	1.0194054220377525e+28
24614742.18440813	1.0100744028011132e+28
24500713.334531326	9.99446693780925e+27
24387089.78596833	9.853874916498452e+27
24273662.779664733	9.743862191777835e+27
24161023.37101806	9.664137106889295e+27
24049577.026028566	9.608422977195411e+27
23938615.360560875	9.500323342876085e+27
23828645.982197165	9.398247625806731e+27
23720515.475656956	9.304144545458924e+27
23614583.695500143	9.160113845849517e+27
23509688.738623932	9.043425276720557e+27
23407812.736079827	8.957420441922194e+27
23308055.90702453	8.892648129699596e+27
23210575.40495024	8.839522344280441e+27
23115490.39278382	8.726505301288012e+27
23022784.251712065	8.645991235408723e+27
22932655.66555433	8.528161871040432e+27
22845752.513954997	8.401751958395997e+27
22762806.3819662	8.293673175053667e+27
22681961.32059309	8.209464019296181e+27
22533099.42437749	8.106087252920601e+27
22399782.41918615	7.950557978142302e+27
22282674.860996403	7.730556974959842e+27
22185204.86281073	7.537640850845099e+27
22107969.07761726	7.41424523839647e+27
22052989.49351042	7.331852932144056e+27
22019861.82578994	7.167637974360406e+27
22008969.213229433	6.961855142723964e+27
22019724.401610505	6.796649816129674e+27
22054252.49621671	6.714079366371169e+27
22111074.50118336	6.647490766431046e+27
22192130.890225053	6.514388128040153e+27
22295983.040065333	6.326829897593489e+27
22423825.3840615	6.18229655078159e+27
22575210.437133934	6.067787420840697e+27
22750840.380102027	5.984659339119525e+27
22950130.83733687	5.884253722995072e+27
23173468.27406034	5.688035512678326e+27
23421469.582690172	5.500653105055227e+27
23692562.25824638	5.352686907056462e+27
23987138.66072569	5.241143689303464e+27
24304967.46990789	5.154135847741472e+27
24644703.846211683	5.083664839529625e+27
25006097.840824366	4.9201710710954855e+27
25388150.136969037	4.747281186732569e+27
25790740.39877648	4.608229113503913e+27
26212301.0707622	4.493578231457979e+27
26650089.256501205	4.402529968836861e+27
27103711.15134385	4.339034499075332e+27
27572967.18588482	4.280353494902338e+27
28058569.319601476	4.141457646898765e+27
28559006.704580624	4.0008127272833087e+27
29076382.725134168	3.873262789146074e+27
29611011.902183976	3.768387968101992e+27
30167852.982117914	3.680921720232791e+27
30750335.95731079	3.610224648684312e+27
31357151.436341297	3.553506065411137e+27
31977675.28895121	3.4949490562691263e+27
32608814.592998028	3.394595701285322e+27
33248592.97663408	3.2761543943616916e+27
33896886.617409	3.1627428207940584e+27
34555759.6221481	3.066594786616176e+27
35225556.50961218	2.98349825175699e+27
35910282.73686635	2.912864172576113e+27
36615280.86994391	2.8528716582472424e+27
37335552.99011762	2.804281912025095e+27
38063305.825888015	2.759181429609742e+27
38797613.69847997	2.6941149405897484e+27
39535894.58214245	2.6256135958131867e+27
40278212.533138566	2.542688554534393e+27
41023782.06780648	2.4584310344208685e+27
