1184864.8734269238	4.7525427782373095e+28
1778042.7346610655	4.685746822570791e+28
2370892.576664114	4.645052224944627e+28
2962420.9633137896	4.626775526062395e+28
3551707.5982801565	4.638715682422146e+28
4137776.183589562	4.585641232159687e+28
4720268.547729144	4.53018224819552e+28
5299054.363287943	4.508244609086725e+28
5874065.193618555	4.516333750342262e+28
6444624.525996918	4.490635748948133e+28
7010884.294743495	4.430046844584643e+28
7572490.645757246	4.3943926762702185e+28
8128458.678955131	4.389105724570871e+28
8679208.14126963	4.389466852325605e+28
9224241.802895293	4.3254865633163166e+28
9762897.161461908	4.287683719834499e+28
10295517.702004159	4.273072706075768e+28
10822247.594658006	4.278618687960049e+28
11342418.24457558	4.242866009713373e+28
11856428.55057462	4.188241342826392e+28
12362644.268880384	4.160222541718649e+28
12862673.387320422	4.159054557927365e+28
13355777.199507372	4.147681767881162e+28
13841923.215394635	4.0945584847663794e+28
14321127.209925937	4.057169496252207e+28
14792699.508773947	4.0415426969457555e+28
15256594.262248734	4.0454548743994876e+28
15712711.01054433	4.009210414550284e+28
16161681.281131646	3.9577233059162735e+28
16601601.875568544	3.9275122047905993e+28
17034176.915380474	3.919349911378314e+28
17457359.377096698	3.9103096316474834e+28
17871748.111678414	3.865064635796067e+28
18277099.425917696	3.8177069285986445e+28
18673644.56657781	3.7920698674267857e+28
19060515.018091224	3.7910395459807246e+28
19437127.113667827	3.7697437025367384e+28
19804495.156072047	3.722158566256861e+28
20183684.49488054	3.680384343557137e+28
20551455.867428977	3.657627342941152e+28
20907815.758344553	3.6536769718242485e+28
21252384.390483838	3.62442596465675e+28
21585233.899378553	3.5717157144468962e+28
21906492.38757499	3.537802002044505e+28
22216201.333236087	3.52218410567311e+28
22514473.03982221	3.510531483331591e+28
22800948.79606726	3.4820641735092346e+28
23076598.074562054	3.4348520440133166e+28
23340920.476375412	3.40505276294147e+28
23594542.59107137	3.3919509863268814e+28
23837388.176729452	3.378377767315187e+28
24069926.114034522	3.3513735696091977e+28
24292043.77236467	3.305484291255554e+28
24503883.765107132	3.2755522642575814e+28
24706705.847099103	3.258652388735496e+28
24899188.738344084	3.2391751444708585e+28
25082683.367324974	3.2116168839479858e+28
25255496.661960162	3.169255237478115e+28
25419890.987572722	3.1334718892206066e+28
25574399.03600241	3.1116757222116987e+28
25720191.752964847	3.0953574418662396e+28
25857349.83527277	3.0646826161672107e+28
25984299.440810043	3.031571359900194e+28
26104128.829993173	2.993049692548868e+28
26213878.37324117	2.965903326138061e+28
26315764.3966783	2.951420043576556e+28
26408907.662341528	2.922428903091708e+28
26493178.38498961	2.8977709693946166e+28
26569932.073844694	2.8580136926411626e+28
26637817.04009262	2.8283581599367354e+28
26697975.111799788	2.808116941067645e+28
26750145.465501323	2.7880070244957834e+28
26794624.943534493	2.758932528195697e+28
26831143.150903597	2.735374440307843e+28
26859342.511582095	2.697711714238636e+28
26880505.743007906	2.671165452101999e+28
26894054.554824583	2.6554492927051904e+28
26900983.17359202	2.6302439027509345e+28
26900347.872495644	2.6033662932659033e+28
26892557.88154561	2.5819192535395142e+28
26878521.485987302	2.5471819203249365e+28
26857997.167914085	2.5223646913092094e+28
26830879.734166022	2.505960061450057e+28
26797810.630181726	2.481812137322917e+28
26758568.09976724	2.4561736365278645e+28
26714133.97080806	2.436351539398631e+28
26662824.405026585	2.4076049822372035e+28
26607482.584173214	2.382059297561081e+28
26546278.23731005	2.3632319783584143e+28
26480371.619939193	2.343065500775382e+28
26409012.557550896	2.317133614277513e+28
26333737.86736097	2.2969448782187718e+28
26254458.79219149	2.2766760844030962e+28
26171341.6254666	2.248476080359615e+28
26084461.03148158	2.2274522444716894e+28
25993332.48975362	2.212963671274626e+28
25899620.264260266	2.187124826364015e+28
25803362.23953927	2.164085877355675e+28
25703761.479419332	2.145999386410429e+28
25602398.602218527	2.12567317755062e+28
25498688.939960834	2.100583934440277e+28
25392418.082783706	2.08125217544501e+28
25285376.57293007	2.0632841440399673e+28
25176178.170899592	2.038356208355171e+28
25065240.962832995	2.0167375548344146e+28
24954124.573843118	1.9992929567780565e+28
24841223.715326123	1.9805195464459172e+28
24728576.110704012	1.9576680426445168e+28
24614742.18440813	1.9395699706135922e+28
24500713.334531326	1.9203220007963592e+28
24387089.78596833	1.895397241248097e+28
24273662.779664733	1.8744176247477581e+28
24161023.37101806	1.8567816072826565e+28
24049577.026028566	1.842357769039816e+28
23938615.360560875	1.8206048112791487e+28
23828645.982197165	1.8009062507982327e+28
23720515.475656956	1.7828488739461269e+28
23614583.695500143	1.7576491826091624e+28
23509688.738623932	1.7361155969740831e+28
23407812.736079827	1.7181113113932705e+28
23308055.90702453	1.7030871820233374e+28
23210575.40495024	1.688749166817277e+28
23115490.39278382	1.6670831144398854e+28
23022784.251712065	1.6509043304808073e+28
22932655.66555433	1.6297352742988181e+28
22845752.513954997	1.6070535719946194e+28
22762806.3819662	1.58675735033196e+28
22681961.32059309	1.5699390362962662e+28
22533099.42437749	1.5437696353531105e+28
22399782.41918615	1.511003797838042e+28
22282674.860996403	1.4717763588075044e+28
22185204.86281073	1.4353011669132089e+28
22107969.07761726	1.4082585463597229e+28
22052989.49351042	1.3857028325705086e+28
22019861.82578994	1.3544381410532457e+28
22008969.213229433	1.3173597476073381e+28
22019724.401610505	1.2863693295634935e+28
22054252.49621671	1.2652180937850777e+28
22111074.50118336	1.2466336000905101e+28
22192130.890225053	1.2200292118003689e+28
22295983.040065333	1.1877073796836794e+28
22423825.3840615	1.160648282191444e+28
22575210.437133934	1.138026860960434e+28
22750840.380102027	1.1187907450108465e+28
22950130.83733687	1.0972693004176076e+28
23173468.27406034	1.0637572000670394e+28
23421469.582690172	1.0318519778628132e+28
23692562.25824638	1.0051162078881353e+28
23987138.66072569	9.828628529411412e+27
24304967.46990789	9.63900811455085e+27
24644703.846211683	9.47549657340691e+27
25006097.840824366	9.192048489678053e+27
25388150.136969037	8.903150675124379e+27
25790740.39877648	8.654050568101928e+27
26212301.0707622	8.439243280804632e+27
26650089.256501205	8.258262919816262e+27
27103711.15134385	8.109749379991596e+27
27572967.18588482	7.973613458097134e+27
28058569.319601476	7.7326916075879e+27
28559006.704580624	7.495010415177524e+27
29076382.725134168	7.274707702214872e+27
29611011.902183976	7.085033101913113e+27
30167852.982117914	6.915932694925652e+27
30750335.95731079	6.771059894474645e+27
31357151.436341297	6.639439259753166e+27
31977675.28895121	6.514685795245115e+27
32608814.592998028	6.332776855057545e+27
33248592.97663408	6.129842396621949e+27
33896886.617409	5.938340713385069e+27
34555759.6221481	5.766496737228792e+27
35225556.50961218	5.614761161250598e+27
35910282.73686635	5.477654581129886e+27
36615280.86994391	5.357459277414208e+27
37335552.99011762	5.249600929880435e+27
38063305.825888015	5.150881797868693e+27
38797613.69847997	5.027000696572033e+27
39535894.58214245	4.8999635811927125e+27
40278212.533138566	4.7537265354802084e+27
41023782.06780648	4.607937201947893e+27
