1184864.8734269238	3.1657563950519696e-19
1778042.7346610655	3.144603440240265e-19
2370892.576664114	3.1175944675126613e-19
2962420.9633137896	3.0928301699341415e-19
3551707.5982801565	3.0803384357903203e-19
4137776.183589562	3.049503839304386e-19
4720268.547729144	3.02487231209398e-19
5299054.363287943	3.008844112946454e-19
5874065.193618555	2.9831796103873965e-19
6444624.525996918	2.9654169136710366e-19
7010884.294743495	2.9397147077634543e-19
7572490.645757246	2.916356400192364e-19
8128458.678955131	2.898663058856429e-19
8679208.14126963	2.87941251365051e-19
9224241.802895293	2.857306752071628e-19
9762897.161461908	2.833115164343187e-19
10295517.702004159	2.8197123187459633e-19
10822247.594658006	2.8001943167150496e-19
11342418.24457558	2.779799992395685e-19
11856428.55057462	2.7560196320382053e-19
12362644.268880384	2.740007722721056e-19
12862673.387320422	2.721475249548836e-19
13355777.199507372	2.701709907588131e-19
13841923.215394635	2.671957183134314e-19
14321127.209925937	2.65678275518993e-19
14792699.508773947	2.632154303027782e-19
15256594.262248734	2.612229105236076e-19
15712711.01054433	2.589240256733363e-19
16161681.281131646	2.565246683113616e-19
16601601.875568544	2.541310321117274e-19
17034176.915380474	2.517160210829076e-19
17457359.377096698	2.4983042338832214e-19
17871748.111678414	2.4701184414617256e-19
18277099.425917696	2.4436668817016215e-19
18673644.56657781	2.4197429256259325e-19
19060515.018091224	2.3975437366519337e-19
19437127.113667827	2.3757305767411346e-19
19804495.156072047	2.346403854867116e-19
20183684.49488054	2.322072450598577e-19
20551455.867428977	2.294882810437193e-19
20907815.758344553	2.2715071983339464e-19
21252384.390483838	2.24606442236735e-19
21585233.899378553	2.2223759962457667e-19
21906492.38757499	2.1996223096309873e-19
22216201.333236087	2.1761727752940547e-19
22514473.03982221	2.1574676631632953e-19
22800948.79606726	2.135256654977053e-19
23076598.074562054	2.1141176811071547e-19
23340920.476375412	2.0956741174848704e-19
23594542.59107137	2.0745015798168717e-19
23837388.176729452	2.0578517061149398e-19
24069926.114034522	2.0361921822534322e-19
24292043.77236467	2.0178878247255112e-19
24503883.765107132	1.9970707643080148e-19
24706705.847099103	1.9782765643848015e-19
24899188.738344084	1.959635050465401e-19
25082683.367324974	1.9365322092043866e-19
25255496.661960162	1.9188726192719445e-19
25419890.987572722	1.8988829338470648e-19
25574399.03600241	1.8792492192125939e-19
25720191.752964847	1.8581045097547167e-19
25857349.83527277	1.8380304326636353e-19
25984299.440810043	1.819424302148528e-19
26104128.829993173	1.7946470855290018e-19
26213878.37324117	1.779706953881064e-19
26315764.3966783	1.7576179796350727e-19
26408907.662341528	1.737254886943455e-19
26493178.38498961	1.7197387370061727e-19
26569932.073844694	1.69517379569017e-19
26637817.04009262	1.6799953534267543e-19
26697975.111799788	1.6585043554364387e-19
26750145.465501323	1.6408585537063658e-19
26794624.943534493	1.6179601410628278e-19
26831143.150903597	1.5992330735856185e-19
26859342.511582095	1.5845727277283814e-19
26880505.743007906	1.5625667242332136e-19
26894054.554824583	1.5469151470555845e-19
26900983.17359202	1.5265282743681018e-19
26900347.872495644	1.5075379677807678e-19
26892557.88154561	1.4923102683844695e-19
26878521.485987302	1.4736810967775628e-19
26857997.167914085	1.4559690796277443e-19
26830879.734166022	1.439185353694367e-19
26797810.630181726	1.4217665391754547e-19
26758568.09976724	1.4046775479322675e-19
26714133.97080806	1.3845182783253863e-19
26662824.405026585	1.3720328175637568e-19
26607482.584173214	1.3521156222194796e-19
26546278.23731005	1.3359913753599888e-19
26480371.619939193	1.3206353582122676e-19
26409012.557550896	1.3035516107943396e-19
26333737.86736097	1.2872516972174653e-19
26254458.79219149	1.2685511947816195e-19
26171341.6254666	1.2548844473981057e-19
26084461.03148158	1.2367312625345883e-19
25993332.48975362	1.2214474293822844e-19
25899620.264260266	1.202149075233227e-19
25803362.23953927	1.1821214108069016e-19
25703761.479419332	1.1677262150334944e-19
25602398.602218527	1.1499674019053346e-19
25498688.939960834	1.1319785242672084e-19
25392418.082783706	1.1179404980961724e-19
25285376.57293007	1.097082492536783e-19
25176178.170899592	1.082636721245649e-19
25065240.962832995	1.0666669328679896e-19
24954124.573843118	1.048257019242703e-19
24841223.715326123	1.0342570826223388e-19
24728576.110704012	1.0163844428899371e-19
24614742.18440813	1.0028876631009708e-19
24500713.334531326	9.850011338516257e-20
24387089.78596833	9.674662015699923e-20
24273662.779664733	9.497703982990894e-20
24161023.37101806	9.335707816025644e-20
24049577.026028566	9.16368205309614e-20
23938615.360560875	9.020257816696186e-20
23828645.982197165	8.858912085181684e-20
23720515.475656956	8.682658798555877e-20
23614583.695500143	8.49960484033994e-20
23509688.738623932	8.355646876871933e-20
23407812.736079827	8.171370987702892e-20
23308055.90702453	8.03350384016102e-20
23210575.40495024	7.90088790971262e-20
23115490.39278382	7.76788845408436e-20
23022784.251712065	7.634604129216009e-20
22932655.66555433	7.497468085235281e-20
22845752.513954997	7.349981559136773e-20
22762806.3819662	7.19418462392073e-20
22681961.32059309	7.095652765000735e-20
22533099.42437749	6.778435590186877e-20
22399782.41918615	6.542984867649359e-20
22282674.860996403	6.306129907786934e-20
22185204.86281073	6.053293001403004e-20
22107969.07761726	5.832201162506932e-20
22052989.49351042	5.6086230078184e-20
22019861.82578994	5.3949834887442206e-20
22008969.213229433	5.179657972107474e-20
22019724.401610505	4.991453035926564e-20
22054252.49621671	4.804766567281093e-20
22111074.50118336	4.643498708639585e-20
22192130.890225053	4.463305058829006e-20
22295983.040065333	4.2917363684855374e-20
22423825.3840615	4.1202990399694535e-20
22575210.437133934	3.9674802478390005e-20
22750840.380102027	3.821212058190438e-20
22950130.83733687	3.674737938604518e-20
23173468.27406034	3.5195572853746274e-20
23421469.582690172	3.360335387481473e-20
23692562.25824638	3.2188460879591004e-20
23987138.66072569	3.0793516024544945e-20
24304967.46990789	2.9495755984617306e-20
24644703.846211683	2.8253721726246174e-20
25006097.840824366	2.6950809309064582e-20
25388150.136969037	2.5690282652187043e-20
25790740.39877648	2.445448160775191e-20
26212301.0707622	2.335233061399595e-20
26650089.256501205	2.2374098499817397e-20
27103711.15134385	2.1462311697192398e-20
27572967.18588482	2.053308756494873e-20
28058569.319601476	1.9559333646934323e-20
28559006.704580624	1.862511174691986e-20
29076382.725134168	1.7666564034801417e-20
29611011.902183976	1.672757844609947e-20
30167852.982117914	1.569387153443849e-20
30750335.95731079	1.4628594502138102e-20
31357151.436341297	1.363511173309744e-20
31977675.28895121	1.2928303077256059e-20
32608814.592998028	1.2270327608822909e-20
33248592.97663408	1.1666697796948662e-20
33896886.617409	1.1097320071619969e-20
34555759.6221481	1.0506042719020057e-20
35225556.50961218	9.9400800254932e-21
35910282.73686635	9.334775502572253e-21
36615280.86994391	8.678323296739203e-21
37335552.99011762	8.141746315934586e-21
38063305.825888015	7.72226662638304e-21
38797613.69847997	7.323935676390116e-21
39535894.58214245	6.979969400029244e-21
40278212.533138566	6.645459719301439e-21
41023782.06780648	6.3377279812190005e-21
