1083936.3038942832	2.402239273246945e+29
1627420.7094420912	2.3846810610806312e+29
2171473.9894596944	2.38276170099247e+29
2715302.9849355672	2.387021315178659e+29
3258437.7821281166	2.3845063958389164e+29
3799902.4895383827	2.3750845454215833e+29
4339719.850405092	2.353328154666796e+29
4877640.566913474	2.334415635725088e+29
5413922.080155938	2.325192256606198e+29
5948059.358311751	2.326515912982185e+29
6480473.937143794	2.329602375229407e+29
7010470.050574355	2.3222388994099877e+29
7537707.538104672	2.3063108706743802e+29
8062509.947280685	2.2859343912727573e+29
8584666.93180347	2.2712000974785998e+29
9103258.748931615	2.2672454073724976e+29
9619319.178091558	2.27206646132775e+29
10132527.055478314	2.2716125073155303e+29
10642628.076748712	2.261852783524519e+29
11149616.689823916	2.24309890263527e+29
11652424.72363585	2.2231935286336278e+29
12152441.924979521	2.2128097175392532e+29
12648535.762688106	2.211118329512621e+29
13140924.310717264	2.2170122565756345e+29
13630010.181214098	2.2148577953862457e+29
14114631.215161096	2.2024031400664855e+29
14596607.213321868	2.1823533251910412e+29
15074494.098973935	2.163565473732067e+29
15549066.664594373	2.155031813169995e+29
16018243.484851887	2.1554301739429147e+29
16484134.691878734	2.1614388674938703e+29
16945724.939936917	2.1593949197658738e+29
17402751.148884475	2.14331875353117e+29
17855884.31582149	2.123003568485435e+29
18304390.730914813	2.1038468817049675e+29
18748464.297109775	2.0952491773102873e+29
19187051.457428258	2.0963373405476936e+29
19621330.33079052	2.1014514009673977e+29
20078011.453826793	2.10027014951635e+29
20528656.01981776	2.082564636416552e+29
20974149.64068865	2.060511965612728e+29
21413600.20244144	2.0433856610383237e+29
21847150.079129312	2.0351411723357034e+29
22273968.582854737	2.039308260750364e+29
22695640.061033748	2.0433837837871607e+29
23111237.383359633	2.0377511728799105e+29
23520738.283055656	2.0205296768145972e+29
23923397.030940235	2.0005688555655642e+29
24320726.115393844	1.986148094297131e+29
24711716.047858756	1.9791274782912112e+29
25097241.227770433	1.9822826038285904e+29
25475447.98524454	1.9851838701396023e+29
25848065.44985524	1.978973173578855e+29
26214032.317003425	1.9644843980131333e+29
26574911.717256937	1.9448657619858113e+29
26928227.612488717	1.9310170075692226e+29
27276313.385426555	1.923510094256486e+29
27618042.804297335	1.924396659104864e+29
27954080.162652463	1.928072520015684e+29
28283584.415345944	1.92452283708991e+29
28606587.409720857	1.9150293054421577e+29
28924390.50956822	1.896262750980641e+29
29235410.37081573	1.879458424407805e+29
29540985.067190968	1.870423723435744e+29
29840048.210919496	1.8693536643540475e+29
30133614.863636922	1.8734002450194127e+29
30421186.032599058	1.8764948938671963e+29
30702644.58283683	1.8696356853910516e+29
30977954.128379747	1.8526287612289615e+29
31247753.20611067	1.8345826803624744e+29
31511811.34669983	1.8213252894642277e+29
31769830.198318657	1.815294927101207e+29
32021961.85963627	1.8181777072017252e+29
32268482.464163076	1.822862042591131e+29
32508792.10521363	1.8208978332342413e+29
32743727.532765724	1.813267464182071e+29
32973127.418247726	1.7978668626033775e+29
33197243.459962152	1.7823474490275875e+29
33415594.538179323	1.7706065778897656e+29
33627551.26291535	1.76602015295823e+29
33835139.52889806	1.7666840329776803e+29
34036150.95659319	1.766765581035693e+29
34232941.84466185	1.7669389075868813e+29
34422721.716040984	1.7564750246564797e+29
34607902.37416882	1.7405156033565867e+29
34787510.65741842	1.7252323801998975e+29
34961777.80862981	1.7143636467173686e+29
35131342.92821725	1.706955291227734e+29
35295055.91920772	1.7054333247518196e+29
35452497.60087433	1.7064630221963794e+29
35605800.832729496	1.705873998969423e+29
35754112.115671396	1.698619993678122e+29
35896451.64149236	1.684461431708789e+29
36033870.96233209	1.668619316521188e+29
36166537.967159644	1.6543043787607074e+29
36293702.22641939	1.6463923625678055e+29
36416272.67280384	1.6417343941556234e+29
36533349.5799386	1.642017114061066e+29
36646134.253151454	1.6430198629392042e+29
36753617.6311938	1.6412098114991315e+29
36855949.72714718	1.6307867676380456e+29
36954083.765938506	1.6149586647059985e+29
37048011.47767583	1.5985118048246414e+29
37135858.00072486	1.5876618291043257e+29
37219800.7622287	1.5786271129634087e+29
37299564.990760945	1.5729181131347656e+29
37374388.4724553	1.5714374413664348e+29
37445314.27895886	1.5706514215485775e+29
37512173.21057259	1.5647007773380239e+29
37574137.559363894	1.5533858132176646e+29
37632076.87837598	1.5368598214731257e+29
37685099.446996294	1.5195724773847681e+29
37735061.98474437	1.5067238587229566e+29
37780924.351381995	1.4971285987188222e+29
37821829.81576248	1.4885131434027031e+29
37859589.98749986	1.4838272448974484e+29
37893321.61344529	1.4822489647154327e+29
37923846.41950233	1.4780405385166166e+29
37950134.46998574	1.4698489124093116e+29
37972281.83530719	1.4574420731487708e+29
37991093.50268823	1.4402593750313142e+29
38006662.8861309	1.4253306469427747e+29
38018799.81403937	1.4137531633023388e+29
38027456.67672241	1.404930145996542e+29
38032718.759641685	1.3963694935747155e+29
38035390.417083934	1.3923799891186604e+29
38034406.74770674	1.3911137150811905e+29
38030860.84668608	1.3879664778987374e+29
38013612.75359131	1.368628358607157e+29
37985853.305276684	1.3381227867903783e+29
37947291.65895769	1.3164615853620869e+29
37898231.220599204	1.3030491535868403e+29
37840284.186829254	1.2972351247779829e+29
37772915.77493059	1.2834387717598419e+29
37696453.5300073	1.2576070352947656e+29
37611811.44454492	1.2324635572318287e+29
37520388.17682994	1.2153895806386806e+29
37421919.17766912	1.2070597684689532e+29
37316190.32993588	1.2006011018116403e+29
37204887.742607154	1.1829482254856708e+29
37088051.0399239	1.1566951570788697e+29
36964711.69020529	1.133662868398325e+29
36836056.7452598	1.1190908257238563e+29
36703788.41672887	1.111803582193354e+29
36567076.28646293	1.1051457860523544e+29
36427106.69185791	1.0900448788646128e+29
36284616.26557458	1.0671087940128906e+29
36139461.934843466	1.0440955700431676e+29
35992397.59643695	1.0282184741860146e+29
35844984.15036614	1.0189905106578602e+29
35695885.030910775	1.0134560207231827e+29
35547205.8724733	1.0037099842108578e+29
35399188.686041944	9.863265127725082e+28
35251423.57338211	9.637456884096424e+28
35106343.36683329	9.43528266859533e+28
34962057.34835981	9.295476157229842e+28
34819069.02761761	9.218682568010827e+28
34677621.42290039	9.16671613262127e+28
34537878.5321276	9.07661811136028e+28
34401044.70550276	8.930947331859609e+28
34267148.636850424	8.745421358576921e+28
34136134.80140949	8.549229237158657e+28
34008347.74625195	8.39930461943072e+28
33884873.274515875	8.29084814443922e+28
33765786.23681077	8.224433398127926e+28
33652108.46643788	8.159046944712746e+28
33543651.586140703	8.075525412961084e+28
33440952.57319235	7.948063944587872e+28
33345187.937392104	7.792086886573558e+28
33255893.636316556	7.620392265302342e+28
33173088.845327623	7.4662114444689445e+28
33095059.950089227	7.352138410533326e+28
33022939.48908849	7.275908824169167e+28
32956473.117583442	7.2217916198652e+28
32896188.11929431	7.160870044794978e+28
32842736.16159287	7.075230097576175e+28
32796347.085917972	6.969385847277539e+28
32756317.817941625	6.84942106792308e+28
32722220.076730736	6.7177566385633345e+28
32697209.283668235	6.5776562408711135e+28
32679876.547349438	6.466467883142813e+28
32669519.38336406	6.376693626679849e+28
32668677.183810182	6.312284360633785e+28
32676154.974843655	6.264684814434525e+28
32691002.21681801	6.206540482741858e+28
32714856.34906563	6.119995137040864e+28
32746566.487801436	6.026688592530026e+28
32786292.046219565	5.9386268384456265e+28
32833426.6493767	5.845305449724304e+28
32889090.53987355	5.737935071573403e+28
32951819.86689051	5.622485205640438e+28
33022586.954083413	5.512111426970384e+28
33100353.734363627	5.420646601902241e+28
33185431.826932732	5.347243212526942e+28
33277717.5079662	5.290137900126411e+28
33377684.484397657	5.2355692948299685e+28
33485539.030154496	5.166047330791131e+28
33602233.96055684	5.084924492582759e+28
33728682.48449679	4.997022820797515e+28
33865258.62207463	4.914147427172576e+28
34011714.11058255	4.838321108642673e+28
34169527.26831321	4.757624719673052e+28
34338162.60576562	4.66934431598735e+28
34519594.147961825	4.57262622997063e+28
34710758.67133993	4.4764908135649396e+28
34915613.22016269	4.384072853519164e+28
35131616.15610646	4.305968523173084e+28
35361123.54182203	4.237002514055208e+28
35602590.00606557	4.172287683780932e+28
35858415.38802294	4.111023952565184e+28
36124517.90045094	4.040757641725893e+28
36396572.159202024	3.964400717021059e+28
36675450.49402938	3.8828992427208316e+28
36959076.61914729	3.80760287139987e+28
37249234.08796482	3.736716664635369e+28
37545993.29808708	3.666047005972733e+28
37848869.58602595	3.599470057857089e+28
38160136.896242924	3.539806430264565e+28
38478086.25620562	3.4752342184184967e+28
38806154.65026134	3.407374547858164e+28
39144092.28402161	3.3351573988715876e+28
39494502.94332111	3.2600262018005346e+28
39860199.424237706	3.1895770768989598e+28
40244432.491215475	3.122932939563036e+28
40640757.128035896	3.061210842660543e+28
41041449.81284165	3.0085004266735666e+28
41446854.4830606	2.959680919293888e+28
41856231.82681403	2.916462723700681e+28
42269867.758723825	2.869095314464515e+28
42686303.664524525	2.8212750792738673e+28
43108315.81655679	2.7697718405171198e+28
43533317.304565705	2.713480553110453e+28
43964037.94398326	2.661755788423478e+28
44400849.05652143	2.6126587905052846e+28
44843571.393679164	2.5655451576389806e+28
45295484.105371915	2.518280656430896e+28
45757746.838540904	2.472310230709405e+28
46228880.191283025	2.4296634582664355e+28
46703544.36378464	2.387804693024844e+28
47180961.31428439	2.3463504174374715e+28
47660989.06170538	2.308904520602769e+28
48143468.44110839	2.27044482808627e+28
48627165.72390375	2.2349883291289707e+28
49114131.40370091	2.1984464930596246e+28
49602522.620729685	2.160177905856727e+28
50093908.706947595	2.120031101774832e+28
50588368.46687191	2.078405712082281e+28
51087510.42613057	2.0368128054849215e+28
51591690.96220825	1.996894571380977e+28
52102715.249207504	1.958889477960296e+28
52625180.4532773	1.9242221339799027e+28
53157298.5876822	1.8919812682224593e+28
53695319.1138669	1.8618369152664518e+28
54236500.04692412	1.834900316998041e+28
54778436.69675139	1.8099734749658136e+28
55321631.69629039	1.7859844230322338e+28
55866084.256371506	1.7628108780924914e+28
56410017.313771494	1.738148029402233e+28
56955359.761307806	1.7123062441205565e+28
57500728.772251226	1.6856636152426935e+28
58046674.6088008	1.658137905820239e+28
58593217.470454715	1.631777781817455e+28
59141598.65052685	1.606071191711701e+28
59693107.87469521	1.5813639269069476e+28
60249698.15144306	1.5567604713419084e+28
60814797.32877517	1.5315895487965692e+28
61387873.041342616	1.5073551729587652e+28
61965981.49258994	1.4837359002983051e+28
62547932.883029796	1.4607758252795264e+28
63131721.57909207	1.4381293057850718e+28
63716998.054993145	1.4159923817058366e+28
64303903.94167372	1.3943259327683783e+28
64891156.06721766	1.3735023662828662e+28
65477396.519256935	1.353028882064574e+28
66065529.46991343	1.3336498469824325e+28
66652447.54950863	1.3142513759538394e+28
67240550.444951	1.2952820723894754e+28
