1083936.3038942832	1.1042036094554536e+30
1627420.7094420912	1.0968797370170829e+30
2171473.9894596944	1.0943268042648607e+30
2715302.9849355672	1.0943302650370397e+30
3258437.7821281166	1.0915041766514995e+30
3799902.4895383827	1.0866415409662744e+30
4339719.850405092	1.0795944944190074e+30
4877640.566913474	1.0725172912204814e+30
5413922.080155938	1.067872352825047e+30
5948059.358311751	1.0664519167303677e+30
6480473.937143794	1.0649531533111491e+30
7010470.050574355	1.0604960407632654e+30
7537707.538104672	1.0548779773001612e+30
8062509.947280685	1.0474988180828056e+30
8584666.93180347	1.0411694054176784e+30
9103258.748931615	1.0385508056187078e+30
9619319.178091558	1.0382727864592027e+30
10132527.055478314	1.0346523913966829e+30
10642628.076748712	1.0310641175256515e+30
11149616.689823916	1.0250419467922236e+30
11652424.72363585	1.0169158824572542e+30
12152441.924979521	1.0123909391351905e+30
12648535.762688106	1.0105523266018916e+30
13140924.310717264	1.0091200798556906e+30
13630010.181214098	1.006449276313051e+30
14114631.215161096	1.001907031597351e+30
14596607.213321868	9.946866899723879e+29
15074494.098973935	9.877042001000007e+29
15549066.664594373	9.836788500732002e+29
16018243.484851887	9.820742173776111e+29
16484134.691878734	9.805937432606809e+29
16945724.939936917	9.779385584690528e+29
17402751.148884475	9.718555412752016e+29
17855884.31582149	9.653888683970822e+29
18304390.730914813	9.581747256938257e+29
18748464.297109775	9.537425120565009e+29
19187051.457428258	9.524112688536364e+29
19621330.33079052	9.509734280564051e+29
20078011.453826793	9.469439988845185e+29
20528656.01981776	9.413825278811282e+29
20974149.64068865	9.345535912458213e+29
21413600.20244144	9.274422055778735e+29
21847150.079129312	9.236451759909657e+29
22273968.582854737	9.214386890878035e+29
22695640.061033748	9.195353345766055e+29
23111237.383359633	9.15444923472831e+29
23520738.283055656	9.093233584856054e+29
23923397.030940235	9.028219168620139e+29
24320726.115393844	8.970701539097644e+29
24711716.047858756	8.933351777708511e+29
25097241.227770433	8.911843088493244e+29
25475447.98524454	8.887566316777251e+29
25848065.44985524	8.849833258496234e+29
26214032.317003425	8.792188248265975e+29
26574911.717256937	8.72843082748789e+29
26928227.612488717	8.672254164305286e+29
27276313.385426555	8.633014589752257e+29
27618042.804297335	8.603269399742099e+29
27954080.162652463	8.585445101408346e+29
28283584.415345944	8.55201480721268e+29
28606587.409720857	8.506004723670321e+29
28924390.50956822	8.442962020152223e+29
29235410.37081573	8.380029790300323e+29
29540985.067190968	8.336581710248034e+29
29840048.210919496	8.302156010080722e+29
30133614.863636922	8.282665599038832e+29
30421186.032599058	8.26224241808191e+29
30702644.58283683	8.221941842862865e+29
30977954.128379747	8.157586501077411e+29
31247753.20611067	8.094938755405042e+29
31511811.34669983	8.043541892137317e+29
31769830.198318657	8.003585548691309e+29
32021961.85963627	7.979490957838765e+29
32268482.464163076	7.967024224520396e+29
32508792.10521363	7.932674876980769e+29
32743727.532765724	7.892201210972378e+29
32973127.418247726	7.831784510430947e+29
33197243.459962152	7.772329833448805e+29
33415594.538179323	7.721789266772791e+29
33627551.26291535	7.691238896168054e+29
33835139.52889806	7.66807809598222e+29
34036150.95659319	7.653514345262468e+29
34232941.84466185	7.619356499289142e+29
34422721.716040984	7.580537062545131e+29
34607902.37416882	7.525014985949992e+29
34787510.65741842	7.469980623129582e+29
34961777.80862981	7.424486708454326e+29
35131342.92821725	7.38613145682767e+29
35295055.91920772	7.356059799958395e+29
35452497.60087433	7.339100917212478e+29
35605800.832729496	7.308556121864506e+29
35754112.115671396	7.268981413638909e+29
35896451.64149236	7.21987543042382e+29
36033870.96233209	7.163619355470029e+29
36166537.967159644	7.10768525426556e+29
36293702.22641939	7.065012228417062e+29
36416272.67280384	7.03258165251874e+29
36533349.5799386	7.012412313532953e+29
36646134.253151454	6.990689376487943e+29
36753617.6311938	6.954268949761048e+29
36855949.72714718	6.918128999466212e+29
36954083.765938506	6.864272266109396e+29
37048011.47767583	6.807874655956936e+29
37135858.00072486	6.758379319418468e+29
37219800.7622287	6.719507347410084e+29
37299564.990760945	6.689890620211139e+29
37374388.4724553	6.670695240248382e+29
37445314.27895886	6.64893545840511e+29
37512173.21057259	6.61076511637251e+29
37574137.559363894	6.573201841559068e+29
37632076.87837598	6.522862684642064e+29
37685099.446996294	6.466626106890416e+29
37735061.98474437	6.413779953675906e+29
37780924.351381995	6.371791471020075e+29
37821829.81576248	6.33825049767355e+29
37859589.98749986	6.313668918026868e+29
37893321.61344529	6.289791271058948e+29
37923846.41950233	6.260168946729398e+29
37950134.46998574	6.2204911302336235e+29
37972281.83530719	6.178890357835408e+29
37991093.50268823	6.127228953497681e+29
38006662.8861309	6.076148829857227e+29
38018799.81403937	6.029873555947036e+29
38027456.67672241	5.991109517611907e+29
38032718.759641685	5.960261525123129e+29
38035390.417083934	5.937988870843006e+29
38034406.74770674	5.9168581701804734e+29
38030860.84668608	5.8849303532739264e+29
38013612.75359131	5.811249068711966e+29
37985853.305276684	5.716081942248526e+29
37947291.65895769	5.634050951371524e+29
37898231.220599204	5.572739192675335e+29
37840284.186829254	5.525578119161444e+29
37772915.77493059	5.459039810595422e+29
37696453.5300073	5.368353550467702e+29
37611811.44454492	5.2766508274438176e+29
37520388.17682994	5.207210399607976e+29
37421919.17766912	5.155074989346442e+29
37316190.32993588	5.101713533509394e+29
37204887.742607154	5.028175868568421e+29
37088051.0399239	4.941440833268192e+29
36964711.69020529	4.864107110299042e+29
36836056.7452598	4.794670094526826e+29
36703788.41672887	4.73853402028415e+29
36567076.28646293	4.688069662339592e+29
36427106.69185791	4.62064467036093e+29
36284616.26557458	4.537651206974904e+29
36139461.934843466	4.4568535231678525e+29
35992397.59643695	4.391051094696075e+29
35844984.15036614	4.3325553389362336e+29
35695885.030910775	4.281663273350263e+29
35547205.8724733	4.228608617373715e+29
35399188.686041944	4.152988700984127e+29
35251423.57338211	4.0758047592784346e+29
35106343.36683329	4.004348922305112e+29
34962057.34835981	3.942778484745037e+29
34819069.02761761	3.8861032066074565e+29
34677621.42290039	3.836812617052841e+29
34537878.5321276	3.786548453053751e+29
34401044.70550276	3.724622051209012e+29
34267148.636850424	3.658080292447843e+29
34136134.80140949	3.594791007315029e+29
34008347.74625195	3.537374433435435e+29
33884873.274515875	3.4837515628966586e+29
33765786.23681077	3.437970107054304e+29
33652108.46643788	3.39323943241993e+29
33543651.586140703	3.3474216907971836e+29
33440952.57319235	3.293736307106595e+29
33345187.937392104	3.236190903726018e+29
33255893.636316556	3.17905400007851e+29
33173088.845327623	3.1250251644862347e+29
33095059.950089227	3.0771714600809315e+29
33022939.48908849	3.0325332493309194e+29
32956473.117583442	2.9902430075593447e+29
32896188.11929431	2.948032611621759e+29
32842736.16159287	2.903328211143412e+29
32796347.085917972	2.858601174620207e+29
32756317.817941625	2.8125964124434668e+29
32722220.076730736	2.7669179521242563e+29
32697209.283668235	2.7205694944493945e+29
32679876.547349438	2.6770971950218725e+29
32669519.38336406	2.635147752982086e+29
32668677.183810182	2.5970024139210747e+29
32676154.974843655	2.5603075590617854e+29
32691002.21681801	2.523538187212953e+29
32714856.34906563	2.484883017673672e+29
32746566.487801436	2.445539596137103e+29
32786292.046219565	2.4090331056913178e+29
32833426.6493767	2.372317999052326e+29
32889090.53987355	2.333287076575866e+29
32951819.86689051	2.294473909590346e+29
33022586.954083413	2.2569700775343106e+29
33100353.734363627	2.2211774632049888e+29
33185431.826932732	2.1874798218812587e+29
33277717.5079662	2.1550082873032972e+29
33377684.484397657	2.1242595080224537e+29
33485539.030154496	2.091244574641484e+29
33602233.96055684	2.0567186109325885e+29
33728682.48449679	2.0217768355817118e+29
33865258.62207463	1.9888114933814104e+29
34011714.11058255	1.957925651112701e+29
34169527.26831321	1.9271283598533832e+29
34338162.60576562	1.8949134486979273e+29
34519594.147961825	1.8616393307138815e+29
34710758.67133993	1.82804983492302e+29
34915613.22016269	1.795105642848097e+29
35131616.15610646	1.7639341262374428e+29
35361123.54182203	1.7329850941099207e+29
35602590.00606557	1.703340274783953e+29
35858415.38802294	1.6743728778317033e+29
36124517.90045094	1.6443804981269273e+29
36396572.159202024	1.6134832510973563e+29
36675450.49402938	1.5814210402545657e+29
36959076.61914729	1.5512381347230768e+29
37249234.08796482	1.5232059158417082e+29
37545993.29808708	1.4967498219213496e+29
37848869.58602595	1.4720177588277796e+29
38160136.896242924	1.4486125965929835e+29
38478086.25620562	1.424848006992974e+29
38806154.65026134	1.4005547211085296e+29
39144092.28402161	1.3751494323841085e+29
39494502.94332111	1.349465472274796e+29
39860199.424237706	1.3240665474317071e+29
40244432.491215475	1.299480258199004e+29
40640757.128035896	1.2750625055597967e+29
41041449.81284165	1.251874174118349e+29
41446854.4830606	1.2297255369269253e+29
41856231.82681403	1.2087273794984509e+29
42269867.758723825	1.18713515986595e+29
42686303.664524525	1.1656908442417563e+29
43108315.81655679	1.1439802232940782e+29
43533317.304565705	1.1214903337773593e+29
43964037.94398326	1.100288666418335e+29
44400849.05652143	1.0798040935289991e+29
44843571.393679164	1.0605075655361433e+29
45295484.105371915	1.041779001824974e+29
45757746.838540904	1.023810334944274e+29
46228880.191283025	1.0064707485111455e+29
46703544.36378464	9.898355594159024e+28
47180961.31428439	9.737935875876744e+28
47660989.06170538	9.587181567965385e+28
48143468.44110839	9.440293491431604e+28
48627165.72390375	9.301544026210585e+28
49114131.40370091	9.163786457102922e+28
49602522.620729685	9.025546525935575e+28
50093908.706947595	8.880533756214643e+28
50588368.46687191	8.733730780652588e+28
51087510.42613057	8.593356383064709e+28
51591690.96220825	8.454034730554726e+28
52102715.249207504	8.312250638893413e+28
52625180.4532773	8.175384795196947e+28
53157298.5876822	8.039376807087445e+28
53695319.1138669	7.907139380134103e+28
54236500.04692412	7.784343084293138e+28
54778436.69675139	7.662865541523052e+28
55321631.69629039	7.542979579092059e+28
55866084.256371506	7.420216973300758e+28
56410017.313771494	7.294636136561295e+28
56955359.761307806	7.170975978343104e+28
57500728.772251226	7.045395472040399e+28
58046674.6088008	6.92025968930425e+28
58593217.470454715	6.801317989734265e+28
59141598.65052685	6.686001091081273e+28
59693107.87469521	6.575654464330069e+28
60249698.15144306	6.4650605131882445e+28
60814797.32877517	6.357219340681594e+28
61387873.041342616	6.249351337378126e+28
61965981.49258994	6.144445053432805e+28
62547932.883029796	6.0431582866169485e+28
63131721.57909207	5.945378589978989e+28
63716998.054993145	5.8492681316181965e+28
64303903.94167372	5.756160598078012e+28
64891156.06721766	5.663453696286694e+28
65477396.519256935	5.575214990416321e+28
66065529.46991343	5.489200545968345e+28
66652447.54950863	5.407110673563342e+28
67240550.444951	5.327099542471277e+28
