1083936.3038942832	1.1459200109234802e+30
1627420.7094420912	1.1393805572873743e+30
2171473.9894596944	1.1362406089055899e+30
2715302.9849355672	1.1352714095112645e+30
3258437.7821281166	1.1329359394234325e+30
3799902.4895383827	1.1284803508569451e+30
4339719.850405092	1.1211111909188319e+30
4877640.566913474	1.1135562435454297e+30
5413922.080155938	1.1088516148731026e+30
5948059.358311751	1.1084764898119282e+30
6480473.937143794	1.1071647549047551e+30
7010470.050574355	1.1032632619031614e+30
7537707.538104672	1.0972064473832938e+30
8062509.947280685	1.0893467448374694e+30
8584666.93180347	1.082474419741912e+30
9103258.748931615	1.0805271266966455e+30
9619319.178091558	1.0805812813873466e+30
10132527.055478314	1.0772121332895974e+30
10642628.076748712	1.0728027464687306e+30
11149616.689823916	1.0671391568129947e+30
11652424.72363585	1.0597353799477468e+30
12152441.924979521	1.0551158791052097e+30
12648535.762688106	1.0535246419289184e+30
13140924.310717264	1.0511928246929972e+30
13630010.181214098	1.0482627611589298e+30
14114631.215161096	1.0433573799918394e+30
14596607.213321868	1.03777477020709e+30
15074494.098973935	1.0313987924175215e+30
15549066.664594373	1.0273284723539564e+30
16018243.484851887	1.0251480767845294e+30
16484134.691878734	1.0227444399664364e+30
16945724.939936917	1.0193076726885464e+30
17402751.148884475	1.0141002695230307e+30
17855884.31582149	1.0086619346992828e+30
18304390.730914813	1.0015671314753181e+30
18748464.297109775	9.970627565005732e+29
19187051.457428258	9.956229416176863e+29
19621330.33079052	9.935521162509546e+29
20078011.453826793	9.892643271643653e+29
20528656.01981776	9.84068844875142e+29
20974149.64068865	9.774951178163651e+29
21413600.20244144	9.704276959264004e+29
21847150.079129312	9.66424896044971e+29
22273968.582854737	9.647226483958658e+29
22695640.061033748	9.624299037267344e+29
23111237.383359633	9.587200115826902e+29
23520738.283055656	9.527728664276823e+29
23923397.030940235	9.458167270524243e+29
24320726.115393844	9.395895735771915e+29
24711716.047858756	9.35848852324451e+29
25097241.227770433	9.347117323649532e+29
25475447.98524454	9.321198258007028e+29
25848065.44985524	9.28409764894608e+29
26214032.317003425	9.231200579061673e+29
26574911.717256937	9.159896402515238e+29
26928227.612488717	9.09824912191937e+29
27276313.385426555	9.058988918737317e+29
27618042.804297335	9.042663329455536e+29
27954080.162652463	9.019162949051237e+29
28283584.415345944	8.983943605495973e+29
28606587.409720857	8.93712237746774e+29
28924390.50956822	8.881016338811064e+29
29235410.37081573	8.815052708130608e+29
29540985.067190968	8.774123249919569e+29
29840048.210919496	8.741906456764541e+29
30133614.863636922	8.719579356128469e+29
30421186.032599058	8.696122227247614e+29
30702644.58283683	8.6550481008627e+29
30977954.128379747	8.600199965347488e+29
31247753.20611067	8.54477812239666e+29
31511811.34669983	8.489719248023995e+29
31769830.198318657	8.450979728593608e+29
32021961.85963627	8.433568626346128e+29
32268482.464163076	8.414378417017883e+29
32508792.10521363	8.382212187057902e+29
32743727.532765724	8.344978871169362e+29
32973127.418247726	8.28856428097675e+29
33197243.459962152	8.230266463751783e+29
33415594.538179323	8.179519779071551e+29
33627551.26291535	8.144954035785708e+29
33835139.52889806	8.125958947566074e+29
34036150.95659319	8.106285943628271e+29
34232941.84466185	8.07492155273443e+29
34422721.716040984	8.031386623095415e+29
34607902.37416882	7.97409799447288e+29
34787510.65741842	7.914602748919618e+29
34961777.80862981	7.864904008343115e+29
35131342.92821725	7.825684844498326e+29
35295055.91920772	7.79676129027395e+29
35452497.60087433	7.775820293979982e+29
35605800.832729496	7.744508707925733e+29
35754112.115671396	7.702876488672522e+29
35896451.64149236	7.652920383060104e+29
36033870.96233209	7.596870682618837e+29
36166537.967159644	7.543157189647768e+29
36293702.22641939	7.500747080539067e+29
36416272.67280384	7.465968065995033e+29
36533349.5799386	7.44154702976261e+29
36646134.253151454	7.416665348141829e+29
36753617.6311938	7.379452452487824e+29
36855949.72714718	7.339915581514271e+29
36954083.765938506	7.28886143270214e+29
37048011.47767583	7.234764848417309e+29
37135858.00072486	7.185610517205371e+29
37219800.7622287	7.143947295346401e+29
37299564.990760945	7.110800006418653e+29
37374388.4724553	7.084569519411954e+29
37445314.27895886	7.05714727822027e+29
37512173.21057259	7.019960230011079e+29
37574137.559363894	6.977240368112953e+29
37632076.87837598	6.92568012110238e+29
37685099.446996294	6.86988848340805e+29
37735061.98474437	6.81614693647073e+29
37780924.351381995	6.771662019797211e+29
37821829.81576248	6.735023290003195e+29
37859589.98749986	6.707560359629149e+29
37893321.61344529	6.678796046396521e+29
37923846.41950233	6.64710922313835e+29
37950134.46998574	6.606309718044363e+29
37972281.83530719	6.5614299095601e+29
37991093.50268823	6.509405018876903e+29
38006662.8861309	6.45965657151958e+29
38018799.81403937	6.413085092734162e+29
38027456.67672241	6.372074456893591e+29
38032718.759641685	6.338580059240904e+29
38035390.417083934	6.311196069866677e+29
38034406.74770674	6.2842700393929116e+29
38030860.84668608	6.2527117287345886e+29
38013612.75359131	6.178278026800452e+29
37985853.305276684	6.0780041361773116e+29
37947291.65895769	5.990665153915461e+29
37898231.220599204	5.927439720192442e+29
37840284.186829254	5.8790776543264635e+29
37772915.77493059	5.807485427433402e+29
37696453.5300073	5.7160201492254565e+29
37611811.44454492	5.628031529463076e+29
37520388.17682994	5.554519342516655e+29
37421919.17766912	5.493042220823003e+29
37316190.32993588	5.4365795194166786e+29
37204887.742607154	5.3638073885482736e+29
37088051.0399239	5.2686921184754604e+29
36964711.69020529	5.1835958704929666e+29
36836056.7452598	5.1113808411802395e+29
36703788.41672887	5.0590822448134265e+29
36567076.28646293	5.008230968291694e+29
36427106.69185791	4.936121264742145e+29
36284616.26557458	4.847714517434615e+29
36139461.934843466	4.765872129305548e+29
35992397.59643695	4.696795765588145e+29
35844984.15036614	4.632736600697115e+29
35695885.030910775	4.5786455534463035e+29
35547205.8724733	4.522685820462276e+29
35399188.686041944	4.445558300636505e+29
35251423.57338211	4.364709085141582e+29
35106343.36683329	4.2862061510761565e+29
34962057.34835981	4.220743837279934e+29
34819069.02761761	4.165670131676673e+29
34677621.42290039	4.1178361276521784e+29
34537878.5321276	4.0681176541764135e+29
34401044.70550276	4.001838485930784e+29
34267148.636850424	3.929773585906029e+29
34136134.80140949	3.860679995264517e+29
34008347.74625195	3.798378523126273e+29
33884873.274515875	3.744434270160177e+29
33765786.23681077	3.6948072176392435e+29
33652108.46643788	3.647674553689923e+29
33543651.586140703	3.5982265897934616e+29
33440952.57319235	3.5412190263153986e+29
33345187.937392104	3.4795004618936024e+29
33255893.636316556	3.418543721824602e+29
33173088.845327623	3.360802568518819e+29
33095059.950089227	3.3089058179025876e+29
33022939.48908849	3.261234829134274e+29
32956473.117583442	3.217793287638919e+29
32896188.11929431	3.175236901276045e+29
32842736.16159287	3.130322474114715e+29
32796347.085917972	3.0821843648636135e+29
32756317.817941625	3.031101472868636e+29
32722220.076730736	2.98027889180799e+29
32697209.283668235	2.929250002931081e+29
32679876.547349438	2.883749468921552e+29
32669519.38336406	2.840118110893759e+29
32668677.183810182	2.800746169647598e+29
32676154.974843655	2.7643060237833513e+29
32691002.21681801	2.7257119952640253e+29
32714856.34906563	2.684667779246413e+29
32746566.487801436	2.6415315638342888e+29
32786292.046219565	2.6018526242694577e+29
32833426.6493767	2.5623644854830664e+29
32889090.53987355	2.5200320290750228e+29
32951819.86689051	2.477534469207665e+29
33022586.954083413	2.4373769082716525e+29
33100353.734363627	2.3990068195656813e+29
33185431.826932732	2.362454897561533e+29
33277717.5079662	2.3275406579862095e+29
33377684.484397657	2.293834354031152e+29
33485539.030154496	2.258971353744297e+29
33602233.96055684	2.2213731244250965e+29
33728682.48449679	2.182919328733503e+29
33865258.62207463	2.147831004767156e+29
34011714.11058255	2.11560819384035e+29
34169527.26831321	2.082588319865211e+29
34338162.60576562	2.0479550513336872e+29
34519594.147961825	2.0123242840686577e+29
34710758.67133993	1.9767050113943986e+29
34915613.22016269	1.941813431643577e+29
35131616.15610646	1.9083124742964184e+29
35361123.54182203	1.8749042679602595e+29
35602590.00606557	1.843006208106532e+29
35858415.38802294	1.8115773531226904e+29
36124517.90045094	1.7786120264039888e+29
36396572.159202024	1.7446628955203735e+29
36675450.49402938	1.710363253548498e+29
36959076.61914729	1.6776094226801084e+29
37249234.08796482	1.6469557308273445e+29
37545993.29808708	1.6181857378349868e+29
37848869.58602595	1.5913868354293093e+29
38160136.896242924	1.5658994921164101e+29
38478086.25620562	1.5397533137837812e+29
38806154.65026134	1.5126476131521377e+29
39144092.28402161	1.4849895760448585e+29
39494502.94332111	1.457036801215701e+29
39860199.424237706	1.4300551272387557e+29
40244432.491215475	1.403533340024367e+29
40640757.128035896	1.3775842904700073e+29
41041449.81284165	1.3526502289907583e+29
41446854.4830606	1.3289664103899101e+29
41856231.82681403	1.3062495308361931e+29
42269867.758723825	1.2831996959865508e+29
42686303.664524525	1.2600105396026067e+29
43108315.81655679	1.236241975356101e+29
43533317.304565705	1.2119307151724215e+29
43964037.94398326	1.1888956956360697e+29
44400849.05652143	1.1667833712730748e+29
44843571.393679164	1.146104368597179e+29
45295484.105371915	1.1259949694577371e+29
45757746.838540904	1.1064437204570084e+29
46228880.191283025	1.087804575941906e+29
46703544.36378464	1.0698504775248173e+29
47180961.31428439	1.0522323193510339e+29
47660989.06170538	1.0355528247358547e+29
48143468.44110839	1.0194376387489347e+29
48627165.72390375	1.0042067613938789e+29
49114131.40370091	9.890041904013343e+28
49602522.620729685	9.737355343859343e+28
50093908.706947595	9.582030689154517e+28
50588368.46687191	9.422734987990529e+28
51087510.42613057	9.268606666744428e+28
51591690.96220825	9.118617633649283e+28
52102715.249207504	8.968066597552355e+28
52625180.4532773	8.82164993841873e+28
53157298.5876822	8.673560778127801e+28
53695319.1138669	8.526375708081102e+28
54236500.04692412	8.388800004199704e+28
54778436.69675139	8.253493092112717e+28
55321631.69629039	8.123816018341803e+28
55866084.256371506	7.994704906536766e+28
56410017.313771494	7.864393050648024e+28
56955359.761307806	7.737090535954326e+28
57500728.772251226	7.6081256157083594e+28
58046674.6088008	7.476943686581368e+28
58593217.470454715	7.349642212955769e+28
59141598.65052685	7.226034927066279e+28
59693107.87469521	7.1076864924673645e+28
60249698.15144306	6.9907612598167685e+28
60814797.32877517	6.877687179224758e+28
61387873.041342616	6.764066946873799e+28
61965981.49258994	6.653256891420933e+28
62547932.883029796	6.544837462752191e+28
63131721.57909207	6.439044998854494e+28
63716998.054993145	6.33596564826182e+28
64303903.94167372	6.238000074141008e+28
64891156.06721766	6.141107665752904e+28
65477396.519256935	6.048473985303365e+28
66065529.46991343	5.957195700290839e+28
66652447.54950863	5.868449335835286e+28
67240550.444951	5.780123867586902e+28
