1083936.3038942832	6.506892791976302e+29
1627420.7094420912	6.46668217431794e+29
2171473.9894596944	6.452003854693264e+29
2715302.9849355672	6.456133778123825e+29
3258437.7821281166	6.442008352581859e+29
3799902.4895383827	6.42101082616803e+29
4339719.850405092	6.375275841993637e+29
4877640.566913474	6.326086997515401e+29
5413922.080155938	6.2997807821192746e+29
5948059.358311751	6.303191553781752e+29
6480473.937143794	6.305845638686406e+29
7010470.050574355	6.283807996952564e+29
7537707.538104672	6.2480957885402674e+29
8062509.947280685	6.1943166286193564e+29
8584666.93180347	6.149776251124249e+29
9103258.748931615	6.143974648044395e+29
9619319.178091558	6.1533905232137645e+29
10132527.055478314	6.1373464364922264e+29
10642628.076748712	6.112313383369989e+29
11149616.689823916	6.078023981832823e+29
11652424.72363585	6.026001166753399e+29
12152441.924979521	5.9970040883669975e+29
12648535.762688106	5.995289419775457e+29
13140924.310717264	5.988937796156291e+29
13630010.181214098	5.9775048697869354e+29
14114631.215161096	5.945074189892473e+29
14596607.213321868	5.908288651104375e+29
15074494.098973935	5.86461040822944e+29
15549066.664594373	5.841492109627457e+29
16018243.484851887	5.8357922047372904e+29
16484134.691878734	5.8262811328611834e+29
16945724.939936917	5.810604710335678e+29
17402751.148884475	5.7763331497695555e+29
17855884.31582149	5.7433982825690595e+29
18304390.730914813	5.69600482205076e+29
18748464.297109775	5.671078480592597e+29
19187051.457428258	5.669054952970594e+29
19621330.33079052	5.659391277102935e+29
20078011.453826793	5.63552440490744e+29
20528656.01981776	5.606350442040937e+29
20974149.64068865	5.56429886766295e+29
21413600.20244144	5.5184095457271284e+29
21847150.079129312	5.497169699956389e+29
22273968.582854737	5.493194969632254e+29
22695640.061033748	5.481212299374354e+29
23111237.383359633	5.459226754461215e+29
23520738.283055656	5.426275936352568e+29
23923397.030940235	5.381174631237536e+29
24320726.115393844	5.34164233965992e+29
24711716.047858756	5.320861196216192e+29
25097241.227770433	5.320153257476149e+29
25475447.98524454	5.309860858273848e+29
25848065.44985524	5.288372972099568e+29
26214032.317003425	5.259086055052604e+29
26574911.717256937	5.212606957007014e+29
26928227.612488717	5.172667307416556e+29
27276313.385426555	5.151395157324295e+29
27618042.804297335	5.146064060162501e+29
27954080.162652463	5.13830624614824e+29
28283584.415345944	5.116331674139457e+29
28606587.409720857	5.08899029016709e+29
28924390.50956822	5.055184334976004e+29
29235410.37081573	5.0119479280916016e+29
29540985.067190968	4.986606651923712e+29
29840048.210919496	4.9716903519755504e+29
30133614.863636922	4.9630373797929e+29
30421186.032599058	4.951063283721523e+29
30702644.58283683	4.926621342645851e+29
30977954.128379747	4.893754170131027e+29
31247753.20611067	4.858605213243384e+29
31511811.34669983	4.826308405354246e+29
31769830.198318657	4.805539821964271e+29
32021961.85963627	4.796212792883166e+29
32268482.464163076	4.78649128267578e+29
32508792.10521363	4.76936741958157e+29
32743727.532765724	4.746731861722968e+29
32973127.418247726	4.7144104221939596e+29
33197243.459962152	4.682569392102401e+29
33415594.538179323	4.653056341245123e+29
33627551.26291535	4.6364307818042994e+29
33835139.52889806	4.627622672252913e+29
34036150.95659319	4.6196850980365945e+29
34232941.84466185	4.605311087621798e+29
34422721.716040984	4.580049027060896e+29
34607902.37416882	4.545669556035622e+29
34787510.65741842	4.5134326441519116e+29
34961777.80862981	4.4859349999696436e+29
35131342.92821725	4.4635592260875995e+29
35295055.91920772	4.448204464736886e+29
35452497.60087433	4.43934332205087e+29
35605800.832729496	4.425080738682473e+29
35754112.115671396	4.402148566656445e+29
35896451.64149236	4.3726157036395305e+29
36033870.96233209	4.338669542848428e+29
36166537.967159644	4.307897530973638e+29
36293702.22641939	4.285128724741185e+29
36416272.67280384	4.2653144745466994e+29
36533349.5799386	4.2526881297606075e+29
36646134.253151454	4.242905840444526e+29
36753617.6311938	4.22084730657518e+29
36855949.72714718	4.201747668620971e+29
36954083.765938506	4.1716443329052866e+29
37048011.47767583	4.1412474425507616e+29
37135858.00072486	4.11605954295914e+29
37219800.7622287	4.094784449234073e+29
37299564.990760945	4.0778597554959316e+29
37374388.4724553	4.063022286482471e+29
37445314.27895886	4.052465197968053e+29
37512173.21057259	4.029929470018515e+29
37574137.559363894	4.010312087992954e+29
37632076.87837598	3.981913602753737e+29
37685099.446996294	3.95133261118197e+29
37735061.98474437	3.9222328061235784e+29
37780924.351381995	3.8973732715856526e+29
37821829.81576248	3.877641245333399e+29
37859589.98749986	3.8620241507739436e+29
37893321.61344529	3.8470020992421286e+29
37923846.41950233	3.831456256311339e+29
37950134.46998574	3.808202014778412e+29
37972281.83530719	3.784144342260845e+29
37991093.50268823	3.753666214265047e+29
38006662.8861309	3.7245957349489445e+29
38018799.81403937	3.696537087127837e+29
38027456.67672241	3.6738850198927e+29
38032718.759641685	3.656865605144797e+29
38035390.417083934	3.644124806753796e+29
38034406.74770674	3.630193122842189e+29
38030860.84668608	3.613306032784858e+29
38013612.75359131	3.572114717036211e+29
37985853.305276684	3.514987289674554e+29
37947291.65895769	3.463725228148406e+29
37898231.220599204	3.431825730878536e+29
37840284.186829254	3.406467108343027e+29
37772915.77493059	3.365696235721143e+29
37696453.5300073	3.3140420017589154e+29
37611811.44454492	3.2619371403126836e+29
37520388.17682994	3.219336071854224e+29
37421919.17766912	3.186743839254101e+29
37316190.32993588	3.1580360088391073e+29
37204887.742607154	3.1153191928020073e+29
37088051.0399239	3.0572239022049688e+29
36964711.69020529	3.0072005383220125e+29
36836056.7452598	2.9662425254105335e+29
36703788.41672887	2.93734285811737e+29
36567076.28646293	2.9075918054489962e+29
36427106.69185791	2.865760941171416e+29
36284616.26557458	2.8132896943418058e+29
36139461.934843466	2.7672277951513942e+29
35992397.59643695	2.7261322125816977e+29
35844984.15036614	2.6878258027291105e+29
35695885.030910775	2.6574727518615952e+29
35547205.8724733	2.6264585246408763e+29
35399188.686041944	2.5792072639137403e+29
35251423.57338211	2.5291666686797617e+29
35106343.36683329	2.4845034586402533e+29
34962057.34835981	2.4464939310853664e+29
34819069.02761761	2.414613887014236e+29
34677621.42290039	2.3861173361513214e+29
34537878.5321276	2.3565196987873244e+29
34401044.70550276	2.3179023752837245e+29
34267148.636850424	2.2772072714240862e+29
34136134.80140949	2.2394111154577394e+29
34008347.74625195	2.205255144286202e+29
33884873.274515875	2.173454807396898e+29
33765786.23681077	2.143087892581037e+29
33652108.46643788	2.1156985866561574e+29
33543651.586140703	2.0866119041827807e+29
33440952.57319235	2.0543206209864204e+29
33345187.937392104	2.020064041527284e+29
33255893.636316556	1.985414590495681e+29
33173088.845327623	1.953574844104967e+29
33095059.950089227	1.9249904641279745e+29
33022939.48908849	1.8960735427220045e+29
32956473.117583442	1.8701163174401797e+29
32896188.11929431	1.844636501415874e+29
32842736.16159287	1.8173455505865236e+29
32796347.085917972	1.790309563306216e+29
32756317.817941625	1.762536395505134e+29
32722220.076730736	1.734775463627182e+29
32697209.283668235	1.7061231416191508e+29
32679876.547349438	1.6802701614541905e+29
32669519.38336406	1.654953687986824e+29
32668677.183810182	1.6313522224361074e+29
32676154.974843655	1.6101669810787725e+29
32691002.21681801	1.5867724628344715e+29
32714856.34906563	1.5625816591620417e+29
32746566.487801436	1.5373075573243673e+29
32786292.046219565	1.5161323939496881e+29
32833426.6493767	1.4947307876414138e+29
32889090.53987355	1.4709213693060673e+29
32951819.86689051	1.4469559827554362e+29
33022586.954083413	1.4238056843551497e+29
33100353.734363627	1.4017343762800042e+29
33185431.826932732	1.3801983340771326e+29
33277717.5079662	1.359521969069145e+29
33377684.484397657	1.3393041641616147e+29
33485539.030154496	1.318651036923953e+29
33602233.96055684	1.2956146645431746e+29
33728682.48449679	1.2724247159784905e+29
33865258.62207463	1.252275458905742e+29
34011714.11058255	1.2337549081069627e+29
34169527.26831321	1.2150609751648236e+29
34338162.60576562	1.1954305126101334e+29
34519594.147961825	1.1742686532023286e+29
34710758.67133993	1.1535922266244408e+29
34915613.22016269	1.1329997822464073e+29
35131616.15610646	1.1134375791616679e+29
35361123.54182203	1.0929191674540673e+29
35602590.00606557	1.0735408518562774e+29
35858415.38802294	1.0551273283273463e+29
36124517.90045094	1.0355521423742477e+29
36396572.159202024	1.0148307609389956e+29
36675450.49402938	9.94128952902964e+28
36959076.61914729	9.746217716569893e+28
37249234.08796482	9.567018200650718e+28
37545993.29808708	9.40117597350071e+28
37848869.58602595	9.245755277528426e+28
38160136.896242924	9.103072398310649e+28
38478086.25620562	8.953745239772452e+28
38806154.65026134	8.797928574316725e+28
39144092.28402161	8.635200121324248e+28
39494502.94332111	8.47097045343889e+28
39860199.424237706	8.31307208320644e+28
40244432.491215475	8.159256006372126e+28
40640757.128035896	8.005089529150852e+28
41041449.81284165	7.858691162766838e+28
41446854.4830606	7.719016963911341e+28
41856231.82681403	7.589403015920653e+28
42269867.758723825	7.455176373004979e+28
42686303.664524525	7.316412866008297e+28
43108315.81655679	7.172474949612325e+28
43533317.304565705	7.023712021375278e+28
43964037.94398326	6.887376431944279e+28
44400849.05652143	6.756415410325094e+28
44843571.393679164	6.634601463623839e+28
45295484.105371915	6.518101052421454e+28
45757746.838540904	6.406067364659612e+28
46228880.191283025	6.299057234781444e+28
46703544.36378464	6.195197948869684e+28
47180961.31428439	6.095482471596893e+28
47660989.06170538	6.002547848384913e+28
48143468.44110839	5.912394436261208e+28
48627165.72390375	5.829508481133068e+28
49114131.40370091	5.744893199140948e+28
49602522.620729685	5.661155116628968e+28
50093908.706947595	5.574201708011752e+28
50588368.46687191	5.484543383587088e+28
51087510.42613057	5.398466306766073e+28
51591690.96220825	5.315517010876984e+28
52102715.249207504	5.230304641170893e+28
52625180.4532773	5.1487184091158105e+28
53157298.5876822	5.06534291531413e+28
53695319.1138669	4.978838056824084e+28
54236500.04692412	4.897329102140624e+28
54778436.69675139	4.814458538317742e+28
55321631.69629039	4.736106637917177e+28
55866084.256371506	4.656788332972831e+28
56410017.313771494	4.575594061924028e+28
56955359.761307806	4.497904814836612e+28
57500728.772251226	4.418507940134267e+28
58046674.6088008	4.337791134183471e+28
58593217.470454715	4.260055059177596e+28
59141598.65052685	4.185573141158288e+28
59693107.87469521	4.114207056045028e+28
60249698.15144306	4.043573511389793e+28
60814797.32877517	3.975987674464965e+28
61387873.041342616	3.9083685786523e+28
61965981.49258994	3.841028683582502e+28
62547932.883029796	3.7758519329524303e+28
63131721.57909207	3.7116602423527824e+28
63716998.054993145	3.6515024133049517e+28
64303903.94167372	3.593625232722134e+28
64891156.06721766	3.535132598548327e+28
65477396.519256935	3.479972114049942e+28
66065529.46991343	3.42652928206461e+28
66652447.54950863	3.3733597100039384e+28
67240550.444951	3.3210621980279703e+28
