1083936.3038942832	3.1658004127335296e-21
1627420.7094420912	3.1297517661793575e-21
2171473.9894596944	3.1208833494986307e-21
2715302.9849355672	3.1535446840252618e-21
3258437.7821281166	3.153121825091414e-21
3799902.4895383827	3.135033362913834e-21
4339719.850405092	3.0890427691579023e-21
4877640.566913474	3.0458453190713995e-21
5413922.080155938	3.0204221268075972e-21
5948059.358311751	3.0356058871058665e-21
6480473.937143794	3.060648462943025e-21
7010470.050574355	3.058623745183469e-21
7537707.538104672	3.021112874584971e-21
8062509.947280685	2.970377615650236e-21
8584666.93180347	2.934344192882834e-21
9103258.748931615	2.9347488623033613e-21
9619319.178091558	2.9669374372316622e-21
10132527.055478314	2.9656805287761617e-21
10642628.076748712	2.9640059571031143e-21
11149616.689823916	2.9114430853677473e-21
11652424.72363585	2.86396268571286e-21
12152441.924979521	2.848934893485028e-21
12648535.762688106	2.8527812326392176e-21
13140924.310717264	2.872334089211551e-21
13630010.181214098	2.879785541048342e-21
14114631.215161096	2.8565831181054106e-21
14596607.213321868	2.8003700037810407e-21
15074494.098973935	2.7649943664483876e-21
15549066.664594373	2.7572956368249676e-21
16018243.484851887	2.7584480572439684e-21
16484134.691878734	2.774476308880959e-21
16945724.939936917	2.7734820646820028e-21
17402751.148884475	2.7448875389807365e-21
17855884.31582149	2.696485960835474e-21
18304390.730914813	2.6625805884300422e-21
18748464.297109775	2.6446697783243673e-21
19187051.457428258	2.655852053965593e-21
19621330.33079052	2.6752279407899163e-21
20078011.453826793	2.659088350353796e-21
20528656.01981776	2.6385806807969638e-21
20974149.64068865	2.5868302604019865e-21
21413600.20244144	2.552182441811824e-21
21847150.079129312	2.5441310360291093e-21
22273968.582854737	2.5457393358047758e-21
22695640.061033748	2.568454560043832e-21
23111237.383359633	2.566250924811709e-21
23520738.283055656	2.5231615783806923e-21
23923397.030940235	2.481349005144469e-21
24320726.115393844	2.448295067867617e-21
24711716.047858756	2.443580940198615e-21
25097241.227770433	2.445757956106952e-21
25475447.98524454	2.46864429355213e-21
25848065.44985524	2.4592899156659902e-21
26214032.317003425	2.4238127066538054e-21
26574911.717256937	2.375610233957356e-21
26928227.612488717	2.3561938622404357e-21
27276313.385426555	2.341641514820912e-21
27618042.804297335	2.336835172036496e-21
27954080.162652463	2.3525800937455625e-21
28283584.415345944	2.348890625857053e-21
28606587.409720857	2.3293961206560565e-21
28924390.50956822	2.2824841441700955e-21
29235410.37081573	2.2575931601880306e-21
29540985.067190968	2.239597760890786e-21
29840048.210919496	2.2358053203483075e-21
30133614.863636922	2.23900290663789e-21
30421186.032599058	2.2505612756931404e-21
30702644.58283683	2.2363655735970834e-21
30977954.128379747	2.1946549385067924e-21
31247753.20611067	2.1634525689096506e-21
31511811.34669983	2.1425601467900385e-21
31769830.198318657	2.1312514259866167e-21
32021961.85963627	2.1223604896821162e-21
32268482.464163076	2.1344660757180522e-21
32508792.10521363	2.1318951326235272e-21
32743727.532765724	2.1167777496065782e-21
32973127.418247726	2.069029288756442e-21
33197243.459962152	2.0489704061795697e-21
33415594.538179323	2.026327634579658e-21
33627551.26291535	2.0225337250292766e-21
33835139.52889806	2.0109526710486156e-21
34036150.95659319	2.019437142985426e-21
34232941.84466185	2.0103688429059806e-21
34422721.716040984	2.004156159807554e-21
34607902.37416882	1.9594830912517082e-21
34787510.65741842	1.9449968367236834e-21
34961777.80862981	1.9226342574795804e-21
35131342.92821725	1.912342663021751e-21
35295055.91920772	1.9070651763060044e-21
35452497.60087433	1.911363790184833e-21
35605800.832729496	1.9094466265754733e-21
35754112.115671396	1.8958117551876123e-21
35896451.64149236	1.865064168692822e-21
36033870.96233209	1.8417587816935283e-21
36166537.967159644	1.823660933247159e-21
36293702.22641939	1.812159847327812e-21
36416272.67280384	1.801497781296345e-21
36533349.5799386	1.795944192726215e-21
36646134.253151454	1.794398802207751e-21
36753617.6311938	1.789776034078473e-21
36855949.72714718	1.770845244919534e-21
36954083.765938506	1.7397328620663775e-21
37048011.47767583	1.7213548984301062e-21
37135858.00072486	1.7107737124560772e-21
37219800.7622287	1.6946372859352464e-21
37299564.990760945	1.6858326395581355e-21
37374388.4724553	1.6777756025367054e-21
37445314.27895886	1.673720507474245e-21
37512173.21057259	1.6655716403835281e-21
37574137.559363894	1.647843352771614e-21
37632076.87837598	1.6237913739473687e-21
37685099.446996294	1.6066194342870505e-21
37735061.98474437	1.590756334950056e-21
37780924.351381995	1.5794405084176585e-21
37821829.81576248	1.5723990041011012e-21
37859589.98749986	1.5598809528921024e-21
37893321.61344529	1.5531222734096448e-21
37923846.41950233	1.5470203847009076e-21
37950134.46998574	1.5383974185013369e-21
37972281.83530719	1.5174110727329646e-21
37991093.50268823	1.4985676464836882e-21
38006662.8861309	1.4817715845387188e-21
38018799.81403937	1.4690607328482037e-21
38027456.67672241	1.4574652691938264e-21
38032718.759641685	1.446059655844967e-21
38035390.417083934	1.4343768364954636e-21
38034406.74770674	1.4290992234313739e-21
38030860.84668608	1.4167706269204346e-21
38013612.75359131	1.3776137286096165e-21
37985853.305276684	1.3425277151118322e-21
37947291.65895769	1.3182269185663106e-21
37898231.220599204	1.2990335601482308e-21
37840284.186829254	1.2796579491842898e-21
37772915.77493059	1.2575827788626872e-21
37696453.5300073	1.2280695753722293e-21
37611811.44454492	1.2053454744757298e-21
37520388.17682994	1.1850361962605255e-21
37421919.17766912	1.1648178135917084e-21
37316190.32993588	1.1458087771852038e-21
37204887.742607154	1.1185264121274647e-21
37088051.0399239	1.0976532127337856e-21
36964711.69020529	1.0810517279847714e-21
36836056.7452598	1.0631521888323579e-21
36703788.41672887	1.0438605466710933e-21
36567076.28646293	1.0219680342989914e-21
36427106.69185791	9.99419688945089e-22
36284616.26557458	9.80773102911369e-22
36139461.934843466	9.632451125470677e-22
35992397.59643695	9.457155070209234e-22
35844984.15036614	9.2304822473452e-22
35695885.030910775	9.006548753990467e-22
35547205.8724733	8.78939774559527e-22
35399188.686041944	8.572161411517145e-22
35251423.57338211	8.446094049272464e-22
35106343.36683329	8.2458287281475765e-22
34962057.34835981	8.086651082848016e-22
34819069.02761761	7.915780030447092e-22
34677621.42290039	7.711182125689641e-22
34537878.5321276	7.524709421489114e-22
34401044.70550276	7.345002115453079e-22
34267148.636850424	7.207155579279004e-22
34136134.80140949	7.092944740743663e-22
34008347.74625195	6.94834607479254e-22
33884873.274515875	6.785906633236813e-22
33765786.23681077	6.620670230310226e-22
33652108.46643788	6.409085424293532e-22
33543651.586140703	6.218378005104156e-22
33440952.57319235	6.070807854091447e-22
33345187.937392104	5.926762402119315e-22
33255893.636316556	5.818202392023377e-22
33173088.845327623	5.678600405560673e-22
33095059.950089227	5.566181813716524e-22
33022939.48908849	5.433034465014188e-22
32956473.117583442	5.287058263032739e-22
32896188.11929431	5.140373863642529e-22
32842736.16159287	4.975340023096425e-22
32796347.085917972	4.8565992997572385e-22
32756317.817941625	4.770000408171319e-22
32722220.076730736	4.696656347557233e-22
32697209.283668235	4.588153485726262e-22
32679876.547349438	4.47990162662452e-22
32669519.38336406	4.376737091729669e-22
32668677.183810182	4.248425514602974e-22
32676154.974843655	4.1148935237432864e-22
32691002.21681801	3.9985398204090056e-22
32714856.34906563	3.856629268749879e-22
32746566.487801436	3.745276061866512e-22
32786292.046219565	3.6595714473907037e-22
32833426.6493767	3.5996054087918736e-22
32889090.53987355	3.52253444259086e-22
32951819.86689051	3.465886261926846e-22
33022586.954083413	3.382775612210905e-22
33100353.734363627	3.31218760594931e-22
33185431.826932732	3.232119115309942e-22
33277717.5079662	3.1520445643353726e-22
33377684.484397657	3.0486584584242085e-22
33485539.030154496	2.9543858872947004e-22
33602233.96055684	2.845875243887364e-22
33728682.48449679	2.7444475570869735e-22
33865258.62207463	2.653249421829832e-22
34011714.11058255	2.578306162595529e-22
34169527.26831321	2.5013411230142436e-22
34338162.60576562	2.425923133283603e-22
34519594.147961825	2.3361326527828e-22
34710758.67133993	2.269439965519641e-22
34915613.22016269	2.1702634939523967e-22
35131616.15610646	2.09029500141288e-22
35361123.54182203	1.9920374957349539e-22
35602590.00606557	1.9113194041006236e-22
35858415.38802294	1.8048879260697639e-22
36124517.90045094	1.7274134137963524e-22
36396572.159202024	1.663648967638302e-22
36675450.49402938	1.6020335898682511e-22
36959076.61914729	1.5557320164427038e-22
37249234.08796482	1.5082318409521385e-22
37545993.29808708	1.4598071928129875e-22
37848869.58602595	1.4177856814832329e-22
38160136.896242924	1.3691825903444449e-22
38478086.25620562	1.3347811075809031e-22
38806154.65026134	1.2822774139246112e-22
39144092.28402161	1.2328331284101047e-22
39494502.94332111	1.1789399668090714e-22
39860199.424237706	1.109455845820973e-22
40244432.491215475	1.0363532464090424e-22
40640757.128035896	9.81524165550542e-23
41041449.81284165	9.508137937362364e-23
41446854.4830606	9.164379877860129e-23
41856231.82681403	8.817996783974993e-23
42269867.758723825	8.490921309841075e-23
42686303.664524525	8.211370918508917e-23
43108315.81655679	7.817053986408583e-23
43533317.304565705	7.535772763848991e-23
43964037.94398326	7.240176515152994e-23
44400849.05652143	6.93837673167038e-23
44843571.393679164	6.659142038502985e-23
45295484.105371915	6.316270981893704e-23
45757746.838540904	5.995389694059595e-23
46228880.191283025	5.687212094299075e-23
46703544.36378464	5.495184670428135e-23
47180961.31428439	5.320228939406692e-23
47660989.06170538	5.148614614722862e-23
48143468.44110839	4.9888865272560186e-23
48627165.72390375	4.882326004892277e-23
49114131.40370091	4.732375899601182e-23
49602522.620729685	4.626764052728079e-23
50093908.706947595	4.4770470414410025e-23
50588368.46687191	4.355080556204512e-23
51087510.42613057	4.220052993569888e-23
51591690.96220825	4.056876691590822e-23
52102715.249207504	3.8882369249546874e-23
52625180.4532773	3.663275893094295e-23
53157298.5876822	3.4698457755927904e-23
53695319.1138669	3.311197878293353e-23
54236500.04692412	3.213972904599144e-23
54778436.69675139	3.101432928531806e-23
55321631.69629039	3.0157829382231446e-23
55866084.256371506	2.904161367634093e-23
56410017.313771494	2.820935637904191e-23
56955359.761307806	2.7285117523505605e-23
57500728.772251226	2.6421038598014692e-23
58046674.6088008	2.559144361750885e-23
58593217.470454715	2.4889969082593551e-23
59141598.65052685	2.3930673241347433e-23
59693107.87469521	2.3250659391638738e-23
60249698.15144306	2.229420593210449e-23
60814797.32877517	2.1341496422800543e-23
61387873.041342616	2.0276554716288366e-23
61965981.49258994	1.9502888061995285e-23
62547932.883029796	1.8842430338663127e-23
63131721.57909207	1.828588072310026e-23
63716998.054993145	1.7852696206535582e-23
64303903.94167372	1.7297069140792455e-23
64891156.06721766	1.6829554823360296e-23
65477396.519256935	1.6583767010146065e-23
66065529.46991343	1.600679996303119e-23
66652447.54950863	1.575359083071712e-23
67240550.444951	1.5242481560262013e-23
