1083936.3038942832	3.3977625357622146e-21
1627420.7094420912	3.3700493010926126e-21
2171473.9894596944	3.350830996133215e-21
2715302.9849355672	3.3729031032919024e-21
3258437.7821281166	3.3589183905636498e-21
3799902.4895383827	3.3462939134486603e-21
4339719.850405092	3.3249112775560985e-21
4877640.566913474	3.282274903411792e-21
5413922.080155938	3.259371627382436e-21
5948059.358311751	3.2672813899599034e-21
6480473.937143794	3.2698744230059277e-21
7010470.050574355	3.266352448195575e-21
7537707.538104672	3.2566485731629417e-21
8062509.947280685	3.2042932367963157e-21
8584666.93180347	3.1751218947015872e-21
9103258.748931615	3.1639225060280524e-21
9619319.178091558	3.1899866781378794e-21
10132527.055478314	3.1727976739816545e-21
10642628.076748712	3.1774504863375565e-21
11149616.689823916	3.1443956895574584e-21
11652424.72363585	3.104800363209783e-21
12152441.924979521	3.0781323974515365e-21
12648535.762688106	3.071619160997793e-21
13140924.310717264	3.0939441262852854e-21
13630010.181214098	3.0819405954490136e-21
14114631.215161096	3.0761060074995735e-21
14596607.213321868	3.039034956410462e-21
15074494.098973935	2.992203271255205e-21
15549066.664594373	2.977172610050215e-21
16018243.484851887	2.9803628033810403e-21
16484134.691878734	2.9886824058739075e-21
16945724.939936917	2.9762424198338684e-21
17402751.148884475	2.9721021391216654e-21
17855884.31582149	2.9230746743843413e-21
18304390.730914813	2.884477346421415e-21
18748464.297109775	2.8674896377096552e-21
19187051.457428258	2.8743559822790565e-21
19621330.33079052	2.8844972087309242e-21
20078011.453826793	2.8676238071656962e-21
20528656.01981776	2.8634462072246425e-21
20974149.64068865	2.811950812435644e-21
21413600.20244144	2.7755535460277283e-21
21847150.079129312	2.7581260134970717e-21
22273968.582854737	2.7664376532981238e-21
22695640.061033748	2.7741156042654027e-21
23111237.383359633	2.7728689348890385e-21
23520738.283055656	2.750339407542367e-21
23923397.030940235	2.703945274138803e-21
24320726.115393844	2.6689595233091523e-21
24711716.047858756	2.6566855991665687e-21
25097241.227770433	2.6574201164577818e-21
25475447.98524454	2.6784161125004907e-21
25848065.44985524	2.6654460109275784e-21
26214032.317003425	2.655976777804884e-21
26574911.717256937	2.6000918342893802e-21
26928227.612488717	2.574977505899281e-21
27276313.385426555	2.555086170969177e-21
27618042.804297335	2.5569216989538206e-21
27954080.162652463	2.5725433935228368e-21
28283584.415345944	2.579181840010233e-21
28606587.409720857	2.563724586373378e-21
28924390.50956822	2.5121845737611278e-21
29235410.37081573	2.482253019825888e-21
29540985.067190968	2.4560638784564844e-21
29840048.210919496	2.4593705730303882e-21
30133614.863636922	2.4690890671614863e-21
30421186.032599058	2.4808127608808158e-21
30702644.58283683	2.4771250281374214e-21
30977954.128379747	2.449056946414963e-21
31247753.20611067	2.40212310161852e-21
31511811.34669983	2.3772061070912347e-21
31769830.198318657	2.3636220681742093e-21
32021961.85963627	2.3632262841665573e-21
32268482.464163076	2.3838690217282607e-21
32508792.10521363	2.3862331753203973e-21
32743727.532765724	2.381435546391776e-21
32973127.418247726	2.332453363390038e-21
33197243.459962152	2.2994646860370893e-21
33415594.538179323	2.2732548401373755e-21
33627551.26291535	2.2670290652191097e-21
33835139.52889806	2.265055948035803e-21
34036150.95659319	2.281836591542304e-21
34232941.84466185	2.280557400275255e-21
34422721.716040984	2.2823676144824872e-21
34607902.37416882	2.2303475218141045e-21
34787510.65741842	2.1968114172780674e-21
34961777.80862981	2.16435638275166e-21
35131342.92821725	2.1488983461130858e-21
35295055.91920772	2.1505282776146253e-21
35452497.60087433	2.1604531505703824e-21
35605800.832729496	2.1674460860018526e-21
35754112.115671396	2.158359618723722e-21
35896451.64149236	2.1180413175120065e-21
36033870.96233209	2.0761360150363387e-21
36166537.967159644	2.043736776764321e-21
36293702.22641939	2.0220457020272096e-21
36416272.67280384	2.0110010045315995e-21
36533349.5799386	2.0169426287596318e-21
36646134.253151454	2.023376899825816e-21
36753617.6311938	2.0289444549698683e-21
36855949.72714718	2.0101816131952454e-21
36954083.765938506	1.9660878835661074e-21
37048011.47767583	1.927379580886166e-21
37135858.00072486	1.9052219053656044e-21
37219800.7622287	1.8804435724835027e-21
37299564.990760945	1.874454147836286e-21
37374388.4724553	1.8776974900205878e-21
37445314.27895886	1.8856312676488724e-21
37512173.21057259	1.89118858845819e-21
37574137.559363894	1.8696041744340112e-21
37632076.87837598	1.8291010713584343e-21
37685099.446996294	1.7947091925464587e-21
37735061.98474437	1.7634202964200385e-21
37780924.351381995	1.7451919474011034e-21
37821829.81576248	1.7367601041057787e-21
37859589.98749986	1.7338671703335978e-21
37893321.61344529	1.7396379030721852e-21
37923846.41950233	1.7504660659084647e-21
37950134.46998574	1.7483858157000385e-21
37972281.83530719	1.7144769980104394e-21
37991093.50268823	1.6783769905332144e-21
38006662.8861309	1.6447271962092525e-21
38018799.81403937	1.6216037349378206e-21
38027456.67672241	1.6053612927139218e-21
38032718.759641685	1.5953226943479972e-21
38035390.417083934	1.5937706882783349e-21
38034406.74770674	1.6011187915825076e-21
38030860.84668608	1.6091169942781235e-21
38013612.75359131	1.563276366077853e-21
37985853.305276684	1.4987275926790689e-21
37947291.65895769	1.4566247049247896e-21
37898231.220599204	1.4427847486989362e-21
37840284.186829254	1.4486595704191414e-21
37772915.77493059	1.4429214038087731e-21
37696453.5300073	1.3826138598612582e-21
37611811.44454492	1.333468835326205e-21
37520388.17682994	1.305871348143361e-21
37421919.17766912	1.3010293168190608e-21
37316190.32993588	1.309582058249054e-21
37204887.742607154	1.2804556948066266e-21
37088051.0399239	1.2260472726018876e-21
36964711.69020529	1.1881998948235931e-21
36836056.7452598	1.165761579074066e-21
36703788.41672887	1.1607856120857447e-21
36567076.28646293	1.1688508735162421e-21
36427106.69185791	1.1462000408839995e-21
36284616.26557458	1.0971578591978232e-21
36139461.934843466	1.057056723104864e-21
35992397.59643695	1.0330153163044278e-21
35844984.15036614	1.0191869104983111e-21
35695885.030910775	1.02246633064532e-21
35547205.8724733	1.0187144650775931e-21
35399188.686041944	9.8177523747716e-22
35251423.57338211	9.415616901854386e-22
35106343.36683329	9.042196330184397e-22
34962057.34835981	8.84650112091184e-22
34819069.02761761	8.752619063052003e-22
34677621.42290039	8.76466589427895e-22
34537878.5321276	8.743934980604126e-22
34401044.70550276	8.511374650059138e-22
34267148.636850424	8.156577376928267e-22
34136134.80140949	7.849630604506879e-22
34008347.74625195	7.622781373049515e-22
33884873.274515875	7.4745261512872615e-22
33765786.23681077	7.41236534789043e-22
33652108.46643788	7.395409272352366e-22
33543651.586140703	7.304025133067933e-22
33440952.57319235	7.127623553271392e-22
33345187.937392104	6.824030524076145e-22
33255893.636316556	6.548423696350719e-22
33173088.845327623	6.315585599249868e-22
33095059.950089227	6.174626655340689e-22
33022939.48908849	6.08767125756796e-22
32956473.117583442	6.056952864725995e-22
32896188.11929431	6.052870197673898e-22
32842736.16159287	5.944126357596183e-22
32796347.085917972	5.803195647705941e-22
32756317.817941625	5.633647529846172e-22
32722220.076730736	5.432839758028513e-22
32697209.283668235	5.208855741368681e-22
32679876.547349438	5.04903904576011e-22
32669519.38336406	4.935945879913757e-22
32668677.183810182	4.834204257486089e-22
32676154.974843655	4.791803713614594e-22
32691002.21681801	4.769212326364924e-22
32714856.34906563	4.666685994809848e-22
32746566.487801436	4.552519799618678e-22
32786292.046219565	4.439747292125618e-22
32833426.6493767	4.315411003291742e-22
32889090.53987355	4.144260492281897e-22
32951819.86689051	3.9920738941383634e-22
33022586.954083413	3.856997957219549e-22
33100353.734363627	3.762315122002369e-22
33185431.826932732	3.686565263698043e-22
33277717.5079662	3.6399302213328495e-22
33377684.484397657	3.6028749847329003e-22
33485539.030154496	3.571507527491924e-22
33602233.96055684	3.472153886642992e-22
33728682.48449679	3.3627888262822577e-22
33865258.62207463	3.2509272989044944e-22
34011714.11058255	3.1461966386505445e-22
34169527.26831321	3.030192498485099e-22
34338162.60576562	2.8835240435683167e-22
34519594.147961825	2.7253978327464226e-22
34710758.67133993	2.6066331673899535e-22
34915613.22016269	2.4725291119683917e-22
35131616.15610646	2.3725126377289833e-22
35361123.54182203	2.2734104940531404e-22
35602590.00606557	2.2036414680375055e-22
35858415.38802294	2.1236620277305504e-22
36124517.90045094	2.0742636515073652e-22
36396572.159202024	2.0198656419288535e-22
36675450.49402938	1.952439914441899e-22
36959076.61914729	1.897448924222631e-22
37249234.08796482	1.8382350364086612e-22
37545993.29808708	1.7767058832109539e-22
37848869.58602595	1.7203473891896287e-22
38160136.896242924	1.6524464101056833e-22
38478086.25620562	1.597607895750051e-22
38806154.65026134	1.5094899921634415e-22
39144092.28402161	1.425871794146925e-22
39494502.94332111	1.3376334655961788e-22
39860199.424237706	1.2445109155970527e-22
40244432.491215475	1.153082013789867e-22
40640757.128035896	1.0890918104719729e-22
41041449.81284165	1.057899513165622e-22
41446854.4830606	1.027540891175618e-22
41856231.82681403	1.0050843776712086e-22
42269867.758723825	9.837466076948896e-23
42686303.664524525	9.68794947455472e-23
43108315.81655679	9.289851169842052e-23
43533317.304565705	8.998981835920596e-23
43964037.94398326	8.66645228229018e-23
44400849.05652143	8.311679136310757e-23
44843571.393679164	7.977794933026655e-23
45295484.105371915	7.560079049542995e-23
45757746.838540904	7.17004416185704e-23
46228880.191283025	6.796578056528885e-23
46703544.36378464	6.560543668595096e-23
47180961.31428439	6.348242495905311e-23
47660989.06170538	6.13388624712632e-23
48143468.44110839	5.928876042178015e-23
48627165.72390375	5.783705597761829e-23
49114131.40370091	5.56961848241716e-23
49602522.620729685	5.393854862049326e-23
50093908.706947595	5.148067486075991e-23
50588368.46687191	4.938835452133673e-23
51087510.42613057	4.708527169681709e-23
51591690.96220825	4.480063240674266e-23
52102715.249207504	4.2576996250132393e-23
52625180.4532773	3.996437397685178e-23
53157298.5876822	3.7820729589062236e-23
53695319.1138669	3.6198352809569863e-23
54236500.04692412	3.5364245201644643e-23
54778436.69675139	3.4434198375551034e-23
55321631.69629039	3.3945837731118833e-23
55866084.256371506	3.3242766414263934e-23
56410017.313771494	3.278002902584974e-23
56955359.761307806	3.216017488715326e-23
57500728.772251226	3.13623434082414e-23
58046674.6088008	3.053373287562036e-23
58593217.470454715	2.98078554371293e-23
59141598.65052685	2.872505863691469e-23
59693107.87469521	2.792898622738084e-23
60249698.15144306	2.680134686644281e-23
60814797.32877517	2.5654838867884212e-23
61387873.041342616	2.4365614932878047e-23
61965981.49258994	2.3428697572776255e-23
62547932.883029796	2.261123285578957e-23
63131721.57909207	2.192258767084957e-23
63716998.054993145	2.138511985411474e-23
64303903.94167372	2.069178883809928e-23
64891156.06721766	2.0117948460799378e-23
65477396.519256935	1.9805181090490387e-23
66065529.46991343	1.9109140680947065e-23
66652447.54950863	1.878603333510079e-23
67240550.444951	1.8177343538961582e-23
