1083936.3038942832	2.062878584778154e-19
1627420.7094420912	2.0521240117616728e-19
2171473.9894596944	2.0406599661793333e-19
2715302.9849355672	2.0442861707433151e-19
3258437.7821281166	2.0368722143332347e-19
3799902.4895383827	2.0237574665030658e-19
4339719.850405092	2.0124270882494477e-19
4877640.566913474	1.9970978408045874e-19
5413922.080155938	1.9852713661632154e-19
5948059.358311751	1.9833199958630944e-19
6480473.937143794	1.9792725378555735e-19
7010470.050574355	1.9741865889879931e-19
7537707.538104672	1.961212309940654e-19
8062509.947280685	1.9469068525365625e-19
8584666.93180347	1.93430019441718e-19
9103258.748931615	1.9272083428187658e-19
9619319.178091558	1.9299261174311954e-19
10132527.055478314	1.9164989658053252e-19
10642628.076748712	1.917807821565119e-19
11149616.689823916	1.9018133055768405e-19
11652424.72363585	1.887809408465994e-19
12152441.924979521	1.8765234266536814e-19
12648535.762688106	1.8701140304086481e-19
13140924.310717264	1.869156122936639e-19
13630010.181214098	1.8649591213290018e-19
14114631.215161096	1.8544844483179592e-19
14596607.213321868	1.8418959757026556e-19
15074494.098973935	1.8223230615957402e-19
15549066.664594373	1.8167305397114067e-19
16018243.484851887	1.8120806938767525e-19
16484134.691878734	1.8062496323523918e-19
16945724.939936917	1.7988317798322935e-19
17402751.148884475	1.7877697912555326e-19
17855884.31582149	1.7729758773405654e-19
18304390.730914813	1.758769634839164e-19
18748464.297109775	1.7496306904868555e-19
19187051.457428258	1.7474938646814227e-19
19621330.33079052	1.7413111412862565e-19
20078011.453826793	1.7293461984291062e-19
20528656.01981776	1.719721309383626e-19
20974149.64068865	1.7047143651062765e-19
21413600.20244144	1.6913842201147465e-19
21847150.079129312	1.6824401110879095e-19
22273968.582854737	1.6788173406353504e-19
22695640.061033748	1.6721650062571145e-19
23111237.383359633	1.6641378838389202e-19
23520738.283055656	1.6508496462466744e-19
23923397.030940235	1.6393345980763223e-19
24320726.115393844	1.6257029287508195e-19
24711716.047858756	1.6185455614571358e-19
25097241.227770433	1.6097276743690963e-19
25475447.98524454	1.608185954678408e-19
25848065.44985524	1.5974084705469115e-19
26214032.317003425	1.5879012702688595e-19
26574911.717256937	1.570324029013121e-19
26928227.612488717	1.5639550128166482e-19
27276313.385426555	1.5511579723122209e-19
27618042.804297335	1.5449273578811615e-19
27954080.162652463	1.5388965557489906e-19
28283584.415345944	1.5334934652129065e-19
28606587.409720857	1.5246300430113925e-19
28924390.50956822	1.5093927264420898e-19
29235410.37081573	1.4995418616872675e-19
29540985.067190968	1.4867104215161625e-19
29840048.210919496	1.482007911237106e-19
30133614.863636922	1.4746986306118563e-19
30421186.032599058	1.4701113758402575e-19
30702644.58283683	1.4623510828027782e-19
30977954.128379747	1.4510094233374245e-19
31247753.20611067	1.435903247180904e-19
31511811.34669983	1.426478234649888e-19
31769830.198318657	1.4166506874189528e-19
32021961.85963627	1.4100782612394949e-19
32268482.464163076	1.4089730825429543e-19
32508792.10521363	1.4007520316034175e-19
32743727.532765724	1.3919031591627283e-19
32973127.418247726	1.3776342390641572e-19
33197243.459962152	1.3676717659518684e-19
33415594.538179323	1.3546943653761894e-19
33627551.26291535	1.350836719743275e-19
33835139.52889806	1.342688781183014e-19
34036150.95659319	1.3402992592789922e-19
34232941.84466185	1.3282946043754877e-19
34422721.716040984	1.325996167090547e-19
34607902.37416882	1.3105859344627494e-19
34787510.65741842	1.3024940485583175e-19
34961777.80862981	1.289383304600885e-19
35131342.92821725	1.2808524927859317e-19
35295055.91920772	1.275997632902411e-19
35452497.60087433	1.2725994939826195e-19
35605800.832729496	1.2633603961334815e-19
35754112.115671396	1.2545851806935474e-19
35896451.64149236	1.2454765556080232e-19
36033870.96233209	1.2342855811241239e-19
36166537.967159644	1.2224471086523892e-19
36293702.22641939	1.2130742892299903e-19
36416272.67280384	1.2051652233396428e-19
36533349.5799386	1.2015227375375515e-19
36646134.253151454	1.1940169952478335e-19
36753617.6311938	1.1875320512463179e-19
36855949.72714718	1.1797131461385045e-19
36954083.765938506	1.1680763834566779e-19
37048011.47767583	1.1561184521206026e-19
37135858.00072486	1.149242277022649e-19
37219800.7622287	1.1374929995180622e-19
37299564.990760945	1.131457444928657e-19
37374388.4724553	1.1267515358945006e-19
37445314.27895886	1.1194839582003064e-19
37512173.21057259	1.1112649640178807e-19
37574137.559363894	1.1037918348169482e-19
37632076.87837598	1.093549830453786e-19
37685099.446996294	1.0833644213340924e-19
37735061.98474437	1.0708389876005066e-19
37780924.351381995	1.0628187474175414e-19
37821829.81576248	1.0569984484716975e-19
37859589.98749986	1.0499618002063841e-19
37893321.61344529	1.0440128913099591e-19
37923846.41950233	1.0364510049216982e-19
37950134.46998574	1.0297992207601325e-19
37972281.83530719	1.0215325752033979e-19
37991093.50268823	1.0110879966443982e-19
38006662.8861309	9.997317127447108e-20
38018799.81403937	9.90888076673708e-20
38027456.67672241	9.835231137435674e-20
38032718.759641685	9.763425092644283e-20
38035390.417083934	9.700505097898359e-20
38034406.74770674	9.662546793758128e-20
38030860.84668608	9.57439344195032e-20
38013612.75359131	9.346324247152367e-20
37985853.305276684	9.150297776280616e-20
37947291.65895769	8.980318949125764e-20
37898231.220599204	8.851015128078306e-20
37840284.186829254	8.727327215821406e-20
37772915.77493059	8.58886570560171e-20
37696453.5300073	8.408673215123274e-20
37611811.44454492	8.224749711604837e-20
37520388.17682994	8.07372515060257e-20
37421919.17766912	7.947180689870356e-20
37316190.32993588	7.828055469635117e-20
37204887.742607154	7.669793650701493e-20
37088051.0399239	7.494952174248082e-20
36964711.69020529	7.354698169753525e-20
36836056.7452598	7.213479408382307e-20
36703788.41672887	7.085792399401162e-20
36567076.28646293	6.979344913614483e-20
36427106.69185791	6.836472576287586e-20
36284616.26557458	6.667048910717039e-20
36139461.934843466	6.51100809129881e-20
35992397.59643695	6.37882372495364e-20
35844984.15036614	6.240307126329054e-20
35695885.030910775	6.134695887095128e-20
35547205.8724733	6.007776650952414e-20
35399188.686041944	5.848174537267233e-20
35251423.57338211	5.699896625715917e-20
35106343.36683329	5.539996103089965e-20
34962057.34835981	5.423374303525695e-20
34819069.02761761	5.308043397838878e-20
34677621.42290039	5.207453335319632e-20
34537878.5321276	5.108474607564768e-20
34401044.70550276	4.9829087719554295e-20
34267148.636850424	4.857569632546958e-20
34136134.80140949	4.74234177286256e-20
34008347.74625195	4.634647555305865e-20
33884873.274515875	4.526660458296056e-20
33765786.23681077	4.429768234809777e-20
33652108.46643788	4.329087583817065e-20
33543651.586140703	4.230426489455924e-20
33440952.57319235	4.121673700518574e-20
33345187.937392104	3.999356109165133e-20
33255893.636316556	3.88997963551033e-20
33173088.845327623	3.7875642745277154e-20
33095059.950089227	3.707217705594361e-20
33022939.48908849	3.6261953993175217e-20
32956473.117583442	3.551617746817787e-20
32896188.11929431	3.473871408608587e-20
32842736.16159287	3.389649374136434e-20
32796347.085917972	3.3058243071870677e-20
32756317.817941625	3.2274896559956044e-20
32722220.076730736	3.155566719530042e-20
32697209.283668235	3.062153066277812e-20
32679876.547349438	2.984109052497183e-20
32669519.38336406	2.914209952386555e-20
32668677.183810182	2.8327860248004004e-20
32676154.974843655	2.762315377400034e-20
32691002.21681801	2.699733446808286e-20
32714856.34906563	2.625552157818087e-20
32746566.487801436	2.5582703874839378e-20
32786292.046219565	2.4947972642348096e-20
32833426.6493767	2.436273120001926e-20
32889090.53987355	2.3692268193506423e-20
32951819.86689051	2.3123866579167886e-20
33022586.954083413	2.2519665191338235e-20
33100353.734363627	2.200386839178096e-20
33185431.826932732	2.1484011806461005e-20
33277717.5079662	2.0996892700352142e-20
33377684.484397657	2.0493347327893155e-20
33485539.030154496	1.9972288516153557e-20
33602233.96055684	1.9392789953826306e-20
33728682.48449679	1.8762404564403875e-20
33865258.62207463	1.814179339829577e-20
34011714.11058255	1.7577661011312533e-20
34169527.26831321	1.695095911007393e-20
34338162.60576562	1.6361864579998622e-20
34519594.147961825	1.5667508411366473e-20
34710758.67133993	1.5145770711820655e-20
34915613.22016269	1.4463393380542634e-20
35131616.15610646	1.3911739575785798e-20
35361123.54182203	1.3276508355096319e-20
35602590.00606557	1.275994934822764e-20
35858415.38802294	1.2143589217631791e-20
36124517.90045094	1.1683388890200468e-20
36396572.159202024	1.1339370962926898e-20
36675450.49402938	1.0952000225151896e-20
36959076.61914729	1.0649559849468311e-20
37249234.08796482	1.0325119604603684e-20
37545993.29808708	9.991772667746861e-21
37848869.58602595	9.696017217561996e-21
38160136.896242924	9.340548009736563e-21
38478086.25620562	9.055391387156299e-21
38806154.65026134	8.66476345582584e-21
39144092.28402161	8.294676181627292e-21
39494502.94332111	7.883473095549739e-21
39860199.424237706	7.404938899034407e-21
40244432.491215475	6.908200814282317e-21
40640757.128035896	6.538879771711047e-21
41041449.81284165	6.3432072458105014e-21
41446854.4830606	6.1261106308295136e-21
41856231.82681403	5.932605750219877e-21
42269867.758723825	5.742138936715407e-21
42686303.664524525	5.578068418884912e-21
43108315.81655679	5.3478428106760844e-21
43533317.304565705	5.179328792615363e-21
43964037.94398326	4.984498914221057e-21
44400849.05652143	4.780466655175681e-21
44843571.393679164	4.5890096204036904e-21
45295484.105371915	4.355659696000444e-21
45757746.838540904	4.137353743282941e-21
46228880.191283025	3.92882753372432e-21
46703544.36378464	3.7999066228216296e-21
47180961.31428439	3.684109728923334e-21
47660989.06170538	3.568353937545362e-21
48143468.44110839	3.457893895783605e-21
48627165.72390375	3.3809624935578556e-21
49114131.40370091	3.26490914792097e-21
49602522.620729685	3.17941704852834e-21
50093908.706947595	3.0682819605200516e-21
50588368.46687191	2.9739625453014184e-21
51087510.42613057	2.8652046356293755e-21
51591690.96220825	2.7520950184408593e-21
52102715.249207504	2.631882323567249e-21
52625180.4532773	2.4783552888905707e-21
53157298.5876822	2.3490666067294763e-21
53695319.1138669	2.2466248368069505e-21
54236500.04692412	2.184705706744144e-21
54778436.69675139	2.114302461607803e-21
55321631.69629039	2.067466064477744e-21
55866084.256371506	2.0000336728348295e-21
56410017.313771494	1.947814720856193e-21
56955359.761307806	1.893457638525052e-21
57500728.772251226	1.843681140540492e-21
58046674.6088008	1.7913704206210203e-21
58593217.470454715	1.7452034079255573e-21
59141598.65052685	1.678967462621623e-21
59693107.87469521	1.6305379360822937e-21
60249698.15144306	1.5621542947815206e-21
60814797.32877517	1.493150075996031e-21
61387873.041342616	1.4161983559168327e-21
61965981.49258994	1.359476567326944e-21
62547932.883029796	1.310541106555159e-21
63131721.57909207	1.2690533370944507e-21
63716998.054993145	1.2363889598623712e-21
64303903.94167372	1.195542175321336e-21
64891156.06721766	1.1608551859641094e-21
65477396.519256935	1.1416134461279434e-21
66065529.46991343	1.100356837044365e-21
66652447.54950863	1.081326495378838e-21
67240550.444951	1.0452594144353381e-21
