1083936.3038942832	7.68073357198142e-21
1627420.7094420912	7.614502022748208e-21
2171473.9894596944	7.572341462222596e-21
2715302.9849355672	7.617001715500305e-21
3258437.7821281166	7.566061962783704e-21
3799902.4895383827	7.55298264877012e-21
4339719.850405092	7.526749737279804e-21
4877640.566913474	7.420175278052658e-21
5413922.080155938	7.365864020550267e-21
5948059.358311751	7.387800149000752e-21
6480473.937143794	7.374219863833736e-21
7010470.050574355	7.35384756106988e-21
7537707.538104672	7.353961927363899e-21
8062509.947280685	7.239235524492158e-21
8584666.93180347	7.167456190641237e-21
9103258.748931615	7.143700087787954e-21
9619319.178091558	7.197407986099088e-21
10132527.055478314	7.13649945494322e-21
10642628.076748712	7.160133119136932e-21
11149616.689823916	7.099172826604532e-21
11652424.72363585	7.008863788066528e-21
12152441.924979521	6.944716303252063e-21
12648535.762688106	6.92758534637474e-21
13140924.310717264	6.97364188772728e-21
13630010.181214098	6.939842094465883e-21
14114631.215161096	6.933966680033021e-21
14596607.213321868	6.867159053262266e-21
15074494.098973935	6.7581411191731e-21
15549066.664594373	6.7253633538841e-21
16018243.484851887	6.7343683198629475e-21
16484134.691878734	6.744418292828188e-21
16945724.939936917	6.7025710043541625e-21
17402751.148884475	6.70628130361726e-21
17855884.31582149	6.608559271695568e-21
18304390.730914813	6.522332444388503e-21
18748464.297109775	6.481889958535335e-21
19187051.457428258	6.4972021755144864e-21
19621330.33079052	6.507032670634544e-21
20078011.453826793	6.456163901395317e-21
20528656.01981776	6.471582700485049e-21
20974149.64068865	6.352424109903423e-21
21413600.20244144	6.2680029122409674e-21
21847150.079129312	6.231435849755358e-21
22273968.582854737	6.252963187503598e-21
22695640.061033748	6.255745202723168e-21
23111237.383359633	6.247919820529819e-21
23520738.283055656	6.213418533701954e-21
23923397.030940235	6.107761806546738e-21
24320726.115393844	6.028156135722272e-21
24711716.047858756	6.002330587015164e-21
25097241.227770433	6.0051254416383916e-21
25475447.98524454	6.039063822895804e-21
25848065.44985524	6.005715585981051e-21
26214032.317003425	6.0049489843113124e-21
26574911.717256937	5.874524637291519e-21
26928227.612488717	5.8162059946874935e-21
27276313.385426555	5.775874677144451e-21
27618042.804297335	5.779040217245808e-21
27954080.162652463	5.812419194386459e-21
28283584.415345944	5.797019417888152e-21
28606587.409720857	5.792385098676112e-21
28924390.50956822	5.677087256969096e-21
29235410.37081573	5.610761566065716e-21
29540985.067190968	5.547919897403555e-21
29840048.210919496	5.5508587157029046e-21
30133614.863636922	5.5711614172873164e-21
30421186.032599058	5.588410809402918e-21
30702644.58283683	5.5854654073758795e-21
30977954.128379747	5.527708760454416e-21
31247753.20611067	5.418862196478968e-21
31511811.34669983	5.361018587063204e-21
31769830.198318657	5.330671185513058e-21
32021961.85963627	5.3287241909949954e-21
32268482.464163076	5.376559886341547e-21
32508792.10521363	5.3700922200150715e-21
32743727.532765724	5.359635950740211e-21
32973127.418247726	5.256409499690179e-21
33197243.459962152	5.1802696967642245e-21
33415594.538179323	5.1185093224925674e-21
33627551.26291535	5.103866952543142e-21
33835139.52889806	5.100473195388308e-21
34036150.95659319	5.141064159075043e-21
34232941.84466185	5.1298949324169185e-21
34422721.716040984	5.1437370155434344e-21
34607902.37416882	5.026157080463567e-21
34787510.65741842	4.950152111054174e-21
34961777.80862981	4.877735392593753e-21
35131342.92821725	4.845380510811802e-21
35295055.91920772	4.849827484705002e-21
35452497.60087433	4.876107780167802e-21
35605800.832729496	4.8836469732507545e-21
35754112.115671396	4.863809148341265e-21
35896451.64149236	4.784035171927689e-21
36033870.96233209	4.685845131737237e-21
36166537.967159644	4.610991125891237e-21
36293702.22641939	4.561127954931407e-21
36416272.67280384	4.535533053598743e-21
36533349.5799386	4.547421611098141e-21
36646134.253151454	4.56438998676723e-21
36753617.6311938	4.5738428550752274e-21
36855949.72714718	4.5421018596276135e-21
36954083.765938506	4.438838633640532e-21
37048011.47767583	4.349283191949714e-21
37135858.00072486	4.2984397286156145e-21
37219800.7622287	4.241978634887126e-21
37299564.990760945	4.2272476779626035e-21
37374388.4724553	4.235072235658372e-21
37445314.27895886	4.254144880311321e-21
37512173.21057259	4.269061989438131e-21
37574137.559363894	4.227557586714431e-21
37632076.87837598	4.1327307643249765e-21
37685099.446996294	4.0524043970871035e-21
37735061.98474437	3.9804288471804126e-21
37780924.351381995	3.939048782705853e-21
37821829.81576248	3.9193589527768755e-21
37859589.98749986	3.912921002157623e-21
37893321.61344529	3.928756484103016e-21
37923846.41950233	3.954239571674259e-21
37950134.46998574	3.950706276589063e-21
37972281.83530719	3.8759442728442014e-21
37991093.50268823	3.790010935691072e-21
38006662.8861309	3.7134978881706916e-21
38018799.81403937	3.661848333025589e-21
38027456.67672241	3.625578615734773e-21
38032718.759641685	3.602994463173218e-21
38035390.417083934	3.598582520289304e-21
38034406.74770674	3.6171776846485345e-21
38030860.84668608	3.637145345139136e-21
38013612.75359131	3.5363609659963294e-21
37985853.305276684	3.3866460479769035e-21
37947291.65895769	3.290828241319666e-21
37898231.220599204	3.2605364980047792e-21
37840284.186829254	3.277015783528788e-21
37772915.77493059	3.270799136855398e-21
37696453.5300073	3.127952754925286e-21
37611811.44454492	3.015006742997402e-21
37520388.17682994	2.9520611952664492e-21
37421919.17766912	2.9422336490045002e-21
37316190.32993588	2.968249445245524e-21
37204887.742607154	2.899023211120262e-21
37088051.0399239	2.772612278505404e-21
36964711.69020529	2.6873932547425917e-21
36836056.7452598	2.636099142611918e-21
36703788.41672887	2.6272237714832517e-21
36567076.28646293	2.6501971508154184e-21
36427106.69185791	2.6004510731080364e-21
36284616.26557458	2.484973576206496e-21
36139461.934843466	2.392230606936172e-21
35992397.59643695	2.3371361648546755e-21
35844984.15036614	2.3062180988736536e-21
35695885.030910775	2.3167239605555683e-21
35547205.8724733	2.3178086980441344e-21
35399188.686041944	2.225455529147788e-21
35251423.57338211	2.132334500711296e-21
35106343.36683329	2.047802414911291e-21
34962057.34835981	2.003606461516649e-21
34819069.02761761	1.9816300984036893e-21
34677621.42290039	1.9871852987469108e-21
34537878.5321276	1.9906235583043934e-21
34401044.70550276	1.9341138914824633e-21
34267148.636850424	1.8493978561239716e-21
34136134.80140949	1.7795317087894224e-21
34008347.74625195	1.727834297623673e-21
33884873.274515875	1.693925110676439e-21
33765786.23681077	1.681102247837053e-21
33652108.46643788	1.6786207624636672e-21
33543651.586140703	1.664199097734116e-21
33440952.57319235	1.6226492158844494e-21
33345187.937392104	1.5486794911481434e-21
33255893.636316556	1.4846403639368228e-21
33173088.845327623	1.4316860511064322e-21
33095059.950089227	1.3993965011714314e-21
33022939.48908849	1.3800554855967153e-21
32956473.117583442	1.3726861359959065e-21
32896188.11929431	1.3744382494481294e-21
32842736.16159287	1.3531852340395189e-21
32796347.085917972	1.3213839673472452e-21
32756317.817941625	1.2793157256663414e-21
32722220.076730736	1.2305206170011515e-21
32697209.283668235	1.1792743071543958e-21
32679876.547349438	1.1421968848866752e-21
32669519.38336406	1.117048209129707e-21
32668677.183810182	1.094357029483248e-21
32676154.974843655	1.0841537352719052e-21
32691002.21681801	1.0815701954350434e-21
32714856.34906563	1.0614760781729058e-21
32746566.487801436	1.0355821195547955e-21
32786292.046219565	1.00975651389994e-21
32833426.6493767	9.790080635672135e-22
32889090.53987355	9.38169440263861e-22
32951819.86689051	9.025480450887191e-22
33022586.954083413	8.72199318300743e-22
33100353.734363627	8.506873606992181e-22
33185431.826932732	8.3331422631081035e-22
33277717.5079662	8.228475707998851e-22
33377684.484397657	8.157484749616396e-22
33485539.030154496	8.104136258682341e-22
33602233.96055684	7.896188043498628e-22
33728682.48449679	7.645675910217694e-22
33865258.62207463	7.392929257235304e-22
34011714.11058255	7.154473131378577e-22
34169527.26831321	6.880545355942195e-22
34338162.60576562	6.530386288198258e-22
34519594.147961825	6.1686644350789985e-22
34710758.67133993	5.896537043057492e-22
34915613.22016269	5.592334561336511e-22
35131616.15610646	5.366564110200731e-22
35361123.54182203	5.140053801052293e-22
35602590.00606557	4.984778154861479e-22
35858415.38802294	4.806015913477809e-22
36124517.90045094	4.705638043881078e-22
36396572.159202024	4.593150031375032e-22
36675450.49402938	4.440696900084414e-22
36959076.61914729	4.317753252013878e-22
37249234.08796482	4.1830678575884314e-22
37545993.29808708	4.04244472412485e-22
37848869.58602595	3.914608321681997e-22
38160136.896242924	3.760134200845196e-22
38478086.25620562	3.631738418561912e-22
38806154.65026134	3.423719529900729e-22
39144092.28402161	3.2298421124139237e-22
39494502.94332111	3.028635085971249e-22
39860199.424237706	2.8171019379073462e-22
40244432.491215475	2.6099817120621504e-22
40640757.128035896	2.4647913618802195e-22
41041449.81284165	2.3933829365850914e-22
41446854.4830606	2.324916632028416e-22
41856231.82681403	2.2747160671094196e-22
42269867.758723825	2.228169879360919e-22
42686303.664524525	2.2012711550926783e-22
43108315.81655679	2.113105788019935e-22
43533317.304565705	2.046892288410244e-22
43964037.94398326	1.971460226945979e-22
44400849.05652143	1.889709145508071e-22
44843571.393679164	1.813078793961515e-22
45295484.105371915	1.718649513186674e-22
45757746.838540904	1.629222848310868e-22
46228880.191283025	1.544396426040361e-22
46703544.36378464	1.490679602630804e-22
47180961.31428439	1.441999701644605e-22
47660989.06170538	1.3929506666238903e-22
48143468.44110839	1.3460746423891836e-22
48627165.72390375	1.3130414134493208e-22
49114131.40370091	1.2640399053129696e-22
49602522.620729685	1.2214186377825508e-22
50093908.706947595	1.163794424880259e-22
50588368.46687191	1.1152772579818772e-22
51087510.42613057	1.0632607447703677e-22
51591690.96220825	1.0115131695513949e-22
52102715.249207504	9.606327934430946e-23
52625180.4532773	9.011840793782882e-23
53157298.5876822	8.532868297908271e-23
53695319.1138669	8.164100462119025e-23
54236500.04692412	7.975385074065403e-23
54778436.69675139	7.762095607380558e-23
55321631.69629039	7.65751793964987e-23
55866084.256371506	7.502523482090104e-23
56410017.313771494	7.410707610862121e-23
56955359.761307806	7.289687233308009e-23
57500728.772251226	7.110504063014084e-23
58046674.6088008	6.922108591743751e-23
58593217.470454715	6.755251837035956e-23
59141598.65052685	6.509975717226966e-23
59693107.87469521	6.327902064056163e-23
60249698.15144306	6.071242658100529e-23
60814797.32877517	5.810984642319693e-23
61387873.041342616	5.518004206168622e-23
61965981.49258994	5.304804377325819e-23
62547932.883029796	5.118104122965309e-23
63131721.57909207	4.96043876675481e-23
63716998.054993145	4.8381460379428784e-23
64303903.94167372	4.681298359971415e-23
64891156.06721766	4.5508169745185174e-23
65477396.519256935	4.479167251576445e-23
66065529.46991343	4.3208182800508365e-23
66652447.54950863	4.247550130112373e-23
67240550.444951	4.109333969287195e-23
