1083936.3038942832	3.046204584236355e-20
1627420.7094420912	3.0285705625884893e-20
2171473.9894596944	3.0141662985052055e-20
2715302.9849355672	3.021708602799092e-20
3258437.7821281166	3.0164506268383443e-20
3799902.4895383827	2.9960231531671226e-20
4339719.850405092	2.9723000052758715e-20
4877640.566913474	2.9470639256673136e-20
5413922.080155938	2.931780852340461e-20
5948059.358311751	2.929164008751455e-20
6480473.937143794	2.9277901263279173e-20
7010470.050574355	2.923931906425106e-20
7537707.538104672	2.8995336858932174e-20
8062509.947280685	2.874579646388024e-20
8584666.93180347	2.8583216725549296e-20
9103258.748931615	2.847488871780534e-20
9619319.178091558	2.8529620306821624e-20
10132527.055478314	2.8396117481431983e-20
10642628.076748712	2.841219010761802e-20
11149616.689823916	2.8102605742672306e-20
11652424.72363585	2.787995562322734e-20
12152441.924979521	2.771629972743624e-20
12648535.762688106	2.762539252474214e-20
13140924.310717264	2.768164481484117e-20
13630010.181214098	2.7646816229098033e-20
14114631.215161096	2.7474212965599815e-20
14596607.213321868	2.7225467750344703e-20
15074494.098973935	2.6921800500199946e-20
15549066.664594373	2.6845962254839682e-20
16018243.484851887	2.681217296793315e-20
16484134.691878734	2.6792578912692632e-20
16945724.939936917	2.669568933563526e-20
17402751.148884475	2.651190022858786e-20
17855884.31582149	2.6216406400649946e-20
18304390.730914813	2.6023832579060865e-20
18748464.297109775	2.591579005305444e-20
19187051.457428258	2.589399995198573e-20
19621330.33079052	2.5839238638655587e-20
20078011.453826793	2.5723232177440643e-20
20528656.01981776	2.5525703899017112e-20
20974149.64068865	2.5244207211189344e-20
21413600.20244144	2.5073104874046594e-20
21847150.079129312	2.4957743581041002e-20
22273968.582854737	2.4933400159652953e-20
22695640.061033748	2.485711081519355e-20
23111237.383359633	2.4784984589542474e-20
23520738.283055656	2.4546072329226233e-20
23923397.030940235	2.4330272301637167e-20
24320726.115393844	2.4145128002489567e-20
24711716.047858756	2.4065654651303547e-20
25097241.227770433	2.3945973562821464e-20
25475447.98524454	2.3969816225442675e-20
25848065.44985524	2.387401827379824e-20
26214032.317003425	2.3689809842205627e-20
26574911.717256937	2.3387437726646066e-20
26928227.612488717	2.3336002278939162e-20
27276313.385426555	2.316483942751462e-20
27618042.804297335	2.3072396452989158e-20
27954080.162652463	2.3020461672584188e-20
28283584.415345944	2.300074035270404e-20
28606587.409720857	2.2840272305843618e-20
28924390.50956822	2.258580246690695e-20
29235410.37081573	2.2470729492225938e-20
29540985.067190968	2.2302090788218666e-20
29840048.210919496	2.2218594652754557e-20
30133614.863636922	2.2141752900390178e-20
30421186.032599058	2.214919092084775e-20
30702644.58283683	2.20672887540237e-20
30977954.128379747	2.1866883053985847e-20
31247753.20611067	2.1631422340756136e-20
31511811.34669983	2.1522310645450642e-20
31769830.198318657	2.1379323706399573e-20
32021961.85963627	2.1291611440626795e-20
32268482.464163076	2.1336109634590912e-20
32508792.10521363	2.1299438937451922e-20
32743727.532765724	2.1172458305926638e-20
32973127.418247726	2.0917482325427445e-20
33197243.459962152	2.079608061766257e-20
33415594.538179323	2.0610204139770462e-20
33627551.26291535	2.0557584923634514e-20
33835139.52889806	2.046638897408471e-20
34036150.95659319	2.0500019215134323e-20
34232941.84466185	2.0397007207440618e-20
34422721.716040984	2.036599144758423e-20
34607902.37416882	2.0111338542626616e-20
34787510.65741842	1.99948941418569e-20
34961777.80862981	1.9795697960498178e-20
35131342.92821725	1.968068556719765e-20
35295055.91920772	1.9623187109069394e-20
35452497.60087433	1.962550479875291e-20
35605800.832729496	1.9547531939246434e-20
35754112.115671396	1.9444293310042355e-20
35896451.64149236	1.929340900321767e-20
36033870.96233209	1.9107119490987867e-20
36166537.967159644	1.8921626803079298e-20
36293702.22641939	1.8775311367727852e-20
36416272.67280384	1.866954370569337e-20
36533349.5799386	1.865267683011585e-20
36646134.253151454	1.8586663029157457e-20
36753617.6311938	1.8552322506771657e-20
36855949.72714718	1.8423115260576133e-20
36954083.765938506	1.823384906508562e-20
37048011.47767583	1.8026298749705045e-20
37135858.00072486	1.7907237263262678e-20
37219800.7622287	1.7722908415250126e-20
37299564.990760945	1.7663869229678625e-20
37374388.4724553	1.762599061662716e-20
37445314.27895886	1.756556812553064e-20
37512173.21057259	1.749641005011914e-20
37574137.559363894	1.7379119751402357e-20
37632076.87837598	1.7183337918558898e-20
37685099.446996294	1.6985786779265432e-20
37735061.98474437	1.6762404401039022e-20
37780924.351381995	1.6623164016817078e-20
37821829.81576248	1.6545572882345498e-20
37859589.98749986	1.6455334222066913e-20
37893321.61344529	1.640394830042641e-20
37923846.41950233	1.6313942787786424e-20
37950134.46998574	1.6220055296075693e-20
37972281.83530719	1.6061996291061577e-20
37991093.50268823	1.5852741465423258e-20
38006662.8861309	1.563784166160303e-20
38018799.81403937	1.5486592491305292e-20
38027456.67672241	1.5368686239389614e-20
38032718.759641685	1.5249510067764242e-20
38035390.417083934	1.5167737952707713e-20
38034406.74770674	1.5122653974812164e-20
38030860.84668608	1.5025384717300172e-20
38013612.75359131	1.4650535721788115e-20
37985853.305276684	1.4272782540012548e-20
37947291.65895769	1.3973159380956548e-20
37898231.220599204	1.3787214218860836e-20
37840284.186829254	1.3637242703891484e-20
37772915.77493059	1.3435531380440292e-20
37696453.5300073	1.3100903897394236e-20
37611811.44454492	1.2786408097541484e-20
37520388.17682994	1.2542553599676936e-20
37421919.17766912	1.2368237844431636e-20
37316190.32993588	1.2225047998583788e-20
37204887.742607154	1.1966078188402924e-20
37088051.0399239	1.1658167835247911e-20
36964711.69020529	1.1422391847853527e-20
36836056.7452598	1.121055869972272e-20
36703788.41672887	1.1035222507085491e-20
36567076.28646293	1.0893521169690205e-20
36427106.69185791	1.0671155153002506e-20
36284616.26557458	1.0396056863225746e-20
36139461.934843466	1.0131374663650355e-20
35992397.59643695	9.920498672957752e-21
35844984.15036614	9.732576362423911e-21
35695885.030910775	9.594653341554142e-21
35547205.8724733	9.405550330164392e-21
35399188.686041944	9.165787320784963e-21
35251423.57338211	8.919001892257948e-21
35106343.36683329	8.657169980318206e-21
34962057.34835981	8.481514929337598e-21
34819069.02761761	8.323471990879183e-21
34677621.42290039	8.197143038514452e-21
34537878.5321276	8.045048399625026e-21
34401044.70550276	7.858755284469286e-21
34267148.636850424	7.65908451993278e-21
34136134.80140949	7.461594449244137e-21
34008347.74625195	7.293637743044335e-21
33884873.274515875	7.1244540971339e-21
33765786.23681077	6.992307384009243e-21
33652108.46643788	6.862293941005128e-21
33543651.586140703	6.710948601750713e-21
33440952.57319235	6.548150913612143e-21
33345187.937392104	6.3534667007164246e-21
33255893.636316556	6.1669416436915434e-21
33173088.845327623	5.9984017471921965e-21
33095059.950089227	5.8684673939484496e-21
33022939.48908849	5.756355826594133e-21
32956473.117583442	5.662920938791319e-21
32896188.11929431	5.5544424724941495e-21
32842736.16159287	5.427501804353403e-21
32796347.085917972	5.299638229343595e-21
32756317.817941625	5.1785475510338976e-21
32722220.076730736	5.062640315524005e-21
32697209.283668235	4.901459894658438e-21
32679876.547349438	4.7708285283883966e-21
32669519.38336406	4.664755609207809e-21
32668677.183810182	4.547142291946122e-21
32676154.974843655	4.451858929412743e-21
32691002.21681801	4.3648546631099575e-21
32714856.34906563	4.253156270219381e-21
32746566.487801436	4.152664904850943e-21
32786292.046219565	4.055904130924425e-21
32833426.6493767	3.961252760026078e-21
32889090.53987355	3.8469085917938114e-21
32951819.86689051	3.744705532778882e-21
33022586.954083413	3.6419157380059766e-21
33100353.734363627	3.557528988346481e-21
33185431.826932732	3.476176906962349e-21
33277717.5079662	3.404838852079647e-21
33377684.484397657	3.335745905386161e-21
33485539.030154496	3.2574740260061435e-21
33602233.96055684	3.167757658018008e-21
33728682.48449679	3.0706891452292877e-21
33865258.62207463	2.9686033914266996e-21
34011714.11058255	2.872053635356564e-21
34169527.26831321	2.7666060251627416e-21
34338162.60576562	2.6642506433832944e-21
34519594.147961825	2.5426800939679573e-21
34710758.67133993	2.4494236422975575e-21
34915613.22016269	2.3337437992307222e-21
35131616.15610646	2.2417737844010193e-21
35361123.54182203	2.138979092070492e-21
35602590.00606557	2.058966232530727e-21
35858415.38802294	1.964386127630588e-21
36124517.90045094	1.8931178918353297e-21
36396572.159202024	1.838115605115586e-21
36675450.49402938	1.7749625981974836e-21
36959076.61914729	1.7252089832935132e-21
37249234.08796482	1.6725426363030913e-21
37545993.29808708	1.6169612245884121e-21
37848869.58602595	1.567303897495056e-21
38160136.896242924	1.5062102494227036e-21
38478086.25620562	1.4575775734516254e-21
38806154.65026134	1.3919309640956202e-21
39144092.28402161	1.3284168380636807e-21
39494502.94332111	1.2577230091542268e-21
39860199.424237706	1.1780362891456622e-21
40244432.491215475	1.0977336293091588e-21
40640757.128035896	1.0385105292195803e-21
41041449.81284165	1.0083709799255615e-21
41446854.4830606	9.752869989732683e-22
41856231.82681403	9.470392463820216e-22
42269867.758723825	9.177369508174826e-22
42686303.664524525	8.920994587436775e-22
43108315.81655679	8.554403901000834e-22
43533317.304565705	8.291392780107545e-22
43964037.94398326	7.989040887244785e-22
44400849.05652143	7.662509142679633e-22
44843571.393679164	7.354621754952861e-22
45295484.105371915	6.977010041567636e-22
45757746.838540904	6.622982233737719e-22
46228880.191283025	6.284486327826732e-22
46703544.36378464	6.071175203717333e-22
47180961.31428439	5.880373892604856e-22
47660989.06170538	5.690151943789592e-22
48143468.44110839	5.506273554009299e-22
48627165.72390375	5.375790778789289e-22
49114131.40370091	5.18538989722129e-22
49602522.620729685	5.047072095846185e-22
50093908.706947595	4.865368714003185e-22
50588368.46687191	4.707707077581552e-22
51087510.42613057	4.525782795372178e-22
51591690.96220825	4.340740645118339e-22
52102715.249207504	4.1470353704354867e-22
52625180.4532773	3.9010788935262894e-22
53157298.5876822	3.695670017416209e-22
53695319.1138669	3.5363683853416003e-22
54236500.04692412	3.442074595730226e-22
54778436.69675139	3.336265433372879e-22
55321631.69629039	3.2695664964965404e-22
55866084.256371506	3.169933963381245e-22
56410017.313771494	3.0920314653677164e-22
56955359.761307806	3.009307984467065e-22
57500728.772251226	2.9320155248642583e-22
58046674.6088008	2.8521062821279794e-22
58593217.470454715	2.7822062934036405e-22
59141598.65052685	2.6787447120951155e-22
59693107.87469521	2.6028486063281837e-22
60249698.15144306	2.4950558668934095e-22
60814797.32877517	2.386447113256831e-22
61387873.041342616	2.26555286698175e-22
61965981.49258994	2.177963873694154e-22
62547932.883029796	2.1005192188215022e-22
63131721.57909207	2.0352043986205334e-22
63716998.054993145	1.9836959707715466e-22
64303903.94167372	1.9192601835501394e-22
64891156.06721766	1.8656951737753427e-22
65477396.519256935	1.8354526777120707e-22
66065529.46991343	1.769946080163851e-22
66652447.54950863	1.7395417262770237e-22
67240550.444951	1.6827835813185797e-22
