1293524.7233818143	1.0344611231020275e-19
1942215.5827816848	1.032017685612117e-19
2590004.750960893	1.0290272630529477e-19
3235478.729647283	1.0267510314890422e-19
3876814.248838858	1.0212842413834294e-19
4512085.137716264	1.0199933893314685e-19
5140708.489109259	1.0158724114967754e-19
5761664.402757245	1.0127831648681806e-19
6374560.073448207	1.0093966692553972e-19
6978054.342723335	1.0077019684849784e-19
7572363.479125919	1.0051660542433359e-19
8155995.567679031	1.0033556946012337e-19
8728026.251679128	1.0004565419088619e-19
9288234.584677542	1.0013611561717658e-19
9835719.277205912	9.986252859108763e-20
10369318.275161583	9.981568035427348e-20
10889330.28072691	9.967855255535042e-20
11395127.896886459	9.959589953092299e-20
11885948.49770097	9.933726868578348e-20
12360913.81452035	9.926114658614264e-20
12818635.569357604	9.903713889835125e-20
13259015.251895595	9.852499172217085e-20
13680679.46850594	9.819011840925043e-20
14082179.043031659	9.787686052438989e-20
14462479.344151197	9.739687800562856e-20
14819995.595478429	9.687184872459771e-20
15153738.497149803	9.664853042834925e-20
15463079.395773662	9.598436212077214e-20
15747295.224577457	9.583586788584101e-20
16006311.700388692	9.537607752319476e-20
16240593.697583841	9.50812788476061e-20
16450286.959503168	9.481196230916472e-20
16636249.060410218	9.444608299647554e-20
16798881.87886325	9.43883883515163e-20
16939003.421098895	9.403826387955893e-20
17057018.40093983	9.383693892548198e-20
17153039.331923075	9.362625153139085e-20
17227257.726345304	9.367379626757666e-20
17282203.116700716	9.311331988436177e-20
17312127.229199767	9.296592942344076e-20
17316703.23849202	9.271965742816318e-20
17295294.344416346	9.253378191253654e-20
17247431.740696933	9.244357032468457e-20
17172696.97543167	9.211689640063019e-20
17070595.29952017	9.208640007056623e-20
16941279.20465276	9.171501359601548e-20
16784706.719213177	9.16979875582894e-20
16601179.823133051	9.140465634602836e-20
16391037.4610639	9.130678728257542e-20
16155355.95398628	9.106291449398413e-20
15894544.259273369	9.097008351270543e-20
15609672.520587996	9.089875942850336e-20
15301418.782910295	9.06967248593231e-20
14970793.310309244	9.039791464658235e-20
14618587.660235852	9.034244418518196e-20
14245562.533645343	9.010507102044723e-20
13852580.156779459	8.982172216599794e-20
13440379.163336277	8.952050186159487e-20
13009911.848360078	8.904199491796859e-20
12561824.915194448	8.888617741107874e-20
12097233.801576292	8.830566774778707e-20
11617138.556890847	8.772484454942236e-20
11122440.56176521	8.72962678656134e-20
10614612.774849582	8.648072636782714e-20
10094926.563873557	8.577437884598256e-20
9564692.953252602	8.513820902016413e-20
9026456.62040205	8.409873437457003e-20
8481756.427768955	8.346390915663178e-20
7933327.554059519	8.252018063052878e-20
7383615.770745388	8.173081460754776e-20
6835654.24813163	8.106300117988224e-20
6293650.912626153	8.020113684258089e-20
5761469.546044654	7.963514307889035e-20
5243686.4418079015	7.921810304088762e-20
4748245.570734522	7.856992636683853e-20
4282950.560069542	7.832980801069331e-20
3860770.6261962773	7.813103978571195e-20
3500042.95615068	7.767000732902524e-20
3220561.331445187	7.763124222008327e-20
3047708.5982751036	7.73291411334757e-20
3001320.0462463177	7.699944970419431e-20
3085748.170217394	7.684409359453616e-20
3293810.9007652523	7.633008909162451e-20
3602041.250457857	7.612798572023008e-20
3987061.395313596	7.568534193630565e-20
4428171.592203717	7.516210781990172e-20
4908259.312628051	7.47559533409296e-20
5415077.555307957	7.417166267518363e-20
5939132.337303151	7.369521427094808e-20
6474463.775479789	7.31178947166707e-20
7014804.48266379	7.268394772409869e-20
7557229.972681791	7.210667700093262e-20
8098201.991800403	7.166710614619104e-20
8636294.227271324	7.107892125756146e-20
9168273.011314616	7.076980929830949e-20
9693720.917171074	7.020975214442238e-20
10210728.358447306	6.999392945788785e-20
10718819.644904938	6.948401471942793e-20
11217039.201237554	6.916458762202108e-20
11704717.152503088	6.883783828105171e-20
12180775.640085487	6.858885214422624e-20
12645329.67146369	6.820448431273689e-20
13097694.648295937	6.787410539964443e-20
13537062.937727666	6.750743976661555e-20
13962848.840405026	6.717179015226983e-20
14374410.706877692	6.670042334895492e-20
14770692.769806027	6.623521211075808e-20
15150428.36886139	6.584328687682999e-20
15512564.464007877	6.539657428423247e-20
15856165.434934132	6.482740157086928e-20
16179296.591941195	6.441569946892329e-20
16481348.557991242	6.390429956479147e-20
16760691.786737205	6.347594002843314e-20
17017241.944569044	6.298812701899653e-20
17249423.278765	6.272698204095323e-20
17457858.567705262	6.231006804435989e-20
17642455.286325652	6.199871740487364e-20
17803729.64465592	6.170559096785505e-20
17942280.30936982	6.15125611789422e-20
18058983.882237114	6.127502902540399e-20
18154923.296880107	6.103410035352904e-20
18230425.12041066	6.088313525595739e-20
18286354.756757837	6.072387430872787e-20
18323326.145108044	6.051986196652498e-20
18341959.339721587	6.021720961617168e-20
18342485.47989067	5.988821804004275e-20
18324393.840452127	5.974467389355551e-20
18288607.886331864	5.933602563589913e-20
18162535.08957381	5.777646552028056e-20
17963451.09520996	5.712705379435641e-20
17692006.948054254	5.64441194114881e-20
17349059.246541295	5.582322765866049e-20
16937409.5049981	5.524858960247733e-20
16461077.266084379	5.482366395567442e-20
15926119.608994525	5.43264368866257e-20
15338940.101375973	5.3901060564034354e-20
14708101.797679398	5.331238371250859e-20
14042086.913988248	5.263396388647938e-20
13351000.963598195	5.184437426503582e-20
12647905.926674183	5.09982448946744e-20
11948295.733283471	4.995084425544813e-20
11270506.328466346	4.889605276230147e-20
10634878.05007655	4.7915845975651276e-20
10063797.853693206	4.701261287020272e-20
9581922.732416496	4.609698920161204e-20
9208880.475931913	4.542090558055112e-20
8962080.774574619	4.482653978919934e-20
8851388.256770799	4.422979415726112e-20
8879167.918222968	4.374984652975907e-20
9047884.139399664	4.3116206119055786e-20
9348095.765983572	4.257501238416121e-20
9767697.55367149	4.194476254131108e-20
10290629.820375426	4.13002644187867e-20
10894815.95989579	4.0697114610591364e-20
11564228.463671928	3.9990679466931035e-20
12277889.08241152	3.9402167834509923e-20
13022376.700894503	3.871525118948606e-20
13781580.903510308	3.81816312976802e-20
14547244.137980223	3.7535768876943224e-20
15308740.13627836	3.693317209008835e-20
16061932.498849569	3.6285066915637355e-20
16800837.741315164	3.563660631459568e-20
17522577.07587557	3.4896571693558915e-20
18221589.139808852	3.4191336181852587e-20
18894333.333833188	3.3451395160503225e-20
19536061.647630006	3.2695369387161556e-20
20142473.08276717	3.192800528568344e-20
20707404.330335565	3.119968711801502e-20
21226031.78175327	3.044491631591231e-20
21692434.11422517	2.976297240632512e-20
22103118.396733075	2.9138592160936063e-20
22459029.182046138	2.853458942532406e-20
22763783.792904466	2.7974290213667586e-20
23022784.314882506	2.7410339098481685e-20
23239895.266760565	2.690622368307782e-20
23419983.923137095	2.6341559493846562e-20
23566057.60940934	2.57974221124092e-20
23678830.03824302	2.528995529206197e-20
23760433.096431557	2.4781796403787477e-20
23812551.094118413	2.4233056367613252e-20
23836125.233351164	2.3732020371701013e-20
23832316.18873835	2.320747596783997e-20
23802081.636907306	2.2736769676179395e-20
23748022.872862488	2.2239997817538377e-20
23673501.57876946	2.1745351271537128e-20
23580492.278152294	2.1302167160517716e-20
23475014.15377635	2.0809958729332354e-20
23359752.84627172	2.036173264340755e-20
23240803.360152118	1.987534748662832e-20
23122910.308877643	1.935970101459865e-20
23009165.468786564	1.891218880420523e-20
22904593.49584707	1.842980578678215e-20
22813931.853146225	1.794084607020362e-20
22741305.758465145	1.743485695472482e-20
22689621.89372049	1.6963345626431782e-20
22663934.546543326	1.6446997400862574e-20
22666909.972909853	1.5959589743340867e-20
22700855.183230434	1.5479102517010397e-20
22769007.145899005	1.4996209559770743e-20
22871965.73121777	1.454476094110178e-20
23011545.430500753	1.408588903438167e-20
23187951.56821749	1.3649081895350444e-20
23400654.19363313	1.3218296784261279e-20
23648761.66187143	1.2822575781632606e-20
23930946.79052419	1.2433138047437597e-20
24245950.92217255	1.2066735356598112e-20
24593322.389217768	1.1708932473681746e-20
24970709.444066662	1.1378285978931362e-20
25379678.95640132	1.1038160500487833e-20
25815216.72057006	1.0747930378509562e-20
26278033.539441265	1.0433884485438211e-20
26764673.95766293	1.016244511749168e-20
27274566.367405366	9.872359368338691e-21
27805975.717460446	9.597765716802499e-21
28357003.574425846	9.332611100164272e-21
28926686.069613986	9.064328104346514e-21
29513055.99594864	8.810970662498072e-21
30114100.811579946	8.564111122192085e-21
30727989.421535533	8.328867102561607e-21
31354842.311355993	8.074997540543073e-21
31991628.531383015	7.837831984012408e-21
32636869.450668827	7.607387705962898e-21
33290022.760731183	7.376925348752592e-21
33948757.763134725	7.159715109562153e-21
34614334.19903378	6.930626015493545e-21
35285064.13725785	6.711914118234227e-21
35961183.0659115	6.489608354980672e-21
36640418.83630699	6.2903254269190604e-21
37322513.18828891	6.0901668943721136e-21
38008196.0337504	5.8732218937824176e-21
38695272.70468578	5.673123748276672e-21
39382514.65371402	5.475301431440044e-21
40069964.40789535	5.27220465166499e-21
40755188.993550256	5.076796457502221e-21
