1293524.7233818143	2.2136716620402293e-20
1942215.5827816848	2.209294493622006e-20
2590004.750960893	2.1962748819047734e-20
3235478.729647283	2.195028628687639e-20
3876814.248838858	2.182036846291839e-20
4512085.137716264	2.1732202202740433e-20
5140708.489109259	2.1694201627295887e-20
5761664.402757245	2.1570788319483724e-20
6374560.073448207	2.1455036627450204e-20
6978054.342723335	2.1452667190994765e-20
7572363.479125919	2.1318940670696886e-20
8155995.567679031	2.1283353651988235e-20
8728026.251679128	2.1239962710946662e-20
9288234.584677542	2.116538620597323e-20
9835719.277205912	2.1156300530603667e-20
10369318.275161583	2.1121472183528534e-20
10889330.28072691	2.1042021486212847e-20
11395127.896886459	2.1080784109765604e-20
11885948.49770097	2.0977271861108407e-20
12360913.81452035	2.0959442853964655e-20
12818635.569357604	2.0943942853793625e-20
13259015.251895595	2.0807505057905882e-20
13680679.46850594	2.0756408560067964e-20
14082179.043031659	2.0694149135593045e-20
14462479.344151197	2.0574825656843347e-20
14819995.595478429	2.0489671692114345e-20
15153738.497149803	2.041457133382573e-20
15463079.395773662	2.0258145126853853e-20
15747295.224577457	2.0249616572825238e-20
16006311.700388692	2.012852894266007e-20
16240593.697583841	2.0033817421338107e-20
16450286.959503168	2.0004993782723376e-20
16636249.060410218	1.988805928310355e-20
16798881.87886325	1.9855081476686677e-20
16939003.421098895	1.9818663222593395e-20
17057018.40093983	1.9716746940611828e-20
17153039.331923075	1.96725916849354e-20
17227257.726345304	1.9684282102263173e-20
17282203.116700716	1.9561261399584714e-20
17312127.229199767	1.953954181202686e-20
17316703.23849202	1.9476476048213123e-20
17295294.344416346	1.9415659281162853e-20
17247431.740696933	1.9421366714694805e-20
17172696.97543167	1.9317075921979552e-20
17070595.29952017	1.930628223775342e-20
16941279.20465276	1.9263965711746767e-20
16784706.719213177	1.9194499424762212e-20
16601179.823133051	1.9171241762789193e-20
16391037.4610639	1.914871934592241e-20
16155355.95398628	1.9047883738530555e-20
15894544.259273369	1.906120104537516e-20
15609672.520587996	1.9006293479459724e-20
15301418.782910295	1.8951769209052368e-20
14970793.310309244	1.8949005041988886e-20
14618587.660235852	1.8861547875475596e-20
14245562.533645343	1.883934632666033e-20
13852580.156779459	1.8796529829499e-20
13440379.163336277	1.8692305221219992e-20
13009911.848360078	1.8658918169829545e-20
12561824.915194448	1.8579041140179037e-20
12097233.801576292	1.846555293142947e-20
11617138.556890847	1.839117350259178e-20
11122440.56176521	1.8245864959112673e-20
10614612.774849582	1.812508452817203e-20
10094926.563873557	1.7976307185253774e-20
9564692.953252602	1.781926760514656e-20
9026456.62040205	1.7659628592797206e-20
8481756.427768955	1.7487290473116955e-20
7933327.554059519	1.7297821189079616e-20
7383615.770745388	1.715970459621196e-20
6835654.24813163	1.6976820166374564e-20
6293650.912626153	1.6828341790696263e-20
5761469.546044654	1.6696463499660247e-20
5243686.4418079015	1.6558522349907414e-20
4748245.570734522	1.6459140629038505e-20
4282950.560069542	1.6379181339330233e-20
3860770.6261962773	1.627537768793557e-20
3500042.95615068	1.620326940441266e-20
3220561.331445187	1.6154271401626825e-20
3047708.5982751036	1.6047300957259368e-20
3001320.0462463177	1.5988493691221712e-20
3085748.170217394	1.5930296518294324e-20
3293810.9007652523	1.5798029636950257e-20
3602041.250457857	1.5756318290297622e-20
3987061.395313596	1.564456899852252e-20
4428171.592203717	1.5528115003887486e-20
4908259.312628051	1.5434644843449336e-20
5415077.555307957	1.5300012075510286e-20
5939132.337303151	1.5199529374348337e-20
6474463.775479789	1.507771083679966e-20
7014804.48266379	1.4963111245788925e-20
7557229.972681791	1.4837734441795607e-20
8098201.991800403	1.4761048801076278e-20
8636294.227271324	1.4595645563667165e-20
9168273.011314616	1.455381602444586e-20
9693720.917171074	1.4440530754844668e-20
10210728.358447306	1.4348439089808934e-20
10718819.644904938	1.4276727237199137e-20
11217039.201237554	1.4199745717731103e-20
11704717.152503088	1.4095017538110308e-20
12180775.640085487	1.408820892837079e-20
12645329.67146369	1.397752714725486e-20
13097694.648295937	1.390163205175935e-20
13537062.937727666	1.385906307501254e-20
13962848.840405026	1.3762754299399714e-20
14374410.706877692	1.3672688144932438e-20
14770692.769806027	1.3596243342553053e-20
15150428.36886139	1.3484152281833173e-20
15512564.464007877	1.3418805176725995e-20
15856165.434934132	1.330460744002992e-20
16179296.591941195	1.3197795968592359e-20
16481348.557991242	1.3119436804797836e-20
16760691.786737205	1.302616822346943e-20
17017241.944569044	1.2907734463312666e-20
17249423.278765	1.2872406196818309e-20
17457858.567705262	1.2778267646848376e-20
17642455.286325652	1.2702398763999091e-20
17803729.64465592	1.2651921047698963e-20
17942280.30936982	1.2603568338828278e-20
18058983.882237114	1.2535892557373284e-20
18154923.296880107	1.2501936555940794e-20
18230425.12041066	1.2464124794144096e-20
18286354.756757837	1.2410040927636552e-20
18323326.145108044	1.2385005583298542e-20
18341959.339721587	1.2319635706344703e-20
18342485.47989067	1.2233855831378437e-20
18324393.840452127	1.2221519413480148e-20
18288607.886331864	1.213415056660448e-20
18162535.08957381	1.1825987089481135e-20
17963451.09520996	1.1679010110553342e-20
17692006.948054254	1.153752890176669e-20
17349059.246541295	1.1411464402864979e-20
16937409.5049981	1.1284020307710126e-20
16461077.266084379	1.1194536495392841e-20
15926119.608994525	1.1077567967589976e-20
15338940.101375973	1.0980866079497274e-20
14708101.797679398	1.087185319876089e-20
14042086.913988248	1.0721709311442435e-20
13351000.963598195	1.0560440509266697e-20
12647905.926674183	1.0387210110986263e-20
11948295.733283471	1.0160377111825392e-20
11270506.328466346	9.94556671350028e-21
10634878.05007655	9.769382853597794e-21
10063797.853693206	9.557088388485167e-21
9581922.732416496	9.382343977222691e-21
9208880.475931913	9.247811934846051e-21
8962080.774574619	9.10062746960992e-21
8851388.256770799	8.967089435920933e-21
8879167.918222968	8.8736474548925e-21
9047884.139399664	8.745928919376565e-21
9348095.765983572	8.638166272710144e-21
9767697.55367149	8.514027827822363e-21
10290629.820375426	8.384512935360142e-21
10894815.95989579	8.258132659909805e-21
11564228.463671928	8.122617461180801e-21
12277889.08241152	8.011126934992226e-21
13022376.700894503	7.872025361286976e-21
13781580.903510308	7.77621930831312e-21
14547244.137980223	7.649332865133178e-21
15308740.13627836	7.54665581126063e-21
16061932.498849569	7.434152665002172e-21
16800837.741315164	7.305784992395452e-21
17522577.07587557	7.174282518780656e-21
18221589.139808852	7.025438104464381e-21
18894333.333833188	6.875509126964743e-21
19536061.647630006	6.721100870268902e-21
20142473.08276717	6.5589308177244906e-21
20707404.330335565	6.410482658331062e-21
21226031.78175327	6.25167626965528e-21
21692434.11422517	6.111165348420309e-21
22103118.396733075	5.982680217055255e-21
22459029.182046138	5.854698480100155e-21
22763783.792904466	5.738559532736845e-21
23022784.314882506	5.618190191255534e-21
23239895.266760565	5.513992413786782e-21
23419983.923137095	5.3967847639479704e-21
23566057.60940934	5.2839088565322596e-21
23678830.03824302	5.1807388104619726e-21
23760433.096431557	5.075896599314262e-21
23812551.094118413	4.964565833477787e-21
23836125.233351164	4.862545104857809e-21
23832316.18873835	4.7546487578733276e-21
23802081.636907306	4.657597638920053e-21
23748022.872862488	4.554772657689492e-21
23673501.57876946	4.454567356273647e-21
23580492.278152294	4.361160457101928e-21
23475014.15377635	4.261717099533393e-21
23359752.84627172	4.168215654935055e-21
23240803.360152118	4.069230121516221e-21
23122910.308877643	3.962600100090178e-21
23009165.468786564	3.870997092741201e-21
22904593.49584707	3.771655082128726e-21
22813931.853146225	3.672267426776697e-21
22741305.758465145	3.568740452839442e-21
22689621.89372049	3.472473558167483e-21
22663934.546543326	3.3668894088377755e-21
22666909.972909853	3.2681966140495417e-21
22700855.183230434	3.1688670271346997e-21
22769007.145899005	3.0700260336613222e-21
22871965.73121777	2.9778993949631448e-21
23011545.430500753	2.8815380728569304e-21
23187951.56821749	2.794369476057937e-21
23400654.19363313	2.702716972977651e-21
23648761.66187143	2.6240897992698027e-21
23930946.79052419	2.5417151064216767e-21
24245950.92217255	2.465522446336903e-21
24593322.389217768	2.3945077406684956e-21
24970709.444066662	2.322299023988103e-21
25379678.95640132	2.2557397965670224e-21
25815216.72057006	2.193616518979856e-21
26278033.539441265	2.12800145009957e-21
26764673.95766293	2.0748852215238253e-21
27274566.367405366	2.0118775076813827e-21
27805975.717460446	1.9565070996909673e-21
28357003.574425846	1.9028083449219353e-21
28926686.069613986	1.8443910230916982e-21
29513055.99594864	1.7953993134843196e-21
30114100.811579946	1.7427314846443404e-21
30727989.421535533	1.693915027981705e-21
31354842.311355993	1.6449256939143487e-21
31991628.531383015	1.5933161208489162e-21
32636869.450668827	1.5474502615845858e-21
33290022.760731183	1.5018683000748575e-21
33948757.763134725	1.4545390227004685e-21
34614334.19903378	1.4106175016057132e-21
35285064.13725785	1.365199812587205e-21
35961183.0659115	1.3186387121691206e-21
36640418.83630699	1.2808392791053364e-21
37322513.18828891	1.2379066171629166e-21
38008196.0337504	1.1940739314297805e-21
38695272.70468578	1.155632393866986e-21
39382514.65371402	1.1131308626859527e-21
40069964.40789535	1.0731067540301036e-21
40755188.993550256	1.034372327292612e-21
