1293524.7233818143	3.839402012801433e-20
1942215.5827816848	3.832283151772288e-20
2590004.750960893	3.809716572678185e-20
3235478.729647283	3.805855392909011e-20
3876814.248838858	3.7833666392714104e-20
4512085.137716264	3.769124343905302e-20
5140708.489109259	3.7607155723163007e-20
5761664.402757245	3.7396505680526695e-20
6374560.073448207	3.719810940818405e-20
6978054.342723335	3.720168527250354e-20
7572363.479125919	3.695822030445778e-20
8155995.567679031	3.6893985164590264e-20
8728026.251679128	3.682212678016133e-20
9288234.584677542	3.670135276592291e-20
9835719.277205912	3.6663424672172644e-20
10369318.275161583	3.6614694119336866e-20
10889330.28072691	3.648073669533804e-20
11395127.896886459	3.654175947866736e-20
11885948.49770097	3.636636505712772e-20
12360913.81452035	3.632834793364965e-20
12818635.569357604	3.632171288538226e-20
13259015.251895595	3.6070885078604284e-20
13680679.46850594	3.597827220578552e-20
14082179.043031659	3.587900886614528e-20
14462479.344151197	3.566599321617936e-20
14819995.595478429	3.5513276063154955e-20
15153738.497149803	3.538937646788678e-20
15463079.395773662	3.5118069073382324e-20
15747295.224577457	3.509337453312571e-20
16006311.700388692	3.4885575719833296e-20
16240593.697583841	3.4730470460893336e-20
16450286.959503168	3.466274240784353e-20
16636249.060410218	3.4471162654213696e-20
16798881.87886325	3.440731454982334e-20
16939003.421098895	3.434917543100234e-20
17057018.40093983	3.4164725114878837e-20
17153039.331923075	3.408577688233936e-20
17227257.726345304	3.4117285725861343e-20
17282203.116700716	3.3884259710720657e-20
17312127.229199767	3.3844076349967696e-20
17316703.23849202	3.374090200493898e-20
17295294.344416346	3.3650496455718863e-20
17247431.740696933	3.3639112029226016e-20
17172696.97543167	3.3466653704904116e-20
17070595.29952017	3.3439212696630657e-20
16941279.20465276	3.336847860439959e-20
16784706.719213177	3.324311817729013e-20
16601179.823133051	3.3190364149895513e-20
16391037.4610639	3.3156326130623026e-20
16155355.95398628	3.299311213688127e-20
15894544.259273369	3.299551705368189e-20
15609672.520587996	3.2907675001020137e-20
15301418.782910295	3.280911662662907e-20
14970793.310309244	3.2804913331109605e-20
14618587.660235852	3.26461323276967e-20
14245562.533645343	3.260126986545135e-20
13852580.156779459	3.2520948421640114e-20
13440379.163336277	3.235703010703576e-20
13009911.848360078	3.2285377194054465e-20
12561824.915194448	3.2162061845523294e-20
12097233.801576292	3.196478327301194e-20
11617138.556890847	3.183784813098364e-20
11122440.56176521	3.158996217068442e-20
10614612.774849582	3.1371315350910734e-20
10094926.563873557	3.1117413058674035e-20
9564692.953252602	3.085124978959208e-20
9026456.62040205	3.05746656985393e-20
8481756.427768955	3.02756129384609e-20
7933327.554059519	2.994501472170158e-20
7383615.770745388	2.9715588176372385e-20
6835654.24813163	2.93945929772442e-20
6293650.912626153	2.913013826635873e-20
5761469.546044654	2.8907186215467713e-20
5243686.4418079015	2.8680088893783624e-20
4748245.570734522	2.849701908193083e-20
4282950.560069542	2.83613815890125e-20
3860770.6261962773	2.819219202681315e-20
3500042.95615068	2.8055627595163604e-20
3220561.331445187	2.7976542269306935e-20
3047708.5982751036	2.779677571498445e-20
3001320.0462463177	2.7689695264386615e-20
3085748.170217394	2.758964427245678e-20
3293810.9007652523	2.7365116578090486e-20
3602041.250457857	2.729592005431856e-20
3987061.395313596	2.7098967421539425e-20
4428171.592203717	2.6898155880743522e-20
4908259.312628051	2.674161234992775e-20
5415077.555307957	2.6505842335623998e-20
5939132.337303151	2.6328711368140838e-20
6474463.775479789	2.6123827816702083e-20
7014804.48266379	2.592414851677584e-20
7557229.972681791	2.5703855804974336e-20
8098201.991800403	2.5573497032003254e-20
8636294.227271324	2.5291246084152634e-20
9168273.011314616	2.5208039727287213e-20
9693720.917171074	2.5016286191547454e-20
10210728.358447306	2.486605053149851e-20
10718819.644904938	2.473046896799784e-20
11217039.201237554	2.4599198071247456e-20
11704717.152503088	2.442507968290301e-20
12180775.640085487	2.4408496571802398e-20
12645329.67146369	2.422016494259673e-20
13097694.648295937	2.4089122874610522e-20
13537062.937727666	2.401582286653885e-20
13962848.840405026	2.385017326773391e-20
14374410.706877692	2.3692631321720655e-20
14770692.769806027	2.3561463556010553e-20
15150428.36886139	2.336910602503251e-20
15512564.464007877	2.3251481073912365e-20
15856165.434934132	2.3054819430311046e-20
16179296.591941195	2.2875831170527675e-20
16481348.557991242	2.273114480015652e-20
16760691.786737205	2.2573014704967858e-20
17017241.944569044	2.237420851964764e-20
17249423.278765	2.2302899115496478e-20
17457858.567705262	2.2141560376266822e-20
17642455.286325652	2.2016047104264863e-20
17803729.64465592	2.1920428041230874e-20
17942280.30936982	2.1838382521471055e-20
18058983.882237114	2.1726636116665026e-20
18154923.296880107	2.1659495105425078e-20
18230425.12041066	2.1596337911032576e-20
18286354.756757837	2.1504721761601492e-20
18323326.145108044	2.1455432422063908e-20
18341959.339721587	2.134639954913351e-20
18342485.47989067	2.1198095006324942e-20
18324393.840452127	2.1173506028651447e-20
18288607.886331864	2.1025741489641516e-20
18162535.08957381	2.0489086798925274e-20
17963451.09520996	2.023795198381691e-20
17692006.948054254	1.9993141879265988e-20
17349059.246541295	1.9768936882988336e-20
16937409.5049981	1.9547556484513907e-20
16461077.266084379	1.939405442057971e-20
15926119.608994525	1.9184546684268208e-20
15338940.101375973	1.9015791256666847e-20
14708101.797679398	1.8827058069476955e-20
14042086.913988248	1.8562198026965654e-20
13351000.963598195	1.8282935154106304e-20
12647905.926674183	1.797992553087631e-20
11948295.733283471	1.7589977423713087e-20
11270506.328466346	1.722002402721005e-20
10634878.05007655	1.691502510958715e-20
10063797.853693206	1.65462135049045e-20
9581922.732416496	1.6241435153410418e-20
9208880.475931913	1.601111627441286e-20
8962080.774574619	1.5746836810177726e-20
8851388.256770799	1.551973486875094e-20
8879167.918222968	1.5354711928919967e-20
9047884.139399664	1.5127076579858252e-20
9348095.765983572	1.4939358922225465e-20
9767697.55367149	1.4723209348572587e-20
10290629.820375426	1.44897686358059e-20
10894815.95989579	1.4266242748020323e-20
11564228.463671928	1.40318097700928e-20
12277889.08241152	1.3832557022835817e-20
13022376.700894503	1.3593633037970457e-20
13781580.903510308	1.342579591479152e-20
14547244.137980223	1.3201406920386605e-20
15308740.13627836	1.3016878651249056e-20
16061932.498849569	1.2818234390197929e-20
16800837.741315164	1.2593552703936765e-20
17522577.07587557	1.2373779863146987e-20
18221589.139808852	1.211996798249607e-20
18894333.333833188	1.186440806454722e-20
19536061.647630006	1.1598773524214613e-20
20142473.08276717	1.1319395967497066e-20
20707404.330335565	1.106565052635295e-20
21226031.78175327	1.0789978563688471e-20
21692434.11422517	1.0549260452123085e-20
22103118.396733075	1.0325394567508383e-20
22459029.182046138	1.0106244575511341e-20
22763783.792904466	9.903126981629752e-21
23022784.314882506	9.698480594145123e-21
23239895.266760565	9.516029635750005e-21
23419983.923137095	9.316571386543917e-21
23566057.60940934	9.119423758739566e-21
23678830.03824302	8.944105577219972e-21
23760433.096431557	8.760758672788916e-21
23812551.094118413	8.571463781545654e-21
23836125.233351164	8.392877454606443e-21
23832316.18873835	8.208992373967107e-21
23802081.636907306	8.039956465435637e-21
23748022.872862488	7.864394270634329e-21
23673501.57876946	7.6898581164777e-21
23580492.278152294	7.530660295861251e-21
23475014.15377635	7.35734221829992e-21
23359752.84627172	7.198054279920965e-21
23240803.360152118	7.024968677991836e-21
23122910.308877643	6.843324179897996e-21
23009165.468786564	6.683456742290507e-21
22904593.49584707	6.513772824826497e-21
22813931.853146225	6.340773072435533e-21
22741305.758465145	6.163313416296853e-21
22689621.89372049	5.995888945637538e-21
22663934.546543326	5.815053390646533e-21
22666909.972909853	5.643258832464971e-21
22700855.183230434	5.473433804017322e-21
22769007.145899005	5.302076811034622e-21
22871965.73121777	5.142971184800171e-21
23011545.430500753	4.9774667106390724e-21
23187951.56821749	4.825201695939407e-21
23400654.19363313	4.668883963461466e-21
23648761.66187143	4.531285488509126e-21
23930946.79052419	4.39061591146154e-21
24245950.92217255	4.259087220468154e-21
24593322.389217768	4.134824910720018e-21
24970709.444066662	4.012038562095199e-21
25379678.95640132	3.8956073233279186e-21
25815216.72057006	3.789308319511506e-21
26278033.539441265	3.6764358667289566e-21
26764673.95766293	3.5828769982679585e-21
27274566.367405366	3.476034152095649e-21
27805975.717460446	3.379910430480579e-21
28357003.574425846	3.2867894912626082e-21
28926686.069613986	3.1866373431443703e-21
29513055.99594864	3.100852758859362e-21
30114100.811579946	3.0108499132333653e-21
30727989.421535533	2.9267141220003395e-21
31354842.311355993	2.8406188957429716e-21
31991628.531383015	2.7532022155626596e-21
32636869.450668827	2.6736918513559894e-21
33290022.760731183	2.5944625625894184e-21
33948757.763134725	2.5133701965659197e-21
34614334.19903378	2.4367592099337868e-21
35285064.13725785	2.3589468458096097e-21
35961183.0659115	2.2787685765033845e-21
36640418.83630699	2.2122113066480643e-21
37322513.18828891	2.139093221806136e-21
38008196.0337504	2.0633441937701074e-21
38695272.70468578	1.9962096881059098e-21
39382514.65371402	1.9237861555843584e-21
40069964.40789535	1.8543590291404596e-21
40755188.993550256	1.7871716949491333e-21
