1293524.7233818143	6.699932146824433e-20
1942215.5827816848	6.68804317758342e-20
2590004.750960893	6.657133909213958e-20
3235478.729647283	6.649424400168107e-20
3876814.248838858	6.613873319752155e-20
4512085.137716264	6.598738945408695e-20
5140708.489109259	6.584189911825138e-20
5761664.402757245	6.559347047747758e-20
6374560.073448207	6.532577843883959e-20
6978054.342723335	6.536711633937208e-20
7572363.479125919	6.498793969797904e-20
8155995.567679031	6.494169362646277e-20
8728026.251679128	6.480693399709576e-20
9288234.584677542	6.474387340730926e-20
9835719.277205912	6.459594803899999e-20
10369318.275161583	6.45002817800487e-20
10889330.28072691	6.450376333351492e-20
11395127.896886459	6.433740301216485e-20
11885948.49770097	6.419379383814681e-20
12360913.81452035	6.418431082320964e-20
12818635.569357604	6.395914589901986e-20
13259015.251895595	6.370534041933545e-20
13680679.46850594	6.343833152800766e-20
14082179.043031659	6.320522273056125e-20
14462479.344151197	6.297296834563914e-20
14819995.595478429	6.257476134168026e-20
15153738.497149803	6.240805921986846e-20
15463079.395773662	6.197376963700997e-20
15747295.224577457	6.195747846049452e-20
16006311.700388692	6.165301984573132e-20
16240593.697583841	6.137319958710047e-20
16450286.959503168	6.136730701401182e-20
16636249.060410218	6.106049229502116e-20
16798881.87886325	6.103580963518767e-20
16939003.421098895	6.080278736632339e-20
17057018.40093983	6.07159221693974e-20
17153039.331923075	6.056873069452952e-20
17227257.726345304	6.052531534258601e-20
17282203.116700716	6.021331186708203e-20
17312127.229199767	6.015329201178332e-20
17316703.23849202	6.000201426123032e-20
17295294.344416346	5.98318725252565e-20
17247431.740696933	5.983495245979894e-20
17172696.97543167	5.957066085546093e-20
17070595.29952017	5.958811062312127e-20
16941279.20465276	5.939264641680074e-20
16784706.719213177	5.935712507454178e-20
16601179.823133051	5.922932964742992e-20
16391037.4610639	5.91713230432009e-20
16155355.95398628	5.900906749598649e-20
15894544.259273369	5.89940972730536e-20
15609672.520587996	5.894821238381757e-20
15301418.782910295	5.885021111448057e-20
14970793.310309244	5.878756677241541e-20
14618587.660235852	5.863375285109939e-20
14245562.533645343	5.852538251991055e-20
13852580.156779459	5.837592730736176e-20
13440379.163336277	5.813830226129804e-20
13009911.848360078	5.794653811851981e-20
12561824.915194448	5.778612002068929e-20
12097233.801576292	5.741470780693285e-20
11617138.556890847	5.71035025704118e-20
11122440.56176521	5.66882755898309e-20
10614612.774849582	5.622509253300883e-20
10094926.563873557	5.574312585057822e-20
9564692.953252602	5.526168051007592e-20
9026456.62040205	5.467771864717446e-20
8481756.427768955	5.4197219892864244e-20
7933327.554059519	5.357583977860552e-20
7383615.770745388	5.312175811345476e-20
6835654.24813163	5.263177199961776e-20
6293650.912626153	5.2132684218191944e-20
5761469.546044654	5.178143475172658e-20
5243686.4418079015	5.148790047702401e-20
4748245.570734522	5.1148985000168196e-20
4282950.560069542	5.101382280958283e-20
3860770.6261962773	5.0860951641525076e-20
3500042.95615068	5.064187442625777e-20
3220561.331445187	5.0598505633329925e-20
3047708.5982751036	5.0384405552194474e-20
3001320.0462463177	5.0155857872135393e-20
3085748.170217394	5.003594112487498e-20
3293810.9007652523	4.968861350288354e-20
3602041.250457857	4.9499512107203977e-20
3987061.395313596	4.923064697791674e-20
4428171.592203717	4.889089205615585e-20
4908259.312628051	4.854044493797055e-20
5415077.555307957	4.820884346569286e-20
5939132.337303151	4.7884287513927715e-20
6474463.775479789	4.748085723688638e-20
7014804.48266379	4.718364501426105e-20
7557229.972681791	4.6769554159686974e-20
8098201.991800403	4.6519869777017617e-20
8636294.227271324	4.6050206446597025e-20
9168273.011314616	4.588529733104063e-20
9693720.917171074	4.553227544136093e-20
10210728.358447306	4.5289487102882496e-20
10718819.644904938	4.501772990127249e-20
11217039.201237554	4.478426113334019e-20
11704717.152503088	4.4516195203928274e-20
12180775.640085487	4.441403665509166e-20
12645329.67146369	4.4102166623615686e-20
13097694.648295937	4.3888717159122946e-20
13537062.937727666	4.3663309541695675e-20
13962848.840405026	4.3423803949048015e-20
14374410.706877692	4.31222054436963e-20
14770692.769806027	4.280452530177965e-20
15150428.36886139	4.2518326765169025e-20
15512564.464007877	4.2262470527856756e-20
15856165.434934132	4.187175391115177e-20
16179296.591941195	4.1589537409550084e-20
16481348.557991242	4.127723711872615e-20
16760691.786737205	4.0995184705649956e-20
17017241.944569044	4.0667352303308765e-20
17249423.278765	4.049910403541798e-20
17457858.567705262	4.022745697896705e-20
17642455.286325652	4.003559326715804e-20
17803729.64465592	3.983062410780554e-20
17942280.30936982	3.969881515216404e-20
18058983.882237114	3.95385731731296e-20
18154923.296880107	3.9388093634454074e-20
18230425.12041066	3.9306599214785134e-20
18286354.756757837	3.9158806827433735e-20
18323326.145108044	3.906511002036996e-20
18341959.339721587	3.8861310954956067e-20
18342485.47989067	3.860506504589593e-20
18324393.840452127	3.855854694355826e-20
18288607.886331864	3.8274921917265384e-20
18162535.08957381	3.727152772240965e-20
17963451.09520996	3.683485504734885e-20
17692006.948054254	3.635986542503459e-20
17349059.246541295	3.600497012142674e-20
16937409.5049981	3.564298872299494e-20
16461077.266084379	3.5353869627259166e-20
15926119.608994525	3.5025299037200286e-20
15338940.101375973	3.475744283916928e-20
14708101.797679398	3.44424670115574e-20
14042086.913988248	3.3960903718698223e-20
13351000.963598195	3.348836104302745e-20
12647905.926674183	3.2860427983938837e-20
11948295.733283471	3.2286081334938624e-20
11270506.328466346	3.158686390202526e-20
10634878.05007655	3.0858943222924436e-20
10063797.853693206	3.032491769135499e-20
9581922.732416496	2.974229540417623e-20
9208880.475931913	2.9307746968135455e-20
8962080.774574619	2.883212678099261e-20
8851388.256770799	2.852913255777728e-20
8879167.918222968	2.8251052287877037e-20
9047884.139399664	2.786006578106268e-20
9348095.765983572	2.7538850992809876e-20
9767697.55367149	2.714728710383655e-20
10290629.820375426	2.6742527532984977e-20
10894815.95989579	2.640459168095527e-20
11564228.463671928	2.5979666273389347e-20
12277889.08241152	2.563052958042654e-20
13022376.700894503	2.5232839421748905e-20
13781580.903510308	2.4906117796366825e-20
14547244.137980223	2.4522410915485768e-20
15308740.13627836	2.419408843802283e-20
16061932.498849569	2.3816333715704892e-20
16800837.741315164	2.3432015969183e-20
17522577.07587557	2.2998816758240608e-20
18221589.139808852	2.2565245144637608e-20
18894333.333833188	2.209662604982271e-20
19536061.647630006	2.1612080080255646e-20
20142473.08276717	2.1103634577512342e-20
20707404.330335565	2.0626305183971433e-20
21226031.78175327	2.0126947823038364e-20
21692434.11422517	1.9679127079416723e-20
22103118.396733075	1.9273112643613905e-20
22459029.182046138	1.887214836587178e-20
22763783.792904466	1.851004052015776e-20
23022784.314882506	1.8134007403201855e-20
23239895.266760565	1.7803746306134728e-20
23419983.923137095	1.7432891474726693e-20
23566057.60940934	1.7068877096435863e-20
23678830.03824302	1.6740489283016147e-20
23760433.096431557	1.6397959044793544e-20
23812551.094118413	1.6040880357935608e-20
23836125.233351164	1.570358250674248e-20
23832316.18873835	1.5354812021756975e-20
23802081.636907306	1.5036971898594945e-20
23748022.872862488	1.4704872120555608e-20
23673501.57876946	1.4375166949752745e-20
23580492.278152294	1.4076878133618023e-20
23475014.15377635	1.3747788858983677e-20
23359752.84627172	1.3448300230628833e-20
23240803.360152118	1.3119147571044168e-20
23122910.308877643	1.2777593884565203e-20
23009165.468786564	1.2472754451935478e-20
22904593.49584707	1.2153095899684042e-20
22813931.853146225	1.1823400114147802e-20
22741305.758465145	1.1488445355898479e-20
22689621.89372049	1.1172005853225494e-20
22663934.546543326	1.0829090286963327e-20
22666909.972909853	1.05036117116036e-20
22700855.183230434	1.0185183805350578e-20
22769007.145899005	9.862278404488584e-21
22871965.73121777	9.561705464062545e-21
23011545.430500753	9.255749345913422e-21
23187951.56821749	8.966601775147754e-21
23400654.19363313	8.67929039590788e-21
23648761.66187143	8.416922486438563e-21
23930946.79052419	8.157640586034705e-21
24245950.92217255	7.9119960513287e-21
24593322.389217768	7.67528336572972e-21
24970709.444066662	7.45086616676793e-21
25379678.95640132	7.228677427301823e-21
25815216.72057006	7.03256582236156e-21
26278033.539441265	6.822849552424023e-21
26764673.95766293	6.643949920019763e-21
27274566.367405366	6.44782321260916e-21
27805975.717460446	6.266534968245092e-21
28357003.574425846	6.091137786389357e-21
28926686.069613986	5.907874949108545e-21
29513055.99594864	5.744100245441303e-21
30114100.811579946	5.57915729533781e-21
30727989.421535533	5.4233163687644014e-21
31354842.311355993	5.259078144765087e-21
31991628.531383015	5.099741200030697e-21
32636869.450668827	4.950375773200745e-21
33290022.760731183	4.801136279956291e-21
33948757.763134725	4.653744860464718e-21
34614334.19903378	4.50789958067856e-21
35285064.13725785	4.364447291842789e-21
35961183.0659115	4.2162102943100966e-21
36640418.83630699	4.089269805986905e-21
37322513.18828891	3.95611904263199e-21
38008196.0337504	3.815003624638743e-21
38695272.70468578	3.6876910245212416e-21
39382514.65371402	3.556114503478763e-21
40069964.40789535	3.426187220852251e-21
40755188.993550256	3.3000995015940584e-21
