	0.8660900000
	-119.2700000000
	125.4900000000
	6.7649000000
	-119.2500000000
	125.9900000000
	12.6670000000
	-118.9400000000
	126.5000000000
	18.5570000000
	-118.3400000000
	127.0100000000
	24.4160000000
	-117.4500000000
	127.5400000000
	30.2250000000
	-116.2800000000
	128.0800000000
	35.9640000000
	-114.8200000000
	128.6200000000
	41.6130000000
	-113.0900000000
	129.1800000000
	47.1590000000
	-111.0900000000
	129.7500000000
	52.5910000000
	-108.8200000000
	130.3200000000
	57.9000000000
	-106.3000000000
	130.9100000000
	63.0710000000
	-103.5300000000
	131.5000000000
	68.0970000000
	-100.5200000000
	132.1000000000
	72.9660000000
	-97.2760000000
	132.7100000000
	77.6630000000
	-93.8120000000
	133.3200000000
	82.1830000000
	-90.1320000000
	133.9400000000
	86.5170000000
	-86.2500000000
	134.5600000000
	90.6520000000
	-82.1780000000
	135.1900000000
	94.5870000000
	-77.9220000000
	135.8100000000
	98.3160000000
	-73.4910000000
	136.4400000000
	101.8300000000
	-68.8990000000
	137.0700000000
	105.1300000000
	-64.1570000000
	137.7000000000
	108.2000000000
	-59.2840000000
	138.3200000000
	111.0500000000
	-54.2820000000
	138.9400000000
	113.6700000000
	-49.1630000000
	139.5600000000
	116.0600000000
	-43.9430000000
	140.1900000000
	118.2200000000
	-38.6280000000
	140.8000000000
	120.1400000000
	-33.2330000000
	141.4200000000
	121.8200000000
	-27.7680000000
	142.0400000000
	123.2600000000
	-22.2450000000
	142.6600000000
	124.4700000000
	-16.6740000000
	143.2700000000
	125.4300000000
	-11.0730000000
	143.8900000000
	126.1600000000
	-5.4456000000
	144.5100000000
	126.6400000000
	0.1918500000
	145.1300000000
	126.8800000000
	5.8282000000
	145.7600000000
	126.8800000000
	11.4530000000
	146.4000000000
	126.6500000000
	17.0550000000
	147.0400000000
	126.1800000000
	22.6240000000
	147.6900000000
	125.4700000000
	28.1460000000
	148.3500000000
	124.5400000000
	33.6120000000
	149.0200000000
	123.3000000000
	39.3490000000
	149.7400000000
	121.8100000000
	44.9990000000
	150.4800000000
	120.0800000000
	50.5510000000
	151.2300000000
	118.1100000000
	55.9940000000
	152.0000000000
	115.9100000000
	61.3190000000
	152.7800000000
	113.4900000000
	66.5170000000
	153.5700000000
	110.8500000000
	71.5830000000
	154.3800000000
	108.0100000000
	76.5060000000
	155.1900000000
	104.9600000000
	81.2810000000
	156.0200000000
	101.7300000000
	85.9030000000
	156.8500000000
	98.3080000000
	90.3680000000
	157.6900000000
	94.7150000000
	94.6700000000
	158.5400000000
	90.9560000000
	98.8050000000
	159.3900000000
	87.0410000000
	102.7700000000
	160.2500000000
	82.9780000000
	106.5600000000
	161.1100000000
	78.7750000000
	110.1700000000
	161.9800000000
	74.4410000000
	113.6100000000
	162.8500000000
	69.9840000000
	116.8600000000
	163.7300000000
	65.4130000000
	119.9300000000
	164.6200000000
	60.7370000000
	122.8000000000
	165.5100000000
	55.9660000000
	125.4900000000
	166.4000000000
	51.1090000000
	127.9800000000
	167.3000000000
	46.1720000000
	130.2800000000
	168.2100000000
	41.1640000000
	132.3900000000
	169.1200000000
	36.0940000000
	134.2900000000
	170.0400000000
	30.9700000000
	136.0100000000
	170.9700000000
	25.8010000000
	137.5200000000
	171.9000000000
	20.5930000000
	138.8400000000
	172.8400000000
	15.3560000000
	139.9600000000
	173.7900000000
	10.1000000000
	140.8800000000
	174.7400000000
	4.8292000000
	141.6100000000
	175.7100000000
	-0.4474800000
	142.1400000000
	176.6800000000
	-5.7230000000
	142.4800000000
	177.6600000000
	-10.9870000000
	142.6300000000
	178.6400000000
	-16.2310000000
	142.5900000000
	179.6400000000
	-21.4530000000
	142.3600000000
	180.6500000000
	-26.6420000000
	141.9400000000
	181.6600000000
	-31.7950000000
	141.3400000000
	182.6900000000
	-36.9050000000
	140.5600000000
	183.7200000000
	-41.9650000000
	139.6100000000
	184.7600000000
	-46.9680000000
	138.4800000000
	185.8200000000
	-51.9130000000
	137.1800000000
	186.8800000000
	-56.7910000000
	135.7200000000
	187.9500000000
	-61.5960000000
	134.1000000000
	189.0300000000
	-66.3280000000
	132.3200000000
	190.1200000000
	-70.9790000000
	130.3900000000
	191.2200000000
	-75.5450000000
	128.3100000000
	192.3300000000
	-80.0230000000
	126.0900000000
	193.4600000000
	-84.4080000000
	123.7200000000
	194.5900000000
	-88.6990000000
	121.2300000000
	195.7300000000
	-92.8910000000
	118.6000000000
	196.8900000000
	-96.9840000000
	115.8500000000
	198.0500000000
	-100.9700000000
	112.9700000000
	199.2300000000
	-104.8600000000
	109.9800000000
	200.4100000000
	-108.6400000000
	106.8800000000
	201.6100000000
	-112.3100000000
	103.6800000000
	202.8100000000
	-115.8800000000
	100.3700000000
	204.0300000000
	-119.3300000000
	96.9590000000
	205.2600000000
	-122.6800000000
	93.4570000000
	206.5000000000
	-125.9200000000
	89.8670000000
	207.7600000000
	-129.0400000000
	86.1900000000
	209.0300000000
	-132.0600000000
	82.4340000000
	210.3100000000
	-134.9600000000
	78.6010000000
	211.6100000000
	-137.7400000000
	74.6980000000
	212.9100000000
	-140.4200000000
	70.7260000000
	214.2300000000
	-142.9800000000
	66.6910000000
	215.5500000000
	-145.4200000000
	62.5950000000
	216.8800000000
	-147.7600000000
	58.4440000000
	218.2200000000
	-149.9700000000
	54.2410000000
	219.5700000000
	-152.0800000000
	49.9900000000
	220.9300000000
	-154.0700000000
	45.6940000000
	222.2900000000
	-155.9400000000
	41.3570000000
	223.6700000000
	-157.7000000000
	36.9850000000
	225.0600000000
	-159.3400000000
	32.5790000000
	226.4700000000
	-160.8700000000
	28.1450000000
	227.8900000000
	-162.2900000000
	23.6830000000
	229.3300000000
	-163.5900000000
	19.2000000000
	230.7800000000
	-164.7700000000
	14.6980000000
	232.2500000000
	-165.8400000000
	10.1800000000
	233.7400000000
	-166.8000000000
	5.6527000000
	235.2500000000
	-167.6400000000
	1.1169000000
	236.7700000000
	-168.3700000000
	-3.4205000000
	238.3200000000
	-168.9900000000
	-7.9579000000
	239.8800000000
	-169.5000000000
	-12.4910000000
	241.4500000000
	-169.9000000000
	-17.0160000000
	243.0300000000
	-170.1900000000
	-21.5320000000
	244.6200000000
	-170.3700000000
	-26.0330000000
	246.2200000000
	-170.4500000000
	-30.5200000000
	247.8300000000
	-170.4300000000
	-34.9870000000
	249.4600000000
	-170.3000000000
	-39.4330000000
	251.0900000000
	-169.7500000000
	-48.2500000000
	254.4100000000
	-168.8100000000
	-56.9450000000
	257.7800000000
	-167.4900000000
	-65.5040000000
	261.2000000000
	-165.8200000000
	-73.9110000000
	264.6900000000
	-163.8100000000
	-82.1540000000
	268.2500000000
	-161.4900000000
	-90.2200000000
	271.8800000000
	-158.8600000000
	-98.1040000000
	275.5800000000
	-155.9500000000
	-105.8000000000
	279.3300000000
	-152.7800000000
	-113.3000000000
	283.1100000000
	-149.3600000000
	-120.6100000000
	286.9500000000
	-145.7100000000
	-127.7200000000
	290.8200000000
	-141.8500000000
	-134.6200000000
	294.7400000000
	-137.7800000000
	-141.3300000000
	298.7000000000
	-133.5200000000
	-147.8400000000
	302.7100000000
	-129.0900000000
	-154.1500000000
	306.7600000000
	-124.4900000000
	-160.2600000000
	310.8700000000
	-119.7400000000
	-166.1700000000
	315.0300000000
	-114.8500000000
	-171.8800000000
	319.2500000000
	-109.8300000000
	-177.4000000000
	323.5400000000
	-104.6900000000
	-182.7200000000
	327.8900000000
	-99.4500000000
	-187.8600000000
	332.3000000000
	-94.1080000000
	-192.8200000000
	336.7800000000
	-88.6770000000
	-197.6000000000
	341.3200000000
	-83.1700000000
	-202.2100000000
	345.9200000000
	-77.5880000000
	-206.6500000000
	350.5800000000
	-71.9490000000
	-210.9300000000
	355.3000000000
	-66.2530000000
	-215.0600000000
	360.0700000000
	-60.5170000000
	-219.0300000000
	364.8700000000
	-54.7370000000
	-222.8600000000
	369.7000000000
	-48.9250000000
	-226.5400000000
	374.5700000000
	-43.0800000000
	-230.0900000000
	379.4900000000
	-37.2130000000
	-233.4900000000
	384.4600000000
	-31.3220000000
	-236.7700000000
	389.5000000000
	-25.4180000000
	-239.9100000000
	394.6300000000
	-19.5010000000
	-242.9400000000
	399.9000000000
	-13.5770000000
	-245.8500000000
	405.3600000000
	-7.6477000000
	-248.6700000000
	410.9900000000
	-1.7184000000
	-251.3800000000
	416.6900000000
	4.2107000000
	-254.0100000000
	422.4200000000
	10.1350000000
	-256.5500000000
	428.1700000000
	16.0530000000
	-258.9900000000
	433.9500000000
	21.9640000000
	-261.3500000000
	439.7800000000
	27.8650000000
	-263.6300000000
	445.6700000000
	33.7540000000
	-265.8300000000
	451.6700000000
	39.6300000000
	-267.9600000000
	457.8400000000
	45.4950000000
	-270.0200000000
	464.1300000000
	51.3410000000
	-272.0100000000
	470.4600000000
	57.1680000000
	-273.9400000000
	476.8200000000
	62.9770000000
	-275.8000000000
	483.1900000000
	68.7690000000
	-277.6000000000
	489.5700000000
	74.5400000000
	-279.3300000000
	495.9600000000
