	12.1330000000
	132.8600000000
	102.3100000000
	6.2083000000
	133.4500000000
	102.6200000000
	0.2513400000
	133.7800000000
	102.9400000000
	-5.7256000000
	133.8400000000
	103.2500000000
	-11.7060000000
	133.6200000000
	103.5600000000
	-17.6740000000
	133.1400000000
	103.8700000000
	-23.6120000000
	132.3900000000
	104.1800000000
	-29.5010000000
	131.3800000000
	104.4900000000
	-35.3310000000
	130.1000000000
	104.7900000000
	-41.0900000000
	128.5700000000
	105.0900000000
	-46.7720000000
	126.7900000000
	105.4000000000
	-52.3610000000
	124.7500000000
	105.6900000000
	-57.8550000000
	122.4700000000
	105.9900000000
	-63.2390000000
	119.9600000000
	106.2800000000
	-68.5000000000
	117.2100000000
	106.5700000000
	-73.6370000000
	114.2400000000
	106.8600000000
	-78.6380000000
	111.0400000000
	107.1400000000
	-83.4900000000
	107.6400000000
	107.4200000000
	-88.1950000000
	104.0400000000
	107.6900000000
	-92.7450000000
	100.2300000000
	107.9700000000
	-97.1290000000
	96.2420000000
	108.2400000000
	-101.3400000000
	92.0680000000
	108.5000000000
	-105.3700000000
	87.7280000000
	108.7700000000
	-109.2200000000
	83.2220000000
	109.0200000000
	-112.8700000000
	78.5610000000
	109.2800000000
	-116.3200000000
	73.7550000000
	109.5300000000
	-119.5800000000
	68.8110000000
	109.7900000000
	-122.6100000000
	63.7420000000
	110.0400000000
	-125.4400000000
	58.5550000000
	110.2900000000
	-128.0400000000
	53.2610000000
	110.5400000000
	-130.4200000000
	47.8680000000
	110.7800000000
	-132.5700000000
	42.3930000000
	111.0300000000
	-134.5000000000
	36.8400000000
	111.2800000000
	-136.1800000000
	31.2230000000
	111.5400000000
	-137.6300000000
	25.5510000000
	111.7900000000
	-138.8500000000
	19.8350000000
	112.0500000000
	-139.8300000000
	14.0860000000
	112.3200000000
	-140.5800000000
	8.3105000000
	112.5900000000
	-141.0900000000
	2.5248000000
	112.8700000000
	-141.3700000000
	-3.2646000000
	113.1600000000
	-141.4200000000
	-9.4101000000
	113.4700000000
	-141.2100000000
	-15.5380000000
	113.8000000000
	-140.7400000000
	-21.6360000000
	114.1300000000
	-140.0200000000
	-27.6930000000
	114.4700000000
	-139.0400000000
	-33.6990000000
	114.8200000000
	-137.8200000000
	-39.6460000000
	115.1700000000
	-136.3600000000
	-45.5230000000
	115.5300000000
	-134.6600000000
	-51.3200000000
	115.9000000000
	-132.7300000000
	-57.0280000000
	116.2800000000
	-130.5700000000
	-62.6390000000
	116.6600000000
	-128.1800000000
	-68.1450000000
	117.0500000000
	-125.5800000000
	-73.5360000000
	117.4400000000
	-122.7700000000
	-78.8060000000
	117.8400000000
	-119.7600000000
	-83.9450000000
	118.2500000000
	-116.5500000000
	-88.9480000000
	118.6700000000
	-113.1500000000
	-93.8080000000
	119.0900000000
	-109.5700000000
	-98.5170000000
	119.5200000000
	-105.8100000000
	-103.0700000000
	119.9500000000
	-101.8800000000
	-107.4600000000
	120.3900000000
	-97.7970000000
	-111.6900000000
	120.8400000000
	-93.5590000000
	-115.7400000000
	121.2900000000
	-89.1760000000
	-119.6100000000
	121.7500000000
	-84.6570000000
	-123.3000000000
	122.2200000000
	-80.0080000000
	-126.8100000000
	122.6900000000
	-75.2380000000
	-130.1400000000
	123.1700000000
	-70.3550000000
	-133.2700000000
	123.6500000000
	-65.3690000000
	-136.2100000000
	124.1400000000
	-60.2840000000
	-138.9600000000
	124.6400000000
	-55.1130000000
	-141.5000000000
	125.1400000000
	-49.8640000000
	-143.8500000000
	125.6500000000
	-44.5430000000
	-146.0000000000
	126.1700000000
	-39.1590000000
	-147.9400000000
	126.6900000000
	-33.7200000000
	-149.6800000000
	127.2300000000
	-28.2370000000
	-151.2200000000
	127.7700000000
	-22.7200000000
	-152.5500000000
	128.3200000000
	-17.1730000000
	-153.6700000000
	128.8700000000
	-11.6060000000
	-154.5900000000
	129.4400000000
	-6.0263000000
	-155.3100000000
	130.0100000000
	-0.4418000000
	-155.8200000000
	130.5900000000
	5.1395000000
	-156.1400000000
	131.1800000000
	10.7080000000
	-156.2500000000
	131.7800000000
	16.2620000000
	-156.1600000000
	132.3900000000
	21.7910000000
	-155.8800000000
	133.0100000000
	27.2880000000
	-155.4100000000
	133.6300000000
	32.7500000000
	-154.7600000000
	134.2700000000
	38.1690000000
	-153.9100000000
	134.9100000000
	43.5400000000
	-152.8800000000
	135.5600000000
	48.8580000000
	-151.6800000000
	136.2200000000
	54.1160000000
	-150.3000000000
	136.8900000000
	59.3130000000
	-148.7500000000
	137.5700000000
	64.4410000000
	-147.0300000000
	138.2500000000
	69.4970000000
	-145.1400000000
	138.9400000000
	74.4770000000
	-143.1000000000
	139.6400000000
	79.3750000000
	-140.9000000000
	140.3400000000
	84.1880000000
	-138.5400000000
	141.0500000000
	88.9130000000
	-136.0400000000
	141.7600000000
	93.5450000000
	-133.4000000000
	142.4800000000
	98.0810000000
	-130.6100000000
	143.2000000000
	102.5200000000
	-127.6900000000
	143.9300000000
	106.8500000000
	-124.6400000000
	144.6600000000
	111.0800000000
	-121.4600000000
	145.4000000000
	115.2000000000
	-118.1600000000
	146.1500000000
	119.2000000000
	-114.7300000000
	146.8900000000
	123.0900000000
	-111.2000000000
	147.6500000000
	126.8700000000
	-107.5600000000
	148.4000000000
	130.5200000000
	-103.8100000000
	149.1600000000
	134.0600000000
	-99.9660000000
	149.9300000000
	137.4700000000
	-96.0240000000
	150.7000000000
	140.7500000000
	-91.9920000000
	151.4700000000
	143.9100000000
	-87.8730000000
	152.2500000000
	146.9400000000
	-83.6720000000
	153.0300000000
	149.8400000000
	-79.3940000000
	153.8200000000
	152.6000000000
	-75.0460000000
	154.6200000000
	155.2400000000
	-70.6290000000
	155.4100000000
	157.7400000000
	-66.1520000000
	156.2200000000
	160.1100000000
	-61.6140000000
	157.0300000000
	162.3500000000
	-57.0240000000
	157.8400000000
	164.4500000000
	-52.3840000000
	158.6600000000
	166.4200000000
	-47.6990000000
	159.4900000000
	168.2500000000
	-42.9740000000
	160.3200000000
	169.9400000000
	-38.2120000000
	161.1600000000
	171.5000000000
	-33.4210000000
	162.0100000000
	172.9300000000
	-28.6040000000
	162.8600000000
	174.2200000000
	-23.7650000000
	163.7200000000
	175.3700000000
	-18.9080000000
	164.5800000000
	176.3900000000
	-14.0370000000
	165.4500000000
	177.2800000000
	-9.1563000000
	166.3200000000
	178.0300000000
	-4.2687000000
	167.2000000000
	178.6500000000
	0.6202300000
	168.0900000000
	179.1400000000
	5.5074000000
	168.9900000000
	179.7400000000
	15.2620000000
	170.7900000000
	179.8200000000
	24.9610000000
	172.6300000000
	179.4200000000
	34.5820000000
	174.5000000000
	178.5400000000
	44.1030000000
	176.4000000000
	177.2000000000
	53.5020000000
	178.3400000000
	175.4100000000
	62.7570000000
	180.3000000000
	173.2000000000
	71.8540000000
	182.3000000000
	170.5600000000
	80.7730000000
	184.3400000000
	167.5400000000
	89.4980000000
	186.4000000000
	164.1400000000
	98.0230000000
	188.5000000000
	160.3800000000
	106.3400000000
	190.6500000000
	156.2900000000
	114.4300000000
	192.8200000000
	151.8700000000
	122.2900000000
	195.0300000000
	147.1500000000
	129.9000000000
	197.2600000000
	142.1500000000
	137.2800000000
	199.5100000000
	136.8700000000
	144.4000000000
	201.7900000000
	131.3400000000
	151.2500000000
	204.1000000000
	125.5800000000
	157.8500000000
	206.4300000000
	119.6000000000
	164.1800000000
	208.8000000000
	113.4200000000
	170.2400000000
	211.2000000000
	107.0600000000
	176.0300000000
	213.6500000000
	100.5400000000
	181.5500000000
	216.1300000000
	93.8550000000
	186.8000000000
	218.6500000000
	87.0410000000
	191.7800000000
	221.2300000000
	80.0980000000
	196.5000000000
	223.8500000000
	73.0490000000
	200.9400000000
	226.4800000000
	65.9000000000
	205.1100000000
	229.1400000000
	58.6730000000
	209.0100000000
	231.8200000000
	51.3720000000
	212.6500000000
	234.5300000000
	44.0130000000
	216.0300000000
	237.2600000000
	36.6040000000
	219.1600000000
	240.0200000000
	29.1620000000
	222.0400000000
	242.8200000000
	21.6890000000
	224.6800000000
	245.6500000000
	14.2050000000
	227.0800000000
	248.5100000000
	6.7107000000
	229.2500000000
	251.4300000000
	-0.7805600000
	231.2000000000
	254.3900000000
	-8.2673000000
	232.9500000000
	257.3900000000
	-15.7420000000
	234.4800000000
	260.4100000000
	-23.2010000000
	235.8000000000
	263.4400000000
	-30.6370000000
	236.9300000000
	266.4900000000
	-38.0450000000
	237.8700000000
	269.5500000000
	-45.4240000000
	238.6200000000
	272.6300000000
	-52.7670000000
	239.2000000000
	275.7300000000
	-60.0730000000
	239.6100000000
	278.8600000000
	-67.3370000000
	239.8500000000
	282.0200000000
	-74.5620000000
	239.9400000000
	285.2100000000
	-81.7380000000
	239.8900000000
	288.4500000000
	-88.8610000000
	239.6900000000
	291.7300000000
	-95.9300000000
	239.3300000000
	295.0100000000
	-102.9400000000
	238.8400000000
	298.2900000000
	-109.8900000000
	238.2100000000
	301.5700000000
	-116.7900000000
	237.4400000000
	304.8600000000
	-123.6100000000
	236.5600000000
	308.1500000000
	-130.3800000000
	235.5500000000
	311.4400000000
	-137.0900000000
	234.4300000000
	314.7500000000
	-143.7400000000
	233.2000000000
	318.0500000000
	-150.3300000000
	231.8700000000
	321.3700000000
	-156.8600000000
	230.4400000000
	324.7000000000
	-163.3300000000
	228.9200000000
	328.0400000000
	-169.7500000000
	227.3100000000
	331.4200000000
	-176.1200000000
	225.6300000000
	334.8300000000
	-182.4400000000
	223.8800000000
	338.2900000000
	-188.7100000000
	222.0600000000
	341.8000000000
	-194.9400000000
	220.1900000000
	345.3500000000
	-201.1400000000
	218.2600000000
	348.9500000000
	-207.3000000000
	216.2800000000
	352.6000000000
	-213.4200000000
	214.2500000000
	356.2900000000
	-219.5200000000
	212.1800000000
	360.0500000000
	-225.5800000000
	210.0700000000
	363.8500000000
	-231.6300000000
	207.9300000000
	367.7200000000
	-237.6500000000
	205.7500000000
	371.6200000000
	-243.6200000000
	203.5300000000
	375.5300000000
	-249.5600000000
	201.2700000000
	379.4300000000
	-255.4500000000
	198.9700000000
	383.3200000000
	-261.2900000000
	196.6200000000
	387.2100000000
	-267.1000000000
	194.2400000000
	391.1000000000
	-272.8700000000
	191.8300000000
	395.0000000000
	-278.6000000000
	189.3900000000
	398.9100000000
	-284.3200000000
	186.9300000000
	402.8700000000
	-290.0200000000
	184.4600000000
	406.8800000000
	-295.7400000000
	181.9800000000
	411.0100000000
	-301.5300000000
	179.5500000000
	415.3600000000
	-307.3700000000
	177.1300000000
	419.8900000000
	-313.2100000000
	174.7100000000
	424.4900000000
	-319.0200000000
	172.2800000000
	429.1300000000
	-324.8000000000
	169.8300000000
	433.7900000000
	-330.5400000000
	167.3500000000
	438.4300000000
	-336.2200000000
	164.8500000000
	443.0700000000
	-341.8700000000
	162.3400000000
	447.7100000000
	-347.5000000000
	159.8100000000
	452.3700000000
	-353.1300000000
	157.2800000000
	457.1200000000
	-358.7800000000
	154.7700000000
	462.0000000000
	-364.4400000000
	152.2600000000
	466.9600000000
	-370.0900000000
	149.7500000000
	471.9600000000
	-375.7100000000
	147.2400000000
	477.0000000000
	-381.2900000000
	144.7100000000
	482.0600000000
	-386.8500000000
	142.1800000000
	487.1300000000
	-392.3600000000
	139.6300000000
	492.2100000000
	-397.8200000000
	137.0800000000
	497.2900000000
	-403.2500000000
	134.5100000000
	502.3700000000
	-408.6500000000
	131.9500000000
	507.4800000000
	-414.0300000000
	129.3800000000
	512.6500000000
	-419.4200000000
	126.8300000000
	517.9000000000
	-424.8000000000
	124.2800000000
	523.2100000000
	-430.1800000000
	121.7300000000
	528.5500000000
	-435.5300000000
	119.1900000000
	533.9100000000
	-440.8700000000
	116.6400000000
	539.3000000000
	-446.1900000000
	114.1000000000
	544.6900000000
	-451.4900000000
	111.5500000000
	550.0900000000
	-456.7600000000
	109.0000000000
	555.4900000000
	-462.0100000000
	106.4500000000
	560.8900000000
	-467.2400000000
	103.8900000000
	566.2800000000
	-472.4400000000
	101.3400000000
	571.6800000000
	-477.6200000000
	98.7770000000
	577.0800000000
	-482.8000000000
	96.2240000000
	582.5200000000
	-488.0000000000
	93.6790000000
	588.0400000000
	-493.2200000000
	91.1410000000
	593.6200000000
	-498.4500000000
	88.6080000000
	599.2400000000
	-503.6800000000
	86.0770000000
	604.8800000000
	-508.9000000000
	83.5470000000
	610.5500000000
	-514.1200000000
	81.0160000000
	616.2300000000
	-519.3400000000
	78.4840000000
	621.9200000000
	-524.5600000000
	75.9510000000
	627.6200000000
	-529.7600000000
	73.4140000000
	633.3200000000
	-534.9600000000
	70.8750000000
	639.0200000000
	-540.1500000000
	68.3320000000
	644.7300000000
	-545.3400000000
	65.7860000000
	650.4400000000
	-550.5400000000
	63.2400000000
	656.1900000000
	-555.7700000000
	60.6930000000
	661.9800000000
	-561.0100000000
	58.1440000000
	667.8000000000
	-566.2500000000
	55.5920000000
	673.6400000000
	-571.5000000000
	53.0400000000
	679.4900000000
	-576.7600000000
	50.4860000000
	685.3600000000
	-582.0200000000
	47.9290000000
	691.2500000000
	-587.2700000000
	45.3700000000
	697.1500000000
	-592.5300000000
	42.8090000000
	703.0500000000
	-597.7900000000
	40.2450000000
	708.9600000000
	-603.0400000000
	37.6790000000
	714.8800000000
	-608.2900000000
	35.1110000000
	720.7900000000
	-613.5400000000
	32.5400000000
	726.7100000000
	-618.8000000000
	29.9670000000
	732.6600000000
	-624.1000000000
	27.3910000000
	738.6400000000
	-629.4100000000
	24.8120000000
	744.6400000000
	-634.7300000000
	22.2310000000
	750.6600000000
	-640.0700000000
	19.6480000000
	756.7100000000
	-645.4200000000
	17.0620000000
	762.7600000000
	-650.7800000000
	14.4730000000
	768.8300000000
	-656.1500000000
	11.8830000000
	774.9000000000
	-661.5200000000
	9.2908000000
	780.9800000000
