	-30.8860000000
	78.9890000000
	142.1800000000
	-36.6420000000
	76.5370000000
	142.3500000000
	-42.2140000000
	73.6560000000
	142.5300000000
	-47.5650000000
	70.3530000000
	142.7000000000
	-52.6510000000
	66.6450000000
	142.8800000000
	-57.4360000000
	62.5530000000
	143.0700000000
	-61.8840000000
	58.1040000000
	143.2700000000
	-65.9650000000
	53.3290000000
	143.4700000000
	-69.6570000000
	48.2580000000
	143.6900000000
	-72.9450000000
	42.9190000000
	143.9000000000
	-75.8160000000
	37.3410000000
	144.1200000000
	-78.2590000000
	31.5580000000
	144.3300000000
	-80.2670000000
	25.5940000000
	144.5400000000
	-81.8340000000
	19.4840000000
	144.7500000000
	-82.9550000000
	13.2620000000
	144.9400000000
	-83.6290000000
	6.9508000000
	145.1200000000
	-83.8530000000
	0.5823100000
	145.2900000000
	-83.6290000000
	-5.8073000000
	145.4400000000
	-82.9530000000
	-12.2000000000
	145.5900000000
	-81.8280000000
	-18.5600000000
	145.7200000000
	-80.2530000000
	-24.8510000000
	145.8500000000
	-78.2320000000
	-31.0370000000
	145.9900000000
	-75.7720000000
	-37.0700000000
	146.1300000000
	-72.8780000000
	-42.9180000000
	146.2800000000
	-69.5600000000
	-48.5380000000
	146.4600000000
	-65.8360000000
	-53.8790000000
	146.6700000000
	-61.7230000000
	-58.9020000000
	146.9100000000
	-57.2510000000
	-63.5590000000
	147.2000000000
	-52.4480000000
	-67.8140000000
	147.5300000000
	-47.3520000000
	-71.6340000000
	147.9100000000
	-42.0000000000
	-74.9950000000
	148.3200000000
	-36.4380000000
	-77.8780000000
	148.7800000000
	-30.6960000000
	-80.2810000000
	149.2600000000
	-24.8170000000
	-82.1980000000
	149.7700000000
	-18.8340000000
	-83.6340000000
	150.2800000000
	-12.7790000000
	-84.5970000000
	150.8100000000
	-6.6794000000
	-85.0930000000
	151.3300000000
	-0.5596600000
	-85.1310000000
	151.8400000000
	5.5476000000
	-84.7190000000
	152.3600000000
	11.6200000000
	-83.8640000000
	152.8700000000
	18.0050000000
	-82.4780000000
	153.4000000000
	24.2850000000
	-80.6080000000
	153.9300000000
	30.4220000000
	-78.2640000000
	154.4600000000
	36.3800000000
	-75.4580000000
	155.0000000000
	42.1200000000
	-72.2030000000
	155.5300000000
	47.6040000000
	-68.5140000000
	156.0700000000
	52.7920000000
	-64.4120000000
	156.6200000000
	57.6460000000
	-59.9220000000
	157.1800000000
	62.1310000000
	-55.0690000000
	157.7500000000
	66.2180000000
	-49.8870000000
	158.3400000000
	69.8790000000
	-44.4070000000
	158.9300000000
	73.0930000000
	-38.6680000000
	159.5400000000
	75.8410000000
	-32.7060000000
	160.1500000000
	78.1120000000
	-26.5590000000
	160.7700000000
	79.8950000000
	-20.2640000000
	161.3900000000
	81.1870000000
	-13.8580000000
	162.0100000000
	81.9840000000
	-7.3771000000
	162.6100000000
	82.2880000000
	-0.8542000000
	163.2000000000
	82.1010000000
	5.6764000000
	163.7700000000
	81.4290000000
	12.1810000000
	164.3300000000
	80.2800000000
	18.6260000000
	164.8600000000
	78.6630000000
	24.9790000000
	165.3800000000
	76.5880000000
	31.2050000000
	165.8700000000
	74.0650000000
	37.2710000000
	166.3500000000
	71.1080000000
	43.1390000000
	166.8300000000
	67.7320000000
	48.7700000000
	167.3000000000
	63.9570000000
	54.1220000000
	167.7700000000
	59.8020000000
	59.1550000000
	168.2500000000
	55.2970000000
	63.8250000000
	168.7500000000
	50.4740000000
	68.0930000000
	169.2600000000
	45.3660000000
	71.9270000000
	169.8000000000
	40.0130000000
	75.3000000000
	170.3600000000
	34.4550000000
	78.1960000000
	170.9400000000
	28.7350000000
	80.6070000000
	171.5500000000
	22.8880000000
	82.5360000000
	172.1600000000
	16.9430000000
	83.9920000000
	172.7900000000
	10.9310000000
	84.9850000000
	173.4100000000
	4.8743000000
	85.5270000000
	174.0400000000
	-1.2035000000
	85.6270000000
	174.6700000000
	-7.2797000000
	85.2940000000
	175.2900000000
	-13.3280000000
	84.5320000000
	175.9100000000
	-19.3260000000
	83.3460000000
	176.5200000000
	-25.2420000000
	81.7390000000
	177.1300000000
	-31.0440000000
	79.7180000000
	177.7400000000
	-36.7020000000
	77.2880000000
	178.3500000000
	-42.1810000000
	74.4580000000
	178.9700000000
	-47.4450000000
	71.2390000000
	179.5800000000
	-52.4590000000
	67.6470000000
	180.2100000000
	-57.1880000000
	63.7020000000
	180.8400000000
	-61.6020000000
	59.4220000000
	181.4800000000
	-65.6690000000
	54.8360000000
	182.1300000000
	-69.3680000000
	49.9680000000
	182.8000000000
	-72.6760000000
	44.8490000000
	183.4700000000
	-75.5760000000
	39.5090000000
	184.1400000000
	-78.0570000000
	33.9760000000
	184.8300000000
	-80.1110000000
	28.2790000000
	185.5200000000
	-81.7330000000
	22.4500000000
	186.2100000000
	-82.9260000000
	16.5150000000
	186.9000000000
	-83.6910000000
	10.5010000000
	187.5900000000
	-84.0330000000
	4.4337000000
	188.2800000000
	-83.9530000000
	-1.6655000000
	188.9600000000
	-83.4570000000
	-7.7682000000
	189.6400000000
	-82.5490000000
	-13.8530000000
	190.3100000000
	-81.2370000000
	-19.8920000000
	190.9700000000
	-79.5250000000
	-25.8620000000
	191.6300000000
	-77.4220000000
	-31.7340000000
	192.2800000000
	-74.9340000000
	-37.4830000000
	192.9400000000
	-72.0740000000
	-43.0750000000
	193.5900000000
	-68.8520000000
	-48.4820000000
	194.2400000000
	-65.2810000000
	-53.6680000000
	194.8900000000
	-61.3770000000
	-58.6010000000
	195.5500000000
	-57.1610000000
	-63.2470000000
	196.2200000000
	-52.6600000000
	-67.5680000000
	196.9000000000
	-47.8980000000
	-71.5350000000
	197.6000000000
	-42.9100000000
	-75.1140000000
	198.3100000000
	-37.7240000000
	-78.2830000000
	199.0300000000
	-32.3780000000
	-81.0120000000
	199.7800000000
	-26.9070000000
	-83.2870000000
	200.5600000000
	-21.3450000000
	-85.1000000000
	201.3600000000
	-15.7250000000
	-86.4540000000
	202.1900000000
	-10.0730000000
	-87.3610000000
	203.0300000000
	-4.4155000000
	-87.8370000000
	203.9000000000
	1.2333000000
	-87.8990000000
	204.7800000000
	6.8562000000
	-87.5620000000
	205.6700000000
	12.4390000000
	-86.8400000000
	206.5700000000
	17.9680000000
	-85.7430000000
	207.4800000000
	23.4250000000
	-84.2820000000
	208.4000000000
	28.7920000000
	-82.4620000000
	209.3200000000
	34.0460000000
	-80.2880000000
	210.2700000000
	39.1680000000
	-77.7750000000
	211.2200000000
	48.9290000000
	-71.7880000000
	213.1300000000
	57.8940000000
	-64.6200000000
	215.0400000000
	65.8860000000
	-56.3730000000
	216.9500000000
	72.7290000000
	-47.1630000000
	218.8900000000
	78.2600000000
	-37.1360000000
	220.8500000000
	82.3460000000
	-26.4760000000
	222.8700000000
	84.9210000000
	-15.3780000000
	224.9200000000
	85.9690000000
	-4.0392000000
	227.0100000000
	85.5150000000
	7.3631000000
	229.1400000000
	83.6220000000
	18.6740000000
	231.2800000000
	80.3650000000
	29.7300000000
	233.4200000000
	75.8210000000
	40.3680000000
	235.5500000000
	70.0760000000
	50.4210000000
	237.6500000000
	63.2250000000
	59.7180000000
	239.7500000000
	55.3710000000
	68.0880000000
	241.8300000000
	46.6490000000
	75.3420000000
	243.9300000000
	37.2310000000
	81.3020000000
	246.0600000000
	27.3200000000
	85.8420000000
	248.2300000000
	17.1070000000
	88.9270000000
	250.4400000000
	6.7703000000
	90.6040000000
	252.6800000000
	-3.5668000000
	90.9660000000
	254.9600000000
	-13.8140000000
	90.1030000000
	257.2600000000
	-23.8830000000
	88.0880000000
	259.5800000000
	-33.6720000000
	84.9830000000
	261.9100000000
	-43.0920000000
	80.8330000000
	264.2600000000
	-52.0170000000
	75.6950000000
	266.6100000000
	-60.3380000000
	69.6140000000
	268.9900000000
	-67.9220000000
	62.6630000000
	271.4000000000
	-74.6530000000
	54.9120000000
	273.8500000000
	-80.4160000000
	46.4650000000
	276.3400000000
	-85.1260000000
	37.4350000000
	278.8800000000
	-88.7250000000
	27.9600000000
	281.4800000000
	-91.1960000000
	18.1580000000
	284.1300000000
	-92.5470000000
	8.1615000000
	286.8300000000
	-92.8040000000
	-1.9346000000
	289.5800000000
	-91.9980000000
	-12.0290000000
	292.3700000000
	-90.1580000000
	-22.0300000000
	295.2100000000
	-87.3170000000
	-31.8350000000
	298.1000000000
	-83.5350000000
	-41.3580000000
	301.0300000000
	-78.8650000000
	-50.4980000000
	303.9900000000
	-73.3520000000
	-59.1520000000
	306.9800000000
	-67.0520000000
	-67.2170000000
	310.0200000000
	-60.0380000000
	-74.5840000000
	313.1200000000
	-52.3990000000
	-81.1480000000
	316.2600000000
	-44.2390000000
	-86.8140000000
	319.4600000000
	-35.6730000000
	-91.5100000000
	322.7200000000
	-26.8340000000
	-95.1920000000
	326.0500000000
	-17.8400000000
	-97.8590000000
	329.4400000000
	-8.7883000000
	-99.5450000000
	332.8800000000
	0.2490400000
	-100.3000000000
	336.3800000000
	9.2071000000
	-100.1800000000
	339.9300000000
	18.0420000000
	-99.2290000000
	343.5300000000
	26.7020000000
	-97.4800000000
	347.1800000000
	35.1420000000
	-94.9730000000
	350.8800000000
	43.3130000000
	-91.7350000000
	354.6300000000
	51.1560000000
	-87.7970000000
	358.4400000000
	58.6160000000
	-83.1780000000
	362.3000000000
	65.6430000000
	-77.9180000000
	366.2300000000
	72.1940000000
	-72.0640000000
	370.2000000000
	78.2200000000
	-65.6480000000
	374.2200000000
	83.6620000000
	-58.7110000000
	378.3000000000
	88.4710000000
	-51.3120000000
	382.4400000000
	92.6050000000
	-43.5080000000
	386.6400000000
	96.0330000000
	-35.3680000000
	390.9000000000
	98.7310000000
	-26.9590000000
	395.2300000000
	100.6800000000
	-18.3490000000
	399.6200000000
	101.8900000000
	-9.6098000000
	404.0800000000
	102.3900000000
	-0.8033800000
	408.6000000000
	102.1700000000
	8.0054000000
	413.1600000000
	101.2700000000
	16.7750000000
	417.7800000000
	99.6990000000
	25.4480000000
	422.4500000000
	97.4800000000
	33.9770000000
	427.1800000000
	94.6390000000
	42.3110000000
	431.9600000000
	91.1980000000
	50.4020000000
	436.7900000000
	87.1850000000
	58.1970000000
	441.6800000000
	82.6300000000
	65.6370000000
	446.6200000000
	77.5730000000
	72.6710000000
	451.6200000000
	72.0620000000
	79.2480000000
	456.6700000000
	66.1440000000
	85.3170000000
	461.7700000000
	59.8720000000
	90.8370000000
	466.9100000000
	53.2960000000
	95.7770000000
	472.1100000000
	46.4760000000
	100.1200000000
	477.3700000000
	39.4610000000
	103.8700000000
	482.6700000000
	32.2970000000
	107.0400000000
	488.0300000000
	25.0210000000
	109.6400000000
	493.4500000000
	17.6650000000
	111.7100000000
	498.9200000000
