	-112.2600000000
	58.2680000000
	73.0520000000
	-115.2400000000
	52.3370000000
	73.1070000000
	-117.9200000000
	46.2360000000
	73.1650000000
	-120.2800000000
	39.9800000000
	73.2270000000
	-122.3100000000
	33.5930000000
	73.2940000000
	-124.0100000000
	27.0960000000
	73.3650000000
	-125.3600000000
	20.5140000000
	73.4410000000
	-126.3600000000
	13.8740000000
	73.5220000000
	-127.0100000000
	7.1939000000
	73.6080000000
	-127.3100000000
	0.4937700000
	73.7000000000
	-127.2600000000
	-6.2129000000
	73.7970000000
	-126.8600000000
	-12.9030000000
	73.8990000000
	-126.1200000000
	-19.5650000000
	74.0070000000
	-125.0300000000
	-26.1770000000
	74.1200000000
	-123.6000000000
	-32.7160000000
	74.2370000000
	-121.8400000000
	-39.1720000000
	74.3580000000
	-119.7500000000
	-45.5270000000
	74.4830000000
	-117.3400000000
	-51.7550000000
	74.6110000000
	-114.6100000000
	-57.8510000000
	74.7420000000
	-111.5700000000
	-63.7980000000
	74.8750000000
	-108.2300000000
	-69.5780000000
	75.0110000000
	-104.6100000000
	-75.1750000000
	75.1480000000
	-100.7000000000
	-80.5680000000
	75.2870000000
	-96.5260000000
	-85.7510000000
	75.4290000000
	-92.0930000000
	-90.7100000000
	75.5730000000
	-87.4170000000
	-95.4290000000
	75.7200000000
	-82.5080000000
	-99.9010000000
	75.8700000000
	-77.3820000000
	-104.1100000000
	76.0240000000
	-72.0510000000
	-108.0500000000
	76.1810000000
	-66.5340000000
	-111.7100000000
	76.3430000000
	-60.8410000000
	-115.0800000000
	76.5090000000
	-54.9960000000
	-118.1500000000
	76.6810000000
	-49.0080000000
	-120.9200000000
	76.8580000000
	-42.8960000000
	-123.3800000000
	77.0400000000
	-36.6770000000
	-125.5200000000
	77.2270000000
	-30.3670000000
	-127.3500000000
	77.4200000000
	-23.9820000000
	-128.8600000000
	77.6190000000
	-17.5370000000
	-130.0500000000
	77.8220000000
	-11.0530000000
	-130.9200000000
	78.0300000000
	-4.5446000000
	-131.4600000000
	78.2420000000
	2.3816000000
	-131.6800000000
	78.4720000000
	9.2990000000
	-131.5300000000
	78.7040000000
	16.1880000000
	-131.0300000000
	78.9400000000
	23.0300000000
	-130.1800000000
	79.1780000000
	29.8100000000
	-128.9700000000
	79.4180000000
	36.5110000000
	-127.4200000000
	79.6590000000
	43.1180000000
	-125.5300000000
	79.9000000000
	49.6110000000
	-123.3000000000
	80.1420000000
	55.9750000000
	-120.7600000000
	80.3830000000
	62.1970000000
	-117.8900000000
	80.6230000000
	68.2610000000
	-114.7200000000
	80.8610000000
	74.1500000000
	-111.2400000000
	81.0970000000
	79.8500000000
	-107.4800000000
	81.3310000000
	85.3470000000
	-103.4300000000
	81.5620000000
	90.6280000000
	-99.1160000000
	81.7900000000
	95.6790000000
	-94.5440000000
	82.0160000000
	100.4900000000
	-89.7270000000
	82.2400000000
	105.0500000000
	-84.6790000000
	82.4620000000
	109.3400000000
	-79.4140000000
	82.6830000000
	113.3600000000
	-73.9470000000
	82.9040000000
	117.1000000000
	-68.2960000000
	83.1260000000
	120.5500000000
	-62.4730000000
	83.3490000000
	123.7100000000
	-56.4950000000
	83.5750000000
	126.5600000000
	-50.3770000000
	83.8030000000
	129.1000000000
	-44.1350000000
	84.0340000000
	131.3300000000
	-37.7850000000
	84.2690000000
	133.2500000000
	-31.3460000000
	84.5070000000
	134.8400000000
	-24.8300000000
	84.7510000000
	136.1100000000
	-18.2590000000
	84.9980000000
	137.0600000000
	-11.6480000000
	85.2510000000
	137.6800000000
	-5.0110000000
	85.5070000000
	137.9800000000
	1.6349000000
	85.7670000000
	137.9600000000
	8.2747000000
	86.0310000000
	137.6300000000
	14.8900000000
	86.2990000000
	136.9800000000
	21.4650000000
	86.5690000000
	136.0200000000
	27.9920000000
	86.8430000000
	134.7500000000
	34.4530000000
	87.1190000000
	133.1900000000
	40.8370000000
	87.3980000000
	131.3300000000
	47.1310000000
	87.6800000000
	129.1900000000
	53.3220000000
	87.9630000000
	126.7600000000
	59.3950000000
	88.2470000000
	124.0600000000
	65.3440000000
	88.5320000000
	121.0900000000
	71.1530000000
	88.8160000000
	117.8600000000
	76.8090000000
	89.1000000000
	114.3800000000
	82.3040000000
	89.3830000000
	110.6500000000
	87.6270000000
	89.6650000000
	106.6800000000
	92.7670000000
	89.9470000000
	102.4900000000
	97.7150000000
	90.2270000000
	98.0860000000
	102.4600000000
	90.5070000000
	93.4720000000
	106.9900000000
	90.7860000000
	88.6630000000
	111.3100000000
	91.0640000000
	83.6680000000
	115.4000000000
	91.3430000000
	78.4990000000
	119.2500000000
	91.6210000000
	73.1680000000
	122.8600000000
	91.9000000000
	67.6870000000
	126.2300000000
	92.1780000000
	62.0660000000
	129.3400000000
	92.4570000000
	56.3200000000
	132.1900000000
	92.7370000000
	50.4610000000
	134.7700000000
	93.0190000000
	44.5010000000
	137.0900000000
	93.3020000000
	38.4520000000
	139.1300000000
	93.5880000000
	32.3280000000
	140.9100000000
	93.8760000000
	26.1440000000
	142.4000000000
	94.1670000000
	19.9100000000
	143.6200000000
	94.4610000000
	13.6420000000
	144.5700000000
	94.7580000000
	7.3490000000
	145.2400000000
	95.0590000000
	1.0457000000
	145.6300000000
	95.3620000000
	-5.2600000000
	145.7500000000
	95.6680000000
	-11.5520000000
	145.5900000000
	95.9760000000
	-17.8210000000
	145.1700000000
	96.2870000000
	-24.0550000000
	144.4800000000
	96.6000000000
	-30.2450000000
	143.5200000000
	96.9140000000
	-36.3810000000
	142.3100000000
	97.2300000000
	-42.4470000000
	140.8300000000
	97.5460000000
	-48.4390000000
	139.1100000000
	97.8630000000
	-54.3420000000
	137.1400000000
	98.1800000000
	-60.1540000000
	134.9200000000
	98.4960000000
	-65.8590000000
	132.4700000000
	98.8130000000
	-71.4520000000
	129.7800000000
	99.1280000000
	-76.9230000000
	126.8700000000
	99.4420000000
	-82.2630000000
	123.7400000000
	99.7550000000
	-87.4650000000
	120.3900000000
	100.0700000000
	-92.5170000000
	116.8300000000
	100.3800000000
	-97.4140000000
	113.0800000000
	100.6800000000
	-102.1500000000
	109.1200000000
	100.9900000000
	-106.7100000000
	104.9900000000
	101.2900000000
	-111.1000000000
	100.6700000000
	101.6000000000
	-115.3000000000
	96.1810000000
	101.9000000000
	-119.3200000000
	91.5290000000
	102.2000000000
	-123.1400000000
	86.7240000000
	102.5000000000
	-126.7600000000
	81.7720000000
	102.8000000000
	-133.3800000000
	71.4670000000
	103.3900000000
	-139.1300000000
	60.6960000000
	103.9900000000
	-144.0000000000
	49.5310000000
	104.6000000000
	-147.9600000000
	38.0500000000
	105.2200000000
	-151.0000000000
	26.3310000000
	105.8500000000
	-153.1000000000
	14.4550000000
	106.5000000000
	-154.2700000000
	2.4927000000
	107.1700000000
	-154.5200000000
	-9.4762000000
	107.8700000000
	-153.8500000000
	-21.3770000000
	108.5800000000
	-152.2900000000
	-33.1520000000
	109.3300000000
	-149.8600000000
	-44.7340000000
	110.0900000000
	-146.5800000000
	-56.0600000000
	110.8700000000
	-142.4800000000
	-67.0720000000
	111.6700000000
	-137.6100000000
	-77.7130000000
	112.4900000000
	-131.9800000000
	-87.9380000000
	113.3200000000
	-125.6500000000
	-97.6960000000
	114.1700000000
	-118.6500000000
	-106.9400000000
	115.0400000000
	-111.0400000000
	-115.6200000000
	115.9100000000
	-102.8600000000
	-123.7300000000
	116.8000000000
	-94.1440000000
	-131.2100000000
	117.7100000000
	-84.9630000000
	-138.0400000000
	118.6200000000
	-75.3590000000
	-144.1900000000
	119.5400000000
	-65.3840000000
	-149.6400000000
	120.4800000000
	-55.0980000000
	-154.3700000000
	121.4200000000
	-44.5440000000
	-158.3700000000
	122.3800000000
	-33.7920000000
	-161.6300000000
	123.3600000000
	-22.8850000000
	-164.1500000000
	124.3500000000
	-11.8910000000
	-165.9200000000
	125.3500000000
	-0.8467800000
	-166.9500000000
	126.3800000000
	10.1900000000
	-167.2600000000
	127.4200000000
	21.1800000000
	-166.8500000000
	128.4700000000
	32.0700000000
	-165.7400000000
	129.5400000000
	42.8290000000
	-163.9500000000
	130.6200000000
	53.4030000000
	-161.5000000000
	131.7200000000
	63.7660000000
	-158.4000000000
	132.8300000000
	73.8740000000
	-154.6900000000
	133.9500000000
	83.7030000000
	-150.3800000000
	135.0800000000
	93.2170000000
	-145.5000000000
	136.2200000000
	102.3900000000
	-140.0800000000
	137.3600000000
	111.2000000000
	-134.1400000000
	138.5200000000
	119.6100000000
	-127.7200000000
	139.6800000000
	127.6100000000
	-120.8400000000
	140.8500000000
	135.1600000000
	-113.5400000000
	142.0300000000
	142.2600000000
	-105.8400000000
	143.2100000000
	148.8900000000
	-97.7810000000
	144.4100000000
	155.0300000000
	-89.3850000000
	145.6100000000
	160.6700000000
	-80.6940000000
	146.8200000000
	165.7900000000
	-71.7420000000
	148.0400000000
	170.3900000000
	-62.5570000000
	149.2700000000
	174.4800000000
	-53.1710000000
	150.5200000000
	178.0300000000
	-43.6230000000
	151.7800000000
	181.0700000000
	-33.9380000000
	153.0500000000
	183.5900000000
	-24.1530000000
	154.3500000000
	185.5900000000
	-14.2950000000
	155.6600000000
	187.0700000000
	-4.3912000000
	156.9900000000
	188.0600000000
	5.5225000000
	158.3500000000
	188.5300000000
	15.4230000000
	159.7200000000
	188.5200000000
	25.2800000000
	161.1200000000
	188.0200000000
	35.0670000000
	162.5400000000
	187.0400000000
	44.7640000000
	163.9800000000
	185.6000000000
	54.3450000000
	165.4500000000
	183.7100000000
	63.7850000000
	166.9400000000
	181.3900000000
	73.0680000000
	168.4500000000
	178.6400000000
	82.1740000000
	169.9900000000
	175.4900000000
	91.0880000000
	171.5500000000
	171.9600000000
	99.7970000000
	173.1400000000
	168.0500000000
	108.2900000000
	174.7500000000
	163.7900000000
	116.5500000000
	176.3800000000
	159.1900000000
	124.5600000000
	178.0400000000
	154.2800000000
	132.3300000000
	179.7200000000
	149.0600000000
	139.8400000000
	181.4300000000
	143.5500000000
	147.0800000000
	183.1700000000
	137.7800000000
	154.0400000000
	184.9300000000
	131.7500000000
	160.7300000000
	186.7300000000
	125.4900000000
	167.1400000000
	188.5500000000
	119.0100000000
	173.2600000000
	190.4000000000
	112.3300000000
	179.1000000000
	192.2800000000
	105.4600000000
	184.6500000000
	194.2000000000
	98.4260000000
	189.9100000000
	196.1600000000
	91.2370000000
	194.8800000000
	198.1400000000
	83.9030000000
	199.5700000000
	200.1500000000
	76.4420000000
	203.9700000000
	202.1900000000
	68.8670000000
	208.0900000000
	204.2400000000
	61.1920000000
	211.9100000000
	206.3300000000
	53.4310000000
	215.4600000000
	208.4400000000
	45.5970000000
	218.7200000000
	210.5800000000
	37.7030000000
	221.7000000000
	212.7500000000
	29.7620000000
	224.4000000000
	214.9600000000
	21.7840000000
	226.8300000000
	217.2000000000
	13.7820000000
	228.9900000000
	219.4800000000
	5.7649000000
	230.8900000000
	221.8000000000
	-2.2534000000
	232.5200000000
	224.1600000000
	-10.2610000000
	233.9000000000
	226.5600000000
	-18.2510000000
	235.0300000000
	229.0100000000
	-26.2150000000
	235.9200000000
	231.4900000000
	-34.1420000000
	236.5600000000
	234.0000000000
	-42.0310000000
	236.9600000000
	236.5200000000
	-49.8720000000
	237.1400000000
	239.0700000000
	-57.6600000000
	237.0900000000
	241.6500000000
	-65.3910000000
	236.8300000000
	244.2500000000
	-73.0630000000
	236.3700000000
	246.8900000000
	-80.6700000000
	235.7100000000
	249.5500000000
	-88.2120000000
	234.8500000000
	252.2400000000
	-95.6830000000
	233.8200000000
	254.9700000000
	-103.0900000000
	232.6100000000
	257.7400000000
	-110.4200000000
	231.2400000000
	260.5600000000
	-117.6800000000
	229.7100000000
	263.4200000000
	-124.8700000000
	228.0300000000
	266.3400000000
	-131.9800000000
	226.2000000000
	269.2700000000
	-139.0000000000
	224.2200000000
	272.2200000000
	-145.9400000000
	222.1000000000
	275.1800000000
	-152.8000000000
	219.8400000000
	278.1500000000
	-159.5700000000
	217.4500000000
	281.1400000000
	-166.2600000000
	214.9400000000
	284.1600000000
	-172.8700000000
	212.3200000000
	287.1900000000
	-179.4000000000
	209.5800000000
	290.2500000000
	-185.8500000000
	206.7500000000
	293.3500000000
	-192.2200000000
	203.8100000000
	296.4900000000
	-198.5100000000
	200.7900000000
	299.6700000000
	-204.7200000000
	197.6900000000
	302.8800000000
	-210.8500000000
	194.4800000000
	306.1000000000
	-216.8900000000
	191.1900000000
	309.3100000000
	-222.8300000000
	187.8200000000
	312.5200000000
	-228.6900000000
	184.3700000000
	315.7300000000
	-234.4600000000
	180.8400000000
	318.9300000000
	-240.1300000000
	177.2300000000
	322.1200000000
	-245.7200000000
	173.5600000000
	325.3200000000
	-251.2300000000
	169.8300000000
	328.5200000000
	-256.6500000000
	166.0300000000
	331.7200000000
	-261.9800000000
	162.1800000000
	334.9300000000
	-267.2400000000
	158.2800000000
	338.1500000000
	-272.4200000000
	154.3300000000
	341.3800000000
	-277.5200000000
	150.3400000000
	344.6300000000
	-282.5600000000
	146.3000000000
	347.9200000000
	-287.5300000000
	142.2300000000
	351.2500000000
	-292.4500000000
	138.1300000000
	354.6200000000
	-297.3000000000
	134.0100000000
	358.0400000000
	-302.1100000000
	129.8600000000
	361.5000000000
	-306.8600000000
	125.6900000000
	365.0100000000
	-311.5600000000
	121.4900000000
	368.5600000000
	-316.2200000000
	117.2800000000
	372.1600000000
	-320.8300000000
	113.0600000000
	375.8100000000
	-325.3900000000
	108.8300000000
	379.5000000000
	-329.9100000000
	104.5800000000
	383.2400000000
	-334.3900000000
	100.3300000000
	387.0200000000
	-338.8300000000
	96.0640000000
	390.8300000000
	-343.2100000000
	91.7920000000
	394.6400000000
	-347.5200000000
	87.5090000000
	398.4400000000
	-351.7800000000
	83.2150000000
	402.2300000000
	-355.9700000000
	78.9130000000
	406.0000000000
	-360.1100000000
	74.6020000000
	409.7700000000
	-364.2000000000
	70.2850000000
	413.5400000000
	-368.2500000000
	65.9610000000
	417.3200000000
	-372.2500000000
	61.6330000000
	421.1000000000
	-376.2100000000
	57.3030000000
	424.9000000000
	-380.1500000000
	52.9690000000
	428.7300000000
	-384.0700000000
	48.6360000000
	432.6000000000
	-387.9800000000
	44.3060000000
	436.5300000000
	-391.9200000000
	39.9820000000
	440.5800000000
	-395.9500000000
	35.6730000000
	444.8400000000
	-400.0600000000
	31.3750000000
	449.3000000000
	-404.1800000000
	27.0810000000
	453.8600000000
	-408.3100000000
	22.7890000000
	458.4700000000
	-412.4100000000
	18.4980000000
	463.1000000000
	-416.4800000000
	14.2060000000
	467.7400000000
	-420.5200000000
	9.9134000000
	472.3900000000
	-424.5200000000
	5.6204000000
	477.0300000000
	-428.4900000000
	1.3277000000
	481.6600000000
	-432.4300000000
	-2.9653000000
	486.3100000000
	-436.3800000000
	-7.2558000000
	491.0100000000
	-440.3800000000
	-11.5450000000
	495.8400000000
