    5.1382E+01   -8.8157E+01    1.3151E+02    1.6313E+08    1.1788E+00    3.2388E-01    1.1685E+29    4.1112E+29    1.3990E+30    3.8442E+30    5.3156E+30    3.1434E+30    7.7404E+29    7.2593E+28    6.7486E+28    2.1476E+29    6.7631E+29    1.9485E+30    4.4229E+30    5.7016E+30    2.8279E+30    5.5951E+29    5.8973E+28    1.6032E+29    3.7120E+29    7.0971E+29    1.0081E+30    1.0413E+30    7.6096E+29    4.5817E+29
    5.6607E+01   -8.4983E+01    1.3204E+02    1.6035E+08    1.1747E+00    3.2395E-01    1.1571E+29    4.0804E+29    1.3903E+30    3.8237E+30    5.2827E+30    3.1303E+30    7.6955E+29    7.1900E+28    6.6731E+28    2.1283E+29    6.7175E+29    1.9363E+30    4.4037E+30    5.6656E+30    2.8158E+30    5.5621E+29    5.8305E+28    1.5877E+29    3.6861E+29    7.0530E+29    1.0021E+30    1.0354E+30    7.5672E+29    4.5602E+29
    6.1642E+01   -8.1493E+01    1.3258E+02    1.5758E+08    1.1705E+00    3.2401E-01    1.1500E+29    4.0546E+29    1.3820E+30    3.8045E+30    5.2543E+30    3.1150E+30    7.6562E+29    7.1491E+28    6.6341E+28    2.1153E+29    6.6767E+29    1.9258E+30    4.3797E+30    5.6337E+30    2.8021E+30    5.5370E+29    5.7952E+28    1.5778E+29    3.6629E+29    7.0222E+29    9.9772E+29    1.0307E+30    7.5349E+29    4.5391E+29
    6.6468E+01   -7.7698E+01    1.3313E+02    1.5480E+08    1.1663E+00    3.2407E-01    1.1479E+29    4.0384E+29    1.3743E+30    3.7835E+30    5.2314E+30    3.0956E+30    7.6163E+29    7.1369E+28    6.6324E+28    2.1107E+29    6.6451E+29    1.9163E+30    4.3567E+30    5.6117E+30    2.7890E+30    5.5094E+29    5.7979E+28    1.5760E+29    3.6482E+29    6.9949E+29    9.9470E+29    1.0268E+30    7.5065E+29    4.5210E+29
    7.1063E+01   -7.3614E+01    1.3369E+02    1.5203E+08    1.1619E+00    3.2413E-01    1.1407E+29    4.0152E+29    1.3661E+30    3.7637E+30    5.2031E+30    3.0800E+30    7.5753E+29    7.0945E+28    6.5884E+28    2.0980E+29    6.6046E+29    1.9051E+30    4.3333E+30    5.5816E+30    2.7747E+30    5.4823E+29    5.7594E+28    1.5669E+29    3.6266E+29    6.9583E+29    9.9025E+29    1.0221E+30    7.4722E+29    4.4983E+29
    7.5406E+01   -6.9259E+01    1.3426E+02    1.4927E+08    1.1575E+00    3.2420E-01    1.1287E+29    3.9805E+29    1.3567E+30    3.7412E+30    5.1696E+30    3.0624E+30    7.5274E+29    7.0347E+28    6.5102E+28    2.0767E+29    6.5558E+29    1.8925E+30    4.3053E+30    5.5471E+30    2.7566E+30    5.4466E+29    5.6860E+28    1.5488E+29    3.5973E+29    6.9113E+29    9.8295E+29    1.0164E+30    7.4215E+29    4.4712E+29
    7.9480E+01   -6.4652E+01    1.3483E+02    1.4657E+08    1.1530E+00    3.2425E-01    1.1250E+29    3.9643E+29    1.3494E+30    3.7200E+30    5.1433E+30    3.0464E+30    7.4910E+29    7.0110E+28    6.4952E+28    2.0702E+29    6.5245E+29    1.8820E+30    4.2825E+30    5.5202E+30    2.7441E+30    5.4217E+29    5.6773E+28    1.5456E+29    3.5840E+29    6.8795E+29    9.7941E+29    1.0121E+30    7.3909E+29    4.4535E+29
    8.3264E+01   -5.9816E+01    1.3541E+02    1.4388E+08    1.1485E+00    3.2431E-01    1.1213E+29    3.9438E+29    1.3413E+30    3.7005E+30    5.1175E+30    3.0288E+30    7.4504E+29    6.9760E+28    6.4821E+28    2.0623E+29    6.4897E+29    1.8719E+30    4.2642E+30    5.4889E+30    2.7310E+30    5.3903E+29    5.6648E+28    1.5402E+29    3.5660E+29    6.8480E+29    9.7620E+29    1.0068E+30    7.3618E+29    4.4296E+29
    8.6750E+01   -5.4770E+01    1.3598E+02    1.4131E+08    1.1441E+00    3.2436E-01    1.1105E+29    3.9140E+29    1.3330E+30    3.6772E+30    5.0863E+30    3.0120E+30    7.4058E+29    6.9309E+28    6.4102E+28    2.0437E+29    6.4459E+29    1.8596E+30    4.2313E+30    5.4597E+30    2.7135E+30    5.3598E+29    5.6013E+28    1.5254E+29    3.5420E+29    6.8031E+29    9.6843E+29    1.0014E+30    7.3119E+29    4.4075E+29
    8.9927E+01   -4.9532E+01    1.3655E+02    1.3881E+08    1.1397E+00    3.2440E-01    1.1033E+29    3.8886E+29    1.3246E+30    3.6554E+30    5.0567E+30    2.9951E+30    7.3612E+29    6.8839E+28    6.3698E+28    2.0308E+29    6.4047E+29    1.8484E+30    4.2057E+30    5.4316E+30    2.6985E+30    5.3306E+29    5.5654E+28    1.5156E+29    3.5186E+29    6.7644E+29    9.6276E+29    9.9652E+29    7.2728E+29    4.3883E+29
    9.2789E+01   -4.4118E+01    1.3712E+02    1.3637E+08    1.1352E+00    3.2444E-01    1.1016E+29    3.8737E+29    1.3172E+30    3.6366E+30    5.0325E+30    2.9787E+30    7.3272E+29    6.8656E+28    6.3720E+28    2.0272E+29    6.3754E+29    1.8385E+30    4.1890E+30    5.3993E+30    2.6857E+30    5.3063E+29    5.5709E+28    1.5147E+29    3.5054E+29    6.7345E+29    9.5998E+29    9.9180E+29    7.2523E+29    4.3630E+29
    9.5326E+01   -3.8551E+01    1.3769E+02    1.3401E+08    1.1308E+00    3.2447E-01    1.0945E+29    3.8510E+29    1.3094E+30    3.6152E+30    5.0024E+30    2.9614E+30    7.2842E+29    6.8244E+28    6.3295E+28    2.0150E+29    6.3378E+29    1.8277E+30    4.1635E+30    5.3684E+30    2.6699E+30    5.2758E+29    5.5334E+28    1.5059E+29    3.4858E+29    6.6980E+29    9.5432E+29    9.8592E+29    7.2104E+29    4.3394E+29
    9.7536E+01   -3.2845E+01    1.3825E+02    1.3177E+08    1.1266E+00    3.2449E-01    1.0836E+29    3.8189E+29    1.3006E+30    3.5917E+30    4.9692E+30    2.9435E+30    7.2323E+29    6.7601E+28    6.2583E+28    1.9954E+29    6.2915E+29    1.8157E+30    4.1322E+30    5.3411E+30    2.6533E+30    5.2402E+29    5.4670E+28    1.4893E+29    3.4581E+29    6.6515E+29    9.4699E+29    9.8000E+29    7.1523E+29    4.3208E+29
    9.9413E+01   -2.7024E+01    1.3880E+02    1.2965E+08    1.1225E+00    3.2450E-01    1.0794E+29    3.8023E+29    1.2937E+30    3.5732E+30    4.9431E+30    2.9280E+30    7.2006E+29    6.7423E+28    6.2387E+28    1.9881E+29    6.2613E+29    1.8058E+30    4.1129E+30    5.3083E+30    2.6406E+30    5.2138E+29    5.4531E+28    1.4851E+29    3.4455E+29    6.6201E+29    9.4333E+29    9.7511E+29    7.1235E+29    4.2935E+29
    1.0095E+02   -2.1112E+01    1.3934E+02    1.2765E+08    1.1185E+00    3.2450E-01    1.0771E+29    3.7854E+29    1.2863E+30    3.5539E+30    4.9193E+30    2.9093E+30    7.1625E+29    6.7227E+28    6.2323E+28    1.9821E+29    6.2300E+29    1.7965E+30    4.0912E+30    5.2779E+30    2.6263E+30    5.1865E+29    5.4475E+28    1.4814E+29    3.4296E+29    6.5923E+29    9.3904E+29    9.7072E+29    7.1047E+29    4.2666E+29
    1.0216E+02   -1.5121E+01    1.3987E+02    1.2581E+08    1.1147E+00    3.2447E-01    1.0665E+29    3.7565E+29    1.2782E+30    3.5314E+30    4.8855E+30    2.8943E+30    7.1180E+29    6.6652E+28    6.1647E+28    1.9645E+29    6.1873E+29    1.7844E+30    4.0648E+30    5.2480E+30    2.6103E+30    5.1533E+29    5.3878E+28    1.4674E+29    3.4055E+29    6.5436E+29    9.3288E+29    9.6478E+29    7.0408E+29    4.2471E+29
    1.0302E+02   -9.0750E+00    1.4039E+02    1.2407E+08    1.1110E+00    3.2444E-01    1.0592E+29    3.7317E+29    1.2702E+30    3.5101E+30    4.8560E+30    2.8768E+30    7.0723E+29    6.6133E+28    6.1225E+28    1.9514E+29    6.1474E+29    1.7736E+30    4.0390E+30    5.2206E+30    2.5947E+30    5.1230E+29    5.3487E+28    1.4570E+29    3.3820E+29    6.5031E+29    9.2722E+29    9.5908E+29    6.9958E+29    4.2261E+29
    1.0354E+02   -3.0002E+00    1.4091E+02    1.2241E+08    1.1074E+00    3.2439E-01    1.0576E+29    3.7183E+29    1.2636E+30    3.4921E+30    4.8328E+30    2.8601E+30    7.0364E+29    6.6027E+28    6.1210E+28    1.9476E+29    6.1204E+29    1.7647E+30    4.0190E+30    5.1891E+30    2.5805E+30    5.0951E+29    5.3523E+28    1.4562E+29    3.3707E+29    6.4789E+29    9.2302E+29    9.5449E+29    6.9814E+29    4.2005E+29
    1.0372E+02    3.0941E+00    1.4142E+02    1.2088E+08    1.1039E+00    3.2432E-01    1.0515E+29    3.6973E+29    1.2562E+30    3.4715E+30    4.8033E+30    2.8423E+30    6.9916E+29    6.5581E+28    6.0861E+28    1.9370E+29    6.0857E+29    1.7542E+30    3.9947E+30    5.1577E+30    2.5649E+30    5.0631E+29    5.3220E+28    1.4486E+29    3.3527E+29    6.4414E+29    9.1772E+29    9.4913E+29    6.9409E+29    4.1759E+29
    1.0357E+02    9.1870E+00    1.4192E+02    1.1949E+08    1.1007E+00    3.2423E-01    1.0403E+29    3.6647E+29    1.2473E+30    3.4480E+30    4.7670E+30    2.8237E+30    6.9426E+29    6.4947E+28    6.0135E+28    1.9165E+29    6.0377E+29    1.7416E+30    3.9682E+30    5.1259E+30    2.5478E+30    5.0295E+29    5.2534E+28    1.4310E+29    3.3217E+29    6.3886E+29    9.1139E+29    9.4239E+29    6.8717E+29    4.1514E+29
    1.0307E+02    1.5256E+01    1.4242E+02    1.1813E+08    1.0977E+00    3.2414E-01    1.0353E+29    3.6462E+29    1.2403E+30    3.4279E+30    4.7406E+30    2.8071E+30    6.9005E+29    6.4609E+28    5.9865E+28    1.9078E+29    6.0070E+29    1.7316E+30    3.9457E+30    5.0953E+30    2.5322E+30    4.9968E+29    5.2318E+28    1.4251E+29    3.3076E+29    6.3558E+29    9.0629E+29    9.3782E+29    6.8425E+29    4.1255E+29
    1.0224E+02    2.1279E+01    1.4291E+02    1.1689E+08    1.0948E+00    3.2403E-01    1.0331E+29    3.6297E+29    1.2330E+30    3.4083E+30    4.7162E+30    2.7890E+30    6.8607E+29    6.4414E+28    5.9804E+28    1.9020E+29    5.9741E+29    1.7224E+30    3.9221E+30    5.0655E+30    2.5186E+30    4.9699E+29    5.2283E+28    1.4219E+29    3.2900E+29    6.3247E+29    9.0163E+29    9.3205E+29    6.8249E+29    4.0965E+29
    1.0108E+02    2.7226E+01    1.4341E+02    1.1567E+08    1.0921E+00    3.2391E-01    1.0232E+29    3.6026E+29    1.2250E+30    3.3857E+30    4.6816E+30    2.7708E+30    6.8120E+29    6.3794E+28    5.9173E+28    1.8854E+29    5.9331E+29    1.7103E+30    3.8962E+30    5.0320E+30    2.5002E+30    4.9334E+29    5.1721E+28    1.4087E+29    3.2670E+29    6.2778E+29    8.9517E+29    9.2658E+29    6.7652E+29    4.0766E+29
    9.9578E+01    3.3087E+01    1.4391E+02    1.1446E+08    1.0894E+00    3.2379E-01    1.0144E+29    3.5737E+29    1.2163E+30    3.3632E+30    4.6476E+30    2.7515E+30    6.7632E+29    6.3292E+28    5.8614E+28    1.8689E+29    5.8875E+29    1.6982E+30    3.8704E+30    4.9992E+30    2.4834E+30    4.9001E+29    5.1196E+28    1.3949E+29    3.2384E+29    6.2287E+29    8.8950E+29    9.1992E+29    6.7051E+29    4.0491E+29
    9.7755E+01    3.8839E+01    1.4442E+02    1.1325E+08    1.0867E+00    3.2367E-01    1.0120E+29    3.5610E+29    1.2099E+30    3.3437E+30    4.6236E+30    2.7346E+30    6.7236E+29    6.3006E+28    5.8550E+28    1.8646E+29    5.8611E+29    1.6893E+30    3.8472E+30    4.9692E+30    2.4690E+30    4.8715E+29    5.1184E+28    1.3939E+29    3.2284E+29    6.2037E+29    8.8448E+29    9.1538E+29    6.6913E+29    4.0269E+29
    9.5612E+01    4.4456E+01    1.4494E+02    1.1200E+08    1.0839E+00    3.2355E-01    1.0080E+29    3.5414E+29    1.2024E+30    3.3237E+30    4.5952E+30    2.7172E+30    6.6828E+29    6.2699E+28    5.8362E+28    1.8565E+29    5.8279E+29    1.6790E+30    3.8226E+30    4.9380E+30    2.4548E+30    4.8420E+29    5.1034E+28    1.3886E+29    3.2113E+29    6.1680E+29    8.7926E+29    9.0961E+29    6.6558E+29    4.0003E+29
    9.3157E+01    4.9922E+01    1.4547E+02    1.1072E+08    1.0810E+00    3.2343E-01    9.9633E+28    3.5090E+29    1.1936E+30    3.2998E+30    4.5599E+30    2.6980E+30    6.6303E+29    6.2069E+28    5.7599E+28    1.8360E+29    5.7808E+29    1.6662E+30    3.7978E+30    4.9045E+30    2.4355E+30    4.8043E+29    5.0333E+28    1.3711E+29    3.1818E+29    6.1162E+29    8.7284E+29    9.0311E+29    6.5899E+29    3.9762E+29
    9.0400E+01    5.5215E+01    1.4601E+02    1.0941E+08    1.0781E+00    3.2332E-01    9.8974E+28    3.4861E+29    1.1858E+30    3.2778E+30    4.5290E+30    2.6795E+30    6.5838E+29    6.1618E+28    5.7214E+28    1.8240E+29    5.7428E+29    1.6549E+30    3.7728E+30    4.8711E+30    2.4194E+30    4.7728E+29    4.9989E+28    1.3620E+29    3.1607E+29    6.0741E+29    8.6711E+29    8.9740E+29    6.5468E+29    3.9513E+29
    8.7351E+01    6.0319E+01    1.4658E+02    1.0796E+08    1.0750E+00    3.2322E-01    9.8822E+28    3.4727E+29    1.1791E+30    3.2596E+30    4.5039E+30    2.6631E+30    6.5472E+29    6.1387E+28    5.7217E+28    1.8205E+29    5.7155E+29    1.6461E+30    3.7483E+30    4.8419E+30    2.4066E+30    4.7456E+29    5.0040E+28    1.3617E+29    3.1500E+29    6.0496E+29    8.6259E+29    8.9278E+29    6.5290E+29    3.9268E+29
    8.4024E+01    6.5215E+01    1.4716E+02    1.0645E+08    1.0718E+00    3.2313E-01    9.8103E+28    3.4495E+29    1.1713E+30    3.2378E+30    4.4737E+30    2.6450E+30    6.5009E+29    6.0907E+28    5.6791E+28    1.8079E+29    5.6780E+29    1.6351E+30    3.7239E+30    4.8104E+30    2.3905E+30    4.7127E+29    4.9658E+28    1.3521E+29    3.1299E+29    6.0106E+29    8.5698E+29    8.8688E+29    6.4855E+29    3.9021E+29
    8.0430E+01    6.9893E+01    1.4775E+02    1.0490E+08    1.0684E+00    3.2306E-01    9.7026E+28    3.4169E+29    1.1624E+30    3.2138E+30    4.4405E+30    2.6257E+30    6.4498E+29    6.0374E+28    5.6095E+28    1.7880E+29    5.6296E+29    1.6223E+30    3.7000E+30    4.7771E+30    2.3715E+30    4.6769E+29    4.9009E+28    1.3350E+29    3.0985E+29    5.9578E+29    8.5086E+29    8.8094E+29    6.4253E+29    3.8746E+29
    7.6590E+01    7.4333E+01    1.4837E+02    1.0323E+08    1.0649E+00    3.2300E-01    9.6502E+28    3.3977E+29    1.1552E+30    3.1933E+30    4.4136E+30    2.6085E+30    6.4076E+29    5.9968E+28    5.5816E+28    1.7788E+29    5.5983E+29    1.6123E+30    3.6747E+30    4.7474E+30    2.3564E+30    4.6481E+29    4.8780E+28    1.3289E+29    3.0842E+29    5.9247E+29    8.4579E+29    8.7549E+29    6.3959E+29    3.8534E+29
    7.2512E+01    7.8532E+01    1.4900E+02    1.0151E+08    1.0612E+00    3.2295E-01    9.6396E+28    3.3847E+29    1.1484E+30    3.1763E+30    4.3864E+30    2.5926E+30    6.3727E+29    5.9710E+28    5.5860E+28    1.7758E+29    5.5705E+29    1.6031E+30    3.6519E+30    4.7178E+30    2.3449E+30    4.6212E+29    4.8857E+28    1.3290E+29    3.0731E+29    5.8987E+29    8.4160E+29    8.7087E+29    6.3651E+29    3.8323E+29
    6.8216E+01    8.2479E+01    1.4964E+02    9.9753E+07    1.0574E+00    3.2290E-01    9.5491E+28    3.3595E+29    1.1406E+30    3.1539E+30    4.3576E+30    2.5752E+30    6.3288E+29    5.9267E+28    5.5307E+28    1.7607E+29    5.5322E+29    1.5919E+30    3.6277E+30    4.6883E+30    2.3291E+30    4.5929E+29    4.8348E+28    1.3167E+29    3.0519E+29    5.8576E+29    8.3607E+29    8.6519E+29    6.3234E+29    3.8088E+29
    6.3718E+01    8.6166E+01    1.5029E+02    9.7962E+07    1.0536E+00    3.2287E-01    9.4546E+28    3.3287E+29    1.1316E+30    3.1307E+30    4.3271E+30    2.5570E+30    6.2763E+29    5.8710E+28    5.4697E+28    1.7431E+29    5.4858E+29    1.5806E+30    3.6048E+30    4.6555E+30    2.3110E+30    4.5546E+29    4.7780E+28    1.3019E+29    3.0221E+29    5.8162E+29    8.2986E+29    8.5942E+29    6.2756E+29    3.7820E+29
    5.9034E+01    8.9590E+01    1.5096E+02    9.6125E+07    1.0496E+00    3.2284E-01    9.4122E+28    3.3118E+29    1.1249E+30    3.1116E+30    4.3013E+30    2.5412E+30    6.2421E+29    5.8422E+28    5.4505E+28    1.7360E+29    5.4574E+29    1.5705E+30    3.5815E+30    4.6281E+30    2.2987E+30    4.5315E+29    4.7641E+28    1.2978E+29    3.0105E+29    5.7827E+29    8.2569E+29    8.5435E+29    6.2471E+29    3.7611E+29
    5.4179E+01    9.2745E+01    1.5163E+02    9.4311E+07    1.0456E+00    3.2281E-01    9.4004E+28    3.2982E+29    1.1184E+30    3.0947E+30    4.2744E+30    2.5258E+30    6.2057E+29    5.8209E+28    5.4493E+28    1.7323E+29    5.4305E+29    1.5611E+30    3.5586E+30    4.6013E+30    2.2869E+30    4.5042E+29    4.7666E+28    1.2971E+29    2.9996E+29    5.7527E+29    8.2165E+29    8.5063E+29    6.2094E+29    3.7401E+29
    4.9168E+01    9.5630E+01    1.5231E+02    9.2502E+07    1.0415E+00    3.2278E-01    9.3031E+28    3.2721E+29    1.1104E+30    3.0723E+30    4.2456E+30    2.5076E+30    6.1604E+29    5.7658E+28    5.3933E+28    1.7169E+29    5.3912E+29    1.5504E+30    3.5362E+30    4.5694E+30    2.2700E+30    4.4752E+29    4.7145E+28    1.2844E+29    2.9773E+29    5.7166E+29    8.1618E+29    8.4414E+29    6.1716E+29    3.7175E+29
    4.4021E+01    9.8237E+01    1.5300E+02    9.0702E+07    1.0374E+00    3.2275E-01    9.2176E+28    3.2431E+29    1.1018E+30    3.0502E+30    4.2165E+30    2.4900E+30    6.1111E+29    5.7107E+28    5.3391E+28    1.7012E+29    5.3478E+29    1.5391E+30    3.5117E+30    4.5380E+30    2.2519E+30    4.4411E+29    4.6637E+28    1.2712E+29    2.9504E+29    5.6740E+29    8.1026E+29    8.3819E+29    6.1316E+29    3.6937E+29
    3.8749E+01    1.0057E+02    1.5368E+02    8.8986E+07    1.0335E+00    3.2270E-01    9.1817E+28    3.2285E+29    1.0957E+30    3.0322E+30    4.1903E+30    2.4750E+30    6.0772E+29    5.6842E+28    5.3247E+28    1.6953E+29    5.3216E+29    1.5299E+30    3.4905E+30    4.5106E+30    2.2408E+30    4.4175E+29    4.6548E+28    1.2684E+29    2.9406E+29    5.6465E+29    8.0624E+29    8.3378E+29    6.0944E+29    3.6722E+29
    3.3028E+01    1.0274E+02    1.5442E+02    8.7165E+07    1.0292E+00    3.2266E-01    9.1653E+28    3.2138E+29    1.0884E+30    3.0122E+30    4.1618E+30    2.4583E+30    6.0349E+29    5.6581E+28    5.3222E+28    1.6908E+29    5.2929E+29    1.5196E+30    3.4660E+30    4.4829E+30    2.2268E+30    4.3858E+29    4.6567E+28    1.2672E+29    2.9297E+29    5.6175E+29    8.0237E+29    8.2975E+29    6.0566E+29    3.6484E+29
    2.7204E+01    1.0458E+02    1.5516E+02    8.5384E+07    1.0249E+00    3.2260E-01    9.0536E+28    3.1821E+29    1.0797E+30    2.9894E+30    4.1306E+30    2.4394E+30    5.9884E+29    5.6006E+28    5.2535E+28    1.6723E+29    5.2475E+29    1.5080E+30    3.4411E+30    4.4485E+30    2.2093E+30    4.3543E+29    4.5921E+28    1.2514E+29    2.9015E+29    5.5705E+29    7.9578E+29    8.2268E+29    6.0144E+29    3.6222E+29
    2.1294E+01    1.0611E+02    1.5589E+02    8.3717E+07    1.0208E+00    3.2253E-01    8.9775E+28    3.1560E+29    1.0712E+30    2.9673E+30    4.1021E+30    2.4211E+30    5.9425E+29    5.5572E+28    5.2095E+28    1.6587E+29    5.2045E+29    1.4965E+30    3.4162E+30    4.4147E+30    2.1917E+30    4.3255E+29    4.5512E+28    1.2405E+29    2.8756E+29    5.5286E+29    7.9016E+29    8.1659E+29    5.9801E+29    3.5997E+29
    1.5319E+01    1.0731E+02    1.5663E+02    8.2081E+07    1.0167E+00    3.2246E-01    8.9497E+28    3.1426E+29    1.0648E+30    2.9476E+30    4.0737E+30    2.4052E+30    5.9030E+29    5.5240E+28    5.2016E+28    1.6541E+29    5.1810E+29    1.4871E+30    3.3935E+30    4.3879E+30    2.1800E+30    4.2964E+29    4.5483E+28    1.2392E+29    2.8696E+29    5.5046E+29    7.8610E+29    8.1270E+29    5.9377E+29    3.5783E+29
    9.2961E+00    1.0819E+02    1.5736E+02    8.0548E+07    1.0128E+00    3.2237E-01    8.9068E+28    3.1230E+29    1.0572E+30    2.9269E+30    4.0448E+30    2.3884E+30    5.8616E+29    5.4873E+28    5.1791E+28    1.6458E+29    5.1464E+29    1.4769E+30    3.3704E+30    4.3582E+30    2.1653E+30    4.2682E+29    4.5294E+28    1.2339E+29    2.8520E+29    5.4710E+29    7.8170E+29    8.0742E+29    5.8991E+29    3.5577E+29
    3.2437E+00    1.0874E+02    1.5810E+02    7.9045E+07    1.0088E+00    3.2227E-01    8.8000E+28    3.0914E+29    1.0482E+30    2.9037E+30    4.0133E+30    2.3673E+30    5.8087E+29    5.4296E+28    5.1125E+28    1.6272E+29    5.1003E+29    1.4640E+30    3.3433E+30    4.3222E+30    2.1462E+30    4.2323E+29    4.4678E+28    1.2180E+29    2.8234E+29    5.4197E+29    7.7481E+29    8.0101E+29    5.8580E+29    3.5273E+29
   -2.8203E+00    1.0895E+02    1.5883E+02    7.7609E+07    1.0050E+00    3.2218E-01    8.7351E+28    3.0689E+29    1.0406E+30    2.8831E+30    3.9851E+30    2.3502E+30    5.7657E+29    5.3889E+28    5.0771E+28    1.6156E+29    5.0650E+29    1.4534E+30    3.3195E+30    4.2916E+30    2.1314E+30    4.2038E+29    4.4365E+28    1.2093E+29    2.8049E+29    5.3839E+29    7.6969E+29    7.9586E+29    5.8237E+29    3.5043E+29
   -8.8745E+00    1.0884E+02    1.5956E+02    7.6251E+07    1.0011E+00    3.2206E-01    8.7214E+28    3.0570E+29    1.0344E+30    2.8638E+30    3.9559E+30    2.3358E+30    5.7302E+29    5.3635E+28    5.0764E+28    1.6132E+29    5.0403E+29    1.4448E+30    3.2984E+30    4.2639E+30    2.1185E+30    4.1777E+29    4.4403E+28    1.2101E+29    2.7971E+29    5.3603E+29    7.6624E+29    7.9086E+29    5.7810E+29    3.4860E+29
   -1.4900E+01    1.0840E+02    1.6030E+02    7.4923E+07    9.9712E-01    3.2195E-01    8.6485E+28    3.0335E+29    1.0266E+30    2.8425E+30    3.9260E+30    2.3179E+30    5.6849E+29    5.3164E+28    5.0359E+28    1.6005E+29    5.0035E+29    1.4338E+30    3.2740E+30    4.2320E+30    2.1026E+30    4.1463E+29    4.4040E+28    1.2003E+29    2.7771E+29    5.3208E+29    7.6071E+29    7.8508E+29    5.7405E+29    3.4613E+29
   -2.0880E+01    1.0763E+02    1.6104E+02    7.3642E+07    9.9302E-01    3.2184E-01    8.5488E+28    3.0026E+29    1.0176E+30    2.8201E+30    3.8969E+30    2.2967E+30    5.6313E+29    5.2604E+28    4.9740E+28    1.5828E+29    4.9581E+29    1.4220E+30    3.2471E+30    4.1978E+30    2.0847E+30    4.1133E+29    4.3456E+28    1.1850E+29    2.7481E+29    5.2762E+29    7.5396E+29    7.7950E+29    5.7075E+29    3.4329E+29
   -2.6793E+01    1.0654E+02    1.6178E+02    7.2426E+07    9.8904E-01    3.2172E-01    8.4963E+28    2.9826E+29    1.0105E+30    2.7998E+30    3.8682E+30    2.2804E+30    5.5914E+29    5.2241E+28    4.9476E+28    1.5734E+29    4.9247E+29    1.4118E+30    3.2242E+30    4.1687E+30    2.0706E+30    4.0831E+29    4.3236E+28    1.1785E+29    2.7314E+29    5.2405E+29    7.4927E+29    7.7421E+29    5.6662E+29    3.4087E+29
   -3.2621E+01    1.0512E+02    1.6253E+02    7.1202E+07    9.8505E-01    3.2160E-01    8.4831E+28    2.9715E+29    1.0042E+30    2.7810E+30    3.8409E+30    2.2664E+30    5.5578E+29    5.2028E+28    4.9467E+28    1.5705E+29    4.9016E+29    1.4025E+30    3.2042E+30    4.1408E+30    2.0575E+30    4.0575E+29    4.3262E+28    1.1787E+29    2.7245E+29    5.2134E+29    7.4599E+29    7.6934E+29    5.6266E+29    3.3935E+29
   -3.8347E+01    1.0339E+02    1.6328E+02    7.0001E+07    9.8114E-01    3.2149E-01    8.3998E+28    2.9460E+29    9.9656E+29    2.7603E+30    3.8123E+30    2.2483E+30    5.5115E+29    5.1514E+28    4.8994E+28    1.5567E+29    4.8652E+29    1.3921E+30    3.1801E+30    4.1098E+30    2.0418E+30    4.0273E+29    4.2823E+28    1.1673E+29    2.7042E+29    5.1752E+29    7.4032E+29    7.6401E+29    5.5907E+29    3.3681E+29
   -4.3949E+01    1.0136E+02    1.6404E+02    6.8802E+07    9.7726E-01    3.2138E-01    8.3148E+28    2.9169E+29    9.8800E+29    2.7386E+30    3.7854E+30    2.2291E+30    5.4645E+29    5.1025E+28    4.8500E+28    1.5418E+29    4.8218E+29    1.3813E+30    3.1549E+30    4.0793E+30    2.0266E+30    3.9979E+29    4.2344E+28    1.1545E+29    2.6751E+29    5.1363E+29    7.3432E+29    7.5905E+29    5.5607E+29    3.3384E+29
   -4.9416E+01    9.9026E+01    1.6482E+02    6.7563E+07    9.7334E-01    3.2127E-01    8.2700E+28    2.9006E+29    9.8144E+29    2.7197E+30    3.7568E+30    2.2140E+30    5.4257E+29    5.0676E+28    4.8276E+28    1.5344E+29    4.7940E+29    1.3717E+30    3.1338E+30    4.0506E+30    2.0124E+30    3.9711E+29    4.2171E+28    1.1500E+29    2.6639E+29    5.1064E+29    7.3032E+29    7.5367E+29    5.5186E+29    3.3195E+29
   -5.4727E+01    9.6402E+01    1.6560E+02    6.6326E+07    9.6939E-01    3.2117E-01    8.2561E+28    2.8876E+29    9.7535E+29    2.7022E+30    3.7310E+30    2.2001E+30    5.3920E+29    5.0445E+28    4.8269E+28    1.5307E+29    4.7728E+29    1.3631E+30    3.1138E+30    4.0227E+30    2.0001E+30    3.9471E+29    4.2206E+28    1.1493E+29    2.6574E+29    5.0811E+29    7.2688E+29    7.4906E+29    5.4826E+29    3.3045E+29
   -5.9870E+01    9.3498E+01    1.6640E+02    6.5053E+07    9.6532E-01    3.2108E-01    8.1667E+28    2.8626E+29    9.6787E+29    2.6818E+30    3.7042E+30    2.1827E+30    5.3486E+29    4.9949E+28    4.7754E+28    1.5167E+29    4.7373E+29    1.3531E+30    3.0909E+30    3.9947E+30    1.9852E+30    3.9193E+29    4.1710E+28    1.1374E+29    2.6372E+29    5.0464E+29    7.2174E+29    7.4440E+29    5.4492E+29    3.2799E+29
   -6.4832E+01    9.0326E+01    1.6721E+02    6.3760E+07    9.6119E-01    3.2099E-01    8.0882E+28    2.8354E+29    9.5965E+29    2.6618E+30    3.6762E+30    2.1636E+30    5.3024E+29    4.9527E+28    4.7271E+28    1.5023E+29    4.6980E+29    1.3434E+30    3.0683E+30    3.9668E+30    1.9702E+30    3.8893E+29    4.1263E+28    1.1254E+29    2.6118E+29    5.0129E+29    7.1687E+29    7.3929E+29    5.4159E+29    3.2494E+29
   -6.9599E+01    8.6898E+01    1.6803E+02    6.2454E+07    9.5706E-01    3.2090E-01    8.0509E+28    2.8210E+29    9.5347E+29    2.6442E+30    3.6521E+30    2.1508E+30    5.2680E+29    4.9210E+28    4.7109E+28    1.4964E+29    4.6718E+29    1.3348E+30    3.0486E+30    3.9406E+30    1.9580E+30    3.8675E+29    4.1144E+28    1.1224E+29    2.6020E+29    4.9872E+29    7.1320E+29    7.3565E+29    5.3845E+29    3.2362E+29
   -7.4160E+01    8.3228E+01    1.6887E+02    6.1116E+07    9.5288E-01    3.2082E-01    8.0392E+28    2.8092E+29    9.4800E+29    2.6258E+30    3.6287E+30    2.1379E+30    5.2388E+29    4.8978E+28    4.7122E+28    1.4941E+29    4.6526E+29    1.3265E+30    3.0275E+30    3.9152E+30    1.9473E+30    3.8463E+29    4.1202E+28    1.1232E+29    2.5982E+29    4.9691E+29    7.0910E+29    7.3176E+29    5.3555E+29    3.2250E+29
   -7.8506E+01    7.9330E+01    1.6971E+02    5.9791E+07    9.4866E-01    3.2074E-01    7.9494E+28    2.7833E+29    9.4017E+29    2.6066E+30    3.6038E+30    2.1219E+30    5.1956E+29    4.8504E+28    4.6590E+28    1.4784E+29    4.6135E+29    1.3166E+30    3.0060E+30    3.8885E+30    1.9344E+30    3.8228E+29    4.0688E+28    1.1096E+29    2.5746E+29    4.9310E+29    7.0465E+29    7.2745E+29    5.3282E+29    3.2027E+29
   -8.2626E+01    7.5216E+01    1.7057E+02    5.8443E+07    9.4437E-01    3.2066E-01    7.8795E+28    2.7601E+29    9.3246E+29    2.5858E+30    3.5805E+30    2.1041E+30    5.1518E+29    4.8090E+28    4.6189E+28    1.4675E+29    4.5785E+29    1.3056E+30    2.9852E+30    3.8630E+30    1.9210E+30    3.7998E+29    4.0309E+28    1.1008E+29    2.5543E+29    4.8880E+29    6.9988E+29    7.2300E+29    5.3018E+29    3.1747E+29
   -8.6515E+01    7.0902E+01    1.7143E+02    5.7116E+07    9.4015E-01    3.2059E-01    7.8409E+28    2.7439E+29    9.2630E+29    2.5690E+30    3.5550E+30    2.0931E+30    5.1231E+29    4.7819E+28    4.6012E+28    1.4599E+29    4.5510E+29    1.2976E+30    2.9635E+30    3.8352E+30    1.9091E+30    3.7816E+29    4.0184E+28    1.0963E+29    2.5425E+29    4.8684E+29    6.9595E+29    7.1865E+29    5.2686E+29    3.1682E+29
   -9.0166E+01    6.6399E+01    1.7231E+02    5.5779E+07    9.3590E-01    3.2051E-01    7.8380E+28    2.7345E+29    9.2007E+29    2.5532E+30    3.5306E+30    2.0798E+30    5.0941E+29    4.7639E+28    4.6086E+28    1.4589E+29    4.5283E+29    1.2892E+30    2.9447E+30    3.8101E+30    1.8966E+30    3.7634E+29    4.0305E+28    1.0986E+29    2.5361E+29    4.8444E+29    6.9327E+29    7.1461E+29    5.2344E+29    3.1582E+29
   -9.3573E+01    6.1722E+01    1.7319E+02    5.4471E+07    9.3168E-01    3.2043E-01    7.7476E+28    2.7089E+29    9.1324E+29    2.5327E+30    3.5056E+30    2.0650E+30    5.0530E+29    4.7232E+28    4.5554E+28    1.4437E+29    4.4946E+29    1.2795E+30    2.9226E+30    3.7821E+30    1.8833E+30    3.7398E+29    3.9793E+28    1.0853E+29    2.5168E+29    4.8116E+29    6.8823E+29    7.0990E+29    5.2050E+29    3.1365E+29
   -9.6732E+01    5.6886E+01    1.7408E+02    5.3184E+07    9.2746E-01    3.2034E-01    7.6793E+28    2.6836E+29    9.0514E+29    2.5139E+30    3.4782E+30    2.0484E+30    5.0113E+29    4.6855E+28    4.5164E+28    1.4307E+29    4.4543E+29    1.2702E+30    2.9008E+30    3.7529E+30    1.8688E+30    3.7159E+29    3.9430E+28    1.0746E+29    2.4904E+29    4.7828E+29    6.8331E+29    7.0413E+29    5.1697E+29    3.1092E+29
   -9.9639E+01    5.1903E+01    1.7497E+02    5.1938E+07    9.2339E-01    3.2026E-01    7.6355E+28    2.6691E+29    8.9932E+29    2.4960E+30    3.4551E+30    2.0349E+30    4.9771E+29    4.6534E+28    4.4944E+28    1.4243E+29    4.4322E+29    1.2609E+30    2.8802E+30    3.7284E+30    1.8572E+30    3.6918E+29    3.9255E+28    1.0709E+29    2.4841E+29    4.7504E+29    6.7918E+29    7.0057E+29    5.1386E+29    3.0963E+29
   -1.0229E+02    4.6785E+01    1.7587E+02    5.0722E+07    9.1941E-01    3.2016E-01    7.6264E+28    2.6565E+29    8.9415E+29    2.4796E+30    3.4297E+30    2.0216E+30    4.9496E+29    4.6298E+28    4.4957E+28    1.4209E+29    4.4098E+29    1.2534E+30    2.8597E+30    3.7020E+30    1.8448E+30    3.6734E+29    3.9316E+28    1.0707E+29    2.4774E+29    4.7361E+29    6.7558E+29    6.9651E+29    5.1048E+29    3.0825E+29
   -1.0469E+02    4.1548E+01    1.7678E+02    4.9562E+07    9.1549E-01    3.2006E-01    7.5499E+28    2.6346E+29    8.8676E+29    2.4600E+30    3.4044E+30    2.0056E+30    4.9059E+29    4.5849E+28    4.4534E+28    1.4087E+29    4.3762E+29    1.2432E+30    2.8383E+30    3.6746E+30    1.8308E+30    3.6447E+29    3.8915E+28    1.0606E+29    2.4592E+29    4.6984E+29    6.7090E+29    6.9179E+29    5.0729E+29    3.0600E+29
   -1.0683E+02    3.6205E+01    1.7768E+02    4.8491E+07    9.1122E-01    3.1994E-01    7.4655E+28    2.6090E+29    8.7963E+29    2.4390E+30    3.3783E+30    1.9895E+30    4.8608E+29    4.5434E+28    4.3992E+28    1.3949E+29    4.3409E+29    1.2328E+30    2.8150E+30    3.6466E+30    1.8170E+30    3.6169E+29    3.8405E+28    1.0490E+29    2.4384E+29    4.6584E+29    6.6518E+29    6.8640E+29    5.0375E+29    3.0351E+29
   -1.0872E+02    3.0766E+01    1.7859E+02    4.7495E+07    9.0643E-01    3.1981E-01    7.4260E+28    2.5916E+29    8.7292E+29    2.4215E+30    3.3525E+30    1.9739E+30    4.8255E+29    4.5094E+28    4.3807E+28    1.3869E+29    4.3105E+29    1.2240E+30    2.7939E+30    3.6192E+30    1.8036E+30    3.5915E+29    3.8271E+28    1.0438E+29    2.4239E+29    4.6318E+29    6.6111E+29    6.8184E+29    5.0015E+29    3.0158E+29
   -1.1034E+02    2.5244E+01    1.7951E+02    4.6558E+07    9.0151E-01    3.1967E-01    7.4135E+28    2.5841E+29    8.6703E+29    2.4049E+30    3.3267E+30    1.9594E+30    4.7947E+29    4.4852E+28    4.3793E+28    1.3856E+29    4.2914E+29    1.2151E+30    2.7746E+30    3.5939E+30    1.7905E+30    3.5683E+29    3.8295E+28    1.0458E+29    2.4212E+29    4.6066E+29    6.5786E+29    6.7849E+29    4.9670E+29    2.9945E+29
   -1.1171E+02    1.9651E+01    1.8042E+02    4.5716E+07    8.9701E-01    3.1951E-01    7.3461E+28    2.5604E+29    8.5999E+29    2.3853E+30    3.3006E+30    1.9435E+30    4.7537E+29    4.4428E+28    4.3419E+28    1.3728E+29    4.2550E+29    1.2054E+30    2.7518E+30    3.5646E+30    1.7764E+30    3.5399E+29    3.7958E+28    1.0355E+29    2.4005E+29    4.5727E+29    6.5285E+29    6.7345E+29    4.9319E+29    2.9727E+29
   -1.1282E+02    1.4001E+01    1.8134E+02    4.4920E+07    8.9271E-01    3.1933E-01    7.2665E+28    2.5347E+29    8.5158E+29    2.3645E+30    3.2721E+30    1.9267E+30    4.7065E+29    4.3968E+28    4.2952E+28    1.3587E+29    4.2130E+29    1.1952E+30    2.7278E+30    3.5337E+30    1.7611E+30    3.5081E+29    3.7524E+28    1.0236E+29    2.3732E+29    4.5354E+29    6.4716E+29    6.6705E+29    4.8916E+29    2.9522E+29
   -1.1367E+02    8.3082E+00    1.8226E+02    4.4172E+07    8.8864E-01    3.1914E-01    7.2138E+28    2.5155E+29    8.4544E+29    2.3454E+30    3.2450E+30    1.9102E+30    4.6671E+29    4.3597E+28    4.2657E+28    1.3496E+29    4.1865E+29    1.1858E+30    2.7055E+30    3.5047E+30    1.7467E+30    3.4798E+29    3.7272E+28    1.0172E+29    2.3616E+29    4.5053E+29    6.4260E+29    6.6229E+29    4.8542E+29    2.9273E+29
   -1.1426E+02    2.5808E+00    1.8319E+02    4.3446E+07    8.8475E-01    3.1893E-01    7.1964E+28    2.5029E+29    8.3931E+29    2.3269E+30    3.2184E+30    1.8944E+30    4.6333E+29    4.3299E+28    4.2612E+28    1.3450E+29    4.1580E+29    1.1769E+30    2.6842E+30    3.4784E+30    1.7330E+30    3.4559E+29    3.7281E+28    1.0161E+29    2.3500E+29    4.4786E+29    6.3830E+29    6.5827E+29    4.8187E+29    2.9039E+29
   -1.1459E+02   -3.1666E+00    1.8413E+02    4.2745E+07    8.8099E-01    3.1869E-01    7.1356E+28    2.4836E+29    8.3225E+29    2.3069E+30    3.1897E+30    1.8775E+30    4.5912E+29    4.2875E+28    4.2261E+28    1.3351E+29    4.1267E+29    1.1669E+30    2.6604E+30    3.4471E+30    1.7181E+30    3.4266E+29    3.6977E+28    1.0091E+29    2.3343E+29    4.4451E+29    6.3309E+29    6.5266E+29    4.7779E+29    2.8807E+29
   -1.1466E+02   -8.9226E+00    1.8508E+02    4.2066E+07    8.7736E-01    3.1845E-01    7.0412E+28    2.4523E+29    8.2412E+29    2.2840E+30    3.1600E+30    1.8603E+30    4.5414E+29    4.2410E+28    4.1683E+28    1.3174E+29    4.0857E+29    1.1554E+30    2.6346E+30    3.4141E+30    1.7015E+30    3.3914E+29    3.6430E+28    9.9348E+28    2.3086E+29    4.3984E+29    6.2684E+29    6.4651E+29    4.7374E+29    2.8587E+29
   -1.1447E+02   -1.4674E+01    1.8604E+02    4.1396E+07    8.7366E-01    3.1818E-01    6.9799E+28    2.4306E+29    8.1631E+29    2.2633E+30    3.1308E+30    1.8426E+30    4.4967E+29    4.1986E+28    4.1329E+28    1.3063E+29    4.0483E+29    1.1448E+30    2.6102E+30    3.3829E+30    1.6856E+30    3.3595E+29    3.6119E+28    9.8518E+28    2.2878E+29    4.3587E+29    6.2146E+29    6.4103E+29    4.6964E+29    2.8346E+29
   -1.1403E+02   -2.0408E+01    1.8701E+02    4.0753E+07    8.7007E-01    3.1790E-01    6.9470E+28    2.4173E+29    8.0970E+29    2.2438E+30    3.1012E+30    1.8246E+30    4.4592E+29    4.1640E+28    4.1171E+28    1.3005E+29    4.0215E+29    1.1350E+30    2.5872E+30    3.3527E+30    1.6706E+30    3.3332E+29    3.6018E+28    9.8310E+28    2.2787E+29    4.3283E+29    6.1670E+29    6.3576E+29    4.6519E+29    2.8057E+29
   -1.1332E+02   -2.6108E+01    1.8800E+02    4.0102E+07    8.6652E-01    3.1761E-01    6.8984E+28    2.3975E+29    8.0254E+29    2.2230E+30    3.0718E+30    1.8071E+30    4.4163E+29    4.1258E+28    4.0906E+28    1.2909E+29    3.9888E+29    1.1244E+30    2.5628E+30    3.3208E+30    1.6543E+30    3.3023E+29    3.5803E+28    9.7663E+28    2.2629E+29    4.2915E+29    6.1130E+29    6.3017E+29    4.6116E+29    2.7802E+29
   -1.1236E+02   -3.1764E+01    1.8900E+02    3.9470E+07    8.6308E-01    3.1730E-01    6.8036E+28    2.3678E+29    7.9388E+29    2.1996E+30    3.0403E+30    1.7887E+30    4.3642E+29    4.0750E+28    4.0321E+28    1.2741E+29    3.9401E+29    1.1132E+30    2.5360E+30    3.2861E+30    1.6371E+30    3.2649E+29    3.5261E+28    9.6230E+28    2.2300E+29    4.2485E+29    6.0471E+29    6.2368E+29    4.5667E+29    2.7569E+29
   -1.1116E+02   -3.7361E+01    1.9001E+02    3.8855E+07    8.5976E-01    3.1697E-01    6.7297E+28    2.3435E+29    7.8556E+29    2.1777E+30    3.0092E+30    1.7699E+30    4.3160E+29    4.0296E+28    3.9873E+28    1.2609E+29    3.9001E+29    1.1021E+30    2.5105E+30    3.2519E+30    1.6201E+30    3.2307E+29    3.4851E+28    9.5183E+28    2.2068E+29    4.2084E+29    5.9896E+29    6.1749E+29    4.5237E+29    2.7338E+29
   -1.0970E+02   -4.2881E+01    1.9104E+02    3.8228E+07    8.5638E-01    3.1664E-01    6.6869E+28    2.3251E+29    7.7899E+29    2.1572E+30    2.9785E+30    1.7513E+30    4.2746E+29    3.9888E+28    3.9661E+28    1.2520E+29    3.8703E+29    1.0917E+30    2.4862E+30    3.2206E+30    1.6038E+30    3.2015E+29    3.4697E+28    9.4650E+28    2.1951E+29    4.1712E+29    5.9374E+29    6.1193E+29    4.4775E+29    2.7016E+29
   -1.0800E+02   -4.8314E+01    1.9208E+02    3.7613E+07    8.5300E-01    3.1629E-01    6.6536E+28    2.3093E+29    7.7226E+29    2.1350E+30    2.9490E+30    1.7331E+30    4.2319E+29    3.9544E+28    3.9473E+28    1.2453E+29    3.8367E+29    1.0809E+30    2.4607E+30    3.1886E+30    1.5874E+30    3.1701E+29    3.4578E+28    9.4365E+28    2.1796E+29    4.1348E+29    5.8780E+29    6.0630E+29    4.4360E+29    2.6743E+29
   -1.0606E+02   -5.3644E+01    1.9314E+02    3.6996E+07    8.4964E-01    3.1594E-01    6.5536E+28    2.2788E+29    7.6313E+29    2.1125E+30    2.9166E+30    1.7143E+30    4.1816E+29    3.9028E+28    3.8879E+28    1.2275E+29    3.7926E+29    1.0695E+30    2.4342E+30    3.1537E+30    1.5702E+30    3.1347E+29    3.4009E+28    9.2802E+28    2.1517E+29    4.0902E+29    5.8154E+29    5.9957E+29    4.3887E+29    2.6496E+29
   -1.0389E+02   -5.8858E+01    1.9422E+02    3.6373E+07    8.4631E-01    3.1558E-01    6.4757E+28    2.2517E+29    7.5455E+29    2.0897E+30    2.8846E+30    1.6954E+30    4.1316E+29    3.8567E+28    3.8397E+28    1.2127E+29    3.7507E+29    1.0579E+30    2.4086E+30    3.1189E+30    1.5526E+30    3.0980E+29    3.3575E+28    9.1598E+28    2.1265E+29    4.0442E+29    5.7554E+29    5.9368E+29    4.3433E+29    2.6254E+29
   -1.0149E+02   -6.3941E+01    1.9532E+02    3.5741E+07    8.4301E-01    3.1522E-01    6.4254E+28    2.2324E+29    7.4734E+29    2.0683E+30    2.8545E+30    1.6773E+30    4.0889E+29    3.8162E+28    3.8123E+28    1.2029E+29    3.7152E+29    1.0472E+30    2.3834E+30    3.0869E+30    1.5362E+30    3.0679E+29    3.3349E+28    9.0958E+28    2.1086E+29    4.0066E+29    5.7003E+29    5.8753E+29    4.2997E+29    2.5997E+29
   -9.8875E+01   -6.8877E+01    1.9644E+02    3.5099E+07    8.3970E-01    3.1487E-01    6.3878E+28    2.2171E+29    7.4073E+29    2.0476E+30    2.8250E+30    1.6589E+30    4.0473E+29    3.7784E+28    3.7909E+28    1.1957E+29    3.6862E+29    1.0370E+30    2.3583E+30    3.0547E+30    1.5203E+30    3.0360E+29    3.3212E+28    9.0620E+28    2.0980E+29    3.9754E+29    5.6447E+29    5.8195E+29    4.2578E+29    2.5675E+29
   -9.6045E+01   -7.3659E+01    1.9759E+02    3.4448E+07    8.3635E-01    3.1452E-01    6.3208E+28    2.1937E+29    7.3289E+29    2.0260E+30    2.7946E+30    1.6407E+30    4.0017E+29    3.7349E+28    3.7509E+28    1.1831E+29    3.6474E+29    1.0261E+30    2.3328E+30    3.0220E+30    1.5038E+30    3.0034E+29    3.2865E+28    8.9668E+28    2.0766E+29    3.9356E+29    5.5863E+29    5.7590E+29    4.2146E+29    2.5420E+29
   -9.3014E+01   -7.8270E+01    1.9875E+02    3.3810E+07    8.3287E-01    3.1417E-01    6.2310E+28    2.1648E+29    7.2425E+29    2.0024E+30    2.7625E+30    1.6223E+30    3.9525E+29    3.6888E+28    3.6943E+28    1.1667E+29    3.6015E+29    1.0146E+30    2.3073E+30    2.9881E+30    1.4865E+30    2.9696E+29    3.2330E+28    8.8276E+28    2.0467E+29    3.8899E+29    5.5251E+29    5.6986E+29    4.1670E+29    2.5207E+29
   -8.9791E+01   -8.2704E+01    1.9994E+02    3.3173E+07    8.2823E-01    3.1383E-01    6.1580E+28    2.1416E+29    7.1636E+29    1.9807E+30    2.7316E+30    1.6042E+30    3.9068E+29    3.6463E+28    3.6497E+28    1.1539E+29    3.5633E+29    1.0037E+30    2.2822E+30    2.9547E+30    1.4700E+30    2.9367E+29    3.1933E+28    8.7283E+28    2.0254E+29    3.8501E+29    5.4661E+29    5.6365E+29    4.1228E+29    2.4948E+29
   -8.6386E+01   -8.6950E+01    2.0115E+02    3.2556E+07    8.2287E-01    3.1350E-01    6.1102E+28    2.1240E+29    7.0987E+29    1.9613E+30    2.7034E+30    1.5870E+30    3.8660E+29    3.6068E+28    3.6230E+28    1.1450E+29    3.5329E+29    9.9381E+29    2.2581E+30    2.9243E+30    1.4547E+30    2.9060E+29    3.1724E+28    8.6744E+28    2.0127E+29    3.8177E+29    5.4157E+29    5.5836E+29    4.0834E+29    2.4692E+29
   -8.2813E+01   -9.1001E+01    2.0238E+02    3.1965E+07    8.1775E-01    3.1318E-01    6.0739E+28    2.1101E+29    7.0379E+29    1.9419E+30    2.6763E+30    1.5702E+30    3.8282E+29    3.5713E+28    3.6005E+28    1.1384E+29    3.5065E+29    9.8427E+29    2.2348E+30    2.8950E+30    1.4402E+30    2.8759E+29    3.1575E+28    8.6482E+28    2.0045E+29    3.7891E+29    5.3660E+29    5.5302E+29    4.0456E+29    2.4406E+29
   -7.9082E+01   -9.4852E+01    2.0363E+02    3.1384E+07    8.1275E-01    3.1286E-01    5.9904E+28    2.0821E+29    6.9577E+29    1.9206E+30    2.6468E+30    1.5532E+30    3.7821E+29    3.5280E+28    3.5508E+28    1.1226E+29    3.4659E+29    9.7355E+29    2.2107E+30    2.8633E+30    1.4241E+30    2.8442E+29    3.1113E+28    8.5145E+28    1.9800E+29    3.7476E+29    5.3112E+29    5.4742E+29    4.0032E+29    2.4194E+29
   -7.5204E+01   -9.8499E+01    2.0490E+02    3.0798E+07    8.0779E-01    3.1255E-01    5.9045E+28    2.0539E+29    6.8776E+29    1.8991E+30    2.6162E+30    1.5359E+30    3.7372E+29    3.4869E+28    3.4985E+28    1.1067E+29    3.4240E+29    9.6281E+29    2.1864E+30    2.8318E+30    1.4082E+30    2.8149E+29    3.0627E+28    8.3796E+28    1.9541E+29    3.7071E+29    5.2528E+29    5.4170E+29    3.9568E+29    2.3958E+29
   -7.1192E+01   -1.0194E+02    2.0619E+02    3.0194E+07    8.0290E-01    3.1225E-01    5.8367E+28    2.0307E+29    6.8073E+29    1.8795E+30    2.5890E+30    1.5194E+30    3.6961E+29    3.4480E+28    3.4583E+28    1.0942E+29    3.3878E+29    9.5283E+29    2.1633E+30    2.8015E+30    1.3935E+30    2.7857E+29    3.0268E+28    8.2826E+28    1.9344E+29    3.6726E+29    5.2031E+29    5.3623E+29    3.9185E+29    2.3725E+29
   -6.7056E+01   -1.0517E+02    2.0749E+02    2.9576E+07    7.9807E-01    3.1197E-01    5.7884E+28    2.0124E+29    6.7464E+29    1.8609E+30    2.5632E+30    1.5039E+30    3.6583E+29    3.4130E+28    3.4311E+28    1.0848E+29    3.3558E+29    9.4362E+29    2.1415E+30    2.7741E+30    1.3793E+30    2.7546E+29    3.0053E+28    8.2229E+28    1.9193E+29    3.6442E+29    5.1559E+29    5.3122E+29    3.8832E+29    2.3488E+29
   -6.2807E+01   -1.0819E+02    2.0882E+02    2.8932E+07    7.9312E-01    3.1169E-01    5.7438E+28    1.9962E+29    6.6833E+29    1.8428E+30    2.5381E+30    1.4880E+30    3.6239E+29    3.3800E+28    3.4042E+28    1.0765E+29    3.3242E+29    9.3412E+29    2.1196E+30    2.7467E+30    1.3660E+30    2.7264E+29    2.9852E+28    8.1761E+28    1.9049E+29    3.6148E+29    5.1089E+29    5.2638E+29    3.8487E+29    2.3226E+29
   -5.8455E+01   -1.1101E+02    2.1016E+02    2.8276E+07    7.8810E-01    3.1142E-01    5.6629E+28    1.9686E+29    6.6013E+29    1.8223E+30    2.5104E+30    1.4720E+30    3.5808E+29    3.3397E+28    3.3561E+28    1.0611E+29    3.2817E+29    9.2367E+29    2.0967E+30    2.7173E+30    1.3509E+30    2.6970E+29    2.9404E+28    8.0456E+28    1.8773E+29    3.5740E+29    5.0545E+29    5.2074E+29    3.8065E+29    2.3028E+29
   -5.4009E+01   -1.1362E+02    2.1151E+02    2.7611E+07    7.8317E-01    3.1116E-01    5.5826E+28    1.9420E+29    6.5194E+29    1.8020E+30    2.4825E+30    1.4560E+30    3.5407E+29    3.3019E+28    3.3076E+28    1.0463E+29    3.2396E+29    9.1324E+29    2.0737E+30    2.6872E+30    1.3363E+30    2.6715E+29    2.8953E+28    7.9204E+28    1.8497E+29    3.5316E+29    4.9997E+29    5.1531E+29    3.7632E+29    2.2786E+29
   -4.9480E+01   -1.1602E+02    2.1289E+02    2.6926E+07    7.7827E-01    3.1090E-01    5.5179E+28    1.9198E+29    6.4455E+29    1.7826E+30    2.4560E+30    1.4403E+30    3.5037E+29    3.2676E+28    3.2683E+28    1.0342E+29    3.2028E+29    9.0330E+29    2.0514E+30    2.6591E+30    1.3219E+30    2.6438E+29    2.8604E+28    7.8265E+28    1.8283E+29    3.4942E+29    4.9469E+29    5.1000E+29    3.7233E+29    2.2550E+29
   -4.4875E+01   -1.1823E+02    2.1428E+02    2.6247E+07    7.7343E-01    3.1064E-01    5.4700E+28    1.9020E+29    6.3798E+29    1.7642E+30    2.4320E+30    1.4258E+30    3.4678E+29    3.2336E+28    3.2415E+28    1.0250E+29    3.1707E+29    8.9370E+29    2.0299E+30    2.6322E+30    1.3093E+30    2.6132E+29    2.8389E+28    7.7669E+28    1.8123E+29    3.4603E+29    4.8978E+29    5.0481E+29    3.6915E+29    2.2325E+29
   -4.0204E+01   -1.2023E+02    2.1569E+02    2.5565E+07    7.6861E-01    3.1038E-01    5.4272E+28    1.8863E+29    6.3180E+29    1.7460E+30    2.4074E+30    1.4117E+30    3.4337E+29    3.2025E+28    3.2153E+28    1.0168E+29    3.1409E+29    8.8430E+29    2.0084E+30    2.6060E+30    1.2964E+30    2.5847E+29    2.8195E+28    7.7204E+28    1.7990E+29    3.4280E+29    4.8480E+29    4.9965E+29    3.6547E+29    2.2102E+29
   -3.5472E+01   -1.2205E+02    2.1711E+02    2.4908E+07    7.6408E-01    3.1012E-01    5.3588E+28    1.8621E+29    6.2422E+29    1.7263E+30    2.3809E+30    1.3954E+30    3.3945E+29    3.1669E+28    3.1750E+28    1.0038E+29    3.1024E+29    8.7430E+29    1.9864E+30    2.5773E+30    1.2821E+30    2.5567E+29    2.7831E+28    7.6145E+28    1.7750E+29    3.3887E+29    4.7942E+29    4.9412E+29    3.6143E+29    2.1847E+29
   -3.0687E+01   -1.2366E+02    2.1856E+02    2.4264E+07    7.5954E-01    3.0986E-01    5.2762E+28    1.8355E+29    6.1601E+29    1.7063E+30    2.3539E+30    1.3799E+30    3.3566E+29    3.1313E+28    3.1249E+28    9.8872E+28    3.0601E+29    8.6395E+29    1.9639E+30    2.5478E+30    1.2674E+30    2.5310E+29    2.7349E+28    7.4844E+28    1.7466E+29    3.3456E+29    4.7400E+29    4.8863E+29    3.5737E+29    2.1605E+29
   -2.5854E+01   -1.2508E+02    2.2002E+02    2.3651E+07    7.5349E-01    3.0960E-01    5.2096E+28    1.8129E+29    6.0867E+29    1.6873E+30    2.3274E+30    1.3650E+30    3.3197E+29    3.0965E+28    3.0848E+28    9.7625E+28    3.0232E+29    8.5411E+29    1.9421E+30    2.5196E+30    1.2533E+30    2.5030E+29    2.6995E+28    7.3852E+28    1.7242E+29    3.3067E+29    4.6862E+29    4.8327E+29    3.5334E+29    2.1363E+29
   -2.0983E+01   -1.2632E+02    2.2151E+02    2.3083E+07    7.4694E-01    3.0932E-01    5.1606E+28    1.7946E+29    6.0211E+29    1.6687E+30    2.3026E+30    1.3496E+30    3.2838E+29    3.0636E+28    3.0560E+28    9.6663E+28    2.9909E+29    8.4453E+29    1.9208E+30    2.4926E+30    1.2403E+30    2.4744E+29    2.6757E+28    7.3196E+28    1.7075E+29    3.2720E+29    4.6363E+29    4.7788E+29    3.4966E+29    2.1124E+29
   -1.6078E+01   -1.2736E+02    2.2302E+02    2.2549E+07    7.4097E-01    3.0905E-01    5.1183E+28    1.7784E+29    5.9598E+29    1.6505E+30    2.2778E+30    1.3358E+30    3.2499E+29    3.0301E+28    3.0284E+28    9.5792E+28    2.9608E+29    8.3524E+29    1.8993E+30    2.4660E+30    1.2276E+30    2.4456E+29    2.6546E+28    7.2660E+28    1.6935E+29    3.2390E+29    4.5859E+29    4.7237E+29    3.4585E+29    2.0913E+29
   -1.1148E+01   -1.2821E+02    2.2456E+02    2.2028E+07    7.3527E-01    3.0876E-01    5.0552E+28    1.7569E+29    5.8889E+29    1.6315E+30    2.2520E+30    1.3206E+30    3.2124E+29    2.9945E+28    2.9887E+28    9.4606E+28    2.9256E+29    8.2541E+29    1.8775E+30    2.4379E+30    1.2138E+30    2.4170E+29    2.6190E+28    7.1737E+28    1.6733E+29    3.2005E+29    4.5333E+29    4.6691E+29    3.4190E+29    2.0670E+29
   -6.1978E+00   -1.2887E+02    2.2612E+02    2.1508E+07    7.2953E-01    3.0848E-01    4.9735E+28    1.7305E+29    5.8083E+29    1.6120E+30    2.2250E+30    1.3045E+30    3.1744E+29    2.9588E+28    2.9400E+28    9.3101E+28    2.8844E+29    8.1521E+29    1.8558E+30    2.4088E+30    1.1994E+30    2.3901E+29    2.5723E+28    7.0425E+28    1.6455E+29    3.1569E+29    4.4787E+29    4.6166E+29    3.3796E+29    2.0401E+29
   -1.2350E+00   -1.2936E+02    2.2770E+02    2.0988E+07    7.2395E-01    3.0817E-01    4.9011E+28    1.7067E+29    5.7325E+29    1.5925E+30    2.1988E+30    1.2888E+30    3.1372E+29    2.9238E+28    2.8959E+28    9.1782E+28    2.8458E+29    8.0516E+29    1.8336E+30    2.3804E+30    1.1846E+30    2.3622E+29    2.5323E+28    6.9345E+28    1.6212E+29    3.1154E+29    4.4240E+29    4.5637E+29    3.3417E+29    2.0169E+29
    3.7298E+00   -1.2966E+02    2.2929E+02    2.0468E+07    7.1852E-01    3.0787E-01    4.8426E+28    1.6869E+29    5.6649E+29    1.5741E+30    2.1735E+30    1.2737E+30    3.0995E+29    2.8887E+28    2.8603E+28    9.0690E+28    2.8122E+29    7.9564E+29    1.8126E+30    2.3533E+30    1.1717E+30    2.3346E+29    2.5003E+28    6.8517E+28    1.6022E+29    3.0789E+29    4.3737E+29    4.5105E+29    3.3035E+29    1.9937E+29
    8.6937E+00   -1.2979E+02    2.3090E+02    1.9949E+07    7.1314E-01    3.0755E-01    4.7986E+28    1.6698E+29    5.6026E+29    1.5560E+30    2.1483E+30    1.2599E+30    3.0651E+29    2.8556E+28    2.8327E+28    8.9786E+28    2.7815E+29    7.8619E+29    1.7914E+30    2.3259E+30    1.1587E+30    2.3069E+29    2.4791E+28    6.7941E+28    1.5874E+29    3.0444E+29    4.3228E+29    4.4550E+29    3.2637E+29    1.9719E+29
    1.3647E+01   -1.2974E+02    2.3252E+02    1.9428E+07    7.0776E-01    3.0722E-01    4.7446E+28    1.6525E+29    5.5417E+29    1.5379E+30    2.1229E+30    1.2454E+30    3.0304E+29    2.8195E+28    2.7995E+28    8.8814E+28    2.7514E+29    7.7681E+29    1.7703E+30    2.2987E+30    1.1455E+30    2.2787E+29    2.4506E+28    6.7270E+28    1.5728E+29    3.0098E+29    4.2727E+29    4.4011E+29    3.2242E+29    1.9476E+29
    1.8588E+01   -1.2951E+02    2.3416E+02    1.8906E+07    7.0252E-01    3.0688E-01    4.6768E+28    1.6281E+29    5.4653E+29    1.5190E+30    2.0975E+30    1.2300E+30    2.9938E+29    2.7864E+28    2.7592E+28    8.7509E+28    2.7126E+29    7.6695E+29    1.7489E+30    2.2707E+30    1.1315E+30    2.2525E+29    2.4139E+28    6.6182E+28    1.5474E+29    2.9692E+29    4.2194E+29    4.3489E+29    3.1878E+29    1.9254E+29
    2.3506E+01   -1.2910E+02    2.3582E+02    1.8380E+07    6.9739E-01    3.0654E-01    4.6014E+28    1.6040E+29    5.3900E+29    1.5001E+30    2.0717E+30    1.2146E+30    2.9571E+29    2.7537E+28    2.7142E+28    8.6161E+28    2.6746E+29    7.5719E+29    1.7277E+30    2.2437E+30    1.1175E+30    2.2255E+29    2.3706E+28    6.5027E+28    1.5224E+29    2.9285E+29    4.1684E+29    4.2970E+29    3.1509E+29    1.9003E+29
    2.8396E+01   -1.2853E+02    2.3749E+02    1.7862E+07    6.9238E-01    3.0618E-01    4.5382E+28    1.5825E+29    5.3205E+29    1.4816E+30    2.0463E+30    1.1993E+30    2.9218E+29    2.7202E+28    2.6752E+28    8.4974E+28    2.6395E+29    7.4764E+29    1.7066E+30    2.2159E+30    1.1041E+30    2.1981E+29    2.3360E+28    6.4084E+28    1.5012E+29    2.8899E+29    4.1163E+29    4.2438E+29    3.1137E+29    1.8759E+29
    3.3251E+01   -1.2778E+02    2.3918E+02    1.7346E+07    6.8790E-01    3.0581E-01    4.4906E+28    1.5648E+29    5.2581E+29    1.4639E+30    2.0218E+30    1.1857E+30    2.8880E+29    2.6891E+28    2.6474E+28    8.4048E+28    2.6088E+29    7.3847E+29    1.6862E+30    2.1897E+30    1.0911E+30    2.1723E+29    2.3133E+28    6.3447E+28    1.4852E+29    2.8563E+29    4.0673E+29    4.1926E+29    3.0755E+29    1.8566E+29
    3.8064E+01   -1.2686E+02    2.4089E+02    1.6831E+07    6.8353E-01    3.0543E-01    4.4465E+28    1.5489E+29    5.1991E+29    1.4464E+30    1.9977E+30    1.1716E+30    2.8539E+29    2.6562E+28    2.6193E+28    8.3185E+28    2.5794E+29    7.2938E+29    1.6656E+30    2.1634E+30    1.0784E+30    2.1465E+29    2.2913E+28    6.2908E+28    1.4712E+29    2.8235E+29    4.0185E+29    4.1410E+29    3.0381E+29    1.8337E+29
    4.2828E+01   -1.2578E+02    2.4261E+02    1.6329E+07    6.7898E-01    3.0504E-01    4.3875E+28    1.5292E+29    5.1334E+29    1.4286E+30    1.9731E+30    1.1572E+30    2.8197E+29    2.6240E+28    2.5835E+28    8.2101E+28    2.5470E+29    7.2008E+29    1.6452E+30    2.1370E+30    1.0652E+30    2.1204E+29    2.2593E+28    6.2075E+28    1.4528E+29    2.7870E+29    3.9691E+29    4.0894E+29    3.0002E+29    1.8112E+29
    4.7534E+01   -1.2453E+02    2.4436E+02    1.5831E+07    6.7433E-01    3.0465E-01    4.3192E+28    1.5057E+29    5.0605E+29    1.4104E+30    1.9480E+30    1.1420E+30    2.7821E+29    2.5949E+28    2.5434E+28    8.0812E+28    2.5100E+29    7.1072E+29    1.6248E+30    2.1100E+30    1.0514E+30    2.0925E+29    2.2217E+28    6.0978E+28    1.4283E+29    2.7481E+29    3.9183E+29    4.0380E+29    2.9645E+29    1.7884E+29
    5.2178E+01   -1.2313E+02    2.4612E+02    1.5351E+07    6.6972E-01    3.0424E-01    4.2509E+28    1.4831E+29    4.9900E+29    1.3924E+30    1.9230E+30    1.1272E+30    2.7461E+29    2.5641E+28    2.5035E+28    7.9576E+28    2.4745E+29    7.0141E+29    1.6043E+30    2.0834E+30    1.0383E+30    2.0671E+29    2.1846E+28    5.9941E+28    1.4055E+29    2.7092E+29    3.8671E+29    3.9883E+29    2.9277E+29    1.7668E+29
    5.6752E+01   -1.2157E+02    2.4790E+02    1.4883E+07    6.6495E-01    3.0382E-01    4.1954E+28    1.4639E+29    4.9262E+29    1.3750E+30    1.8990E+30    1.1133E+30    2.7121E+29    2.5336E+28    2.4696E+28    7.8527E+28    2.4423E+29    6.9241E+29    1.5844E+30    2.0575E+30    1.0252E+30    2.0414E+29    2.1546E+28    5.9141E+28    1.3869E+29    2.6742E+29    3.8190E+29    3.9382E+29    2.8915E+29    1.7448E+29
    6.1250E+01   -1.1985E+02    2.4969E+02    1.4427E+07    6.6017E-01    3.0340E-01    4.1502E+28    1.4477E+29    4.8673E+29    1.3582E+30    1.8752E+30    1.0995E+30    2.6794E+29    2.5032E+28    2.4423E+28    7.7653E+28    2.4132E+29    6.8369E+29    1.5650E+30    2.0323E+30    1.0128E+30    2.0160E+29    2.1324E+28    5.8552E+28    1.3720E+29    2.6422E+29    3.7730E+29    3.8874E+29    2.8541E+29    1.7231E+29
    6.5668E+01   -1.1799E+02    2.5151E+02    1.3983E+07    6.5539E-01    3.0297E-01    4.1030E+28    1.4318E+29    4.8117E+29    1.3417E+30    1.8516E+30    1.0860E+30    2.6470E+29    2.4722E+28    2.4139E+28    7.6764E+28    2.3851E+29    6.7497E+29    1.5455E+30    2.0071E+30    1.0005E+30    1.9903E+29    2.1094E+28    5.7959E+28    1.3584E+29    2.6101E+29    3.7263E+29    3.8391E+29    2.8164E+29    1.7009E+29
    6.9998E+01   -1.1598E+02    2.5335E+02    1.3548E+07    6.5044E-01    3.0253E-01    4.0488E+28    1.4128E+29    4.7480E+29    1.3247E+30    1.8280E+30    1.0721E+30    2.6130E+29    2.4414E+28    2.3812E+28    7.5748E+28    2.3532E+29    6.6621E+29    1.5261E+30    1.9818E+30    9.8770E+29    1.9651E+29    2.0805E+28    5.7182E+28    1.3396E+29    2.5758E+29    3.6788E+29    3.7908E+29    2.7806E+29    1.6793E+29
    7.4239E+01   -1.1383E+02    2.5520E+02    1.3130E+07    6.4552E-01    3.0209E-01    3.9840E+28    1.3909E+29    4.6790E+29    1.3073E+30    1.8046E+30    1.0580E+30    2.5781E+29    2.4130E+28    2.3434E+28    7.4551E+28    2.3187E+29    6.5735E+29    1.5067E+30    1.9565E+30    9.7518E+29    1.9407E+29    2.0450E+28    5.6165E+28    1.3168E+29    2.5387E+29    3.6312E+29    3.7426E+29    2.7462E+29    1.6587E+29
    7.8385E+01   -1.1155E+02    2.5706E+02    1.2728E+07    6.4072E-01    3.0164E-01    3.9210E+28    1.3700E+29    4.6137E+29    1.2901E+30    1.7815E+30    1.0452E+30    2.5446E+29    2.3844E+28    2.3064E+28    7.3404E+28    2.2856E+29    6.4866E+29    1.4874E+30    1.9316E+30    9.6245E+29    1.9150E+29    2.0107E+28    5.5211E+28    1.2958E+29    2.5029E+29    3.5835E+29    3.6940E+29    2.7129E+29    1.6419E+29
    8.2433E+01   -1.0914E+02    2.5894E+02    1.2341E+07    6.3578E-01    3.0118E-01    3.8702E+28    1.3524E+29    4.5544E+29    1.2738E+30    1.7587E+30    1.0318E+30    2.5121E+29    2.3545E+28    2.2759E+28    7.2451E+28    2.2566E+29    6.4031E+29    1.4687E+30    1.9072E+30    9.5025E+29    1.8911E+29    1.9839E+28    5.4490E+28    1.2794E+29    2.4707E+29    3.5391E+29    3.6472E+29    2.6779E+29    1.6217E+29
    9.0223E+01   -1.0397E+02    2.6273E+02    1.1616E+07    6.2596E-01    3.0024E-01    3.7830E+28    1.3219E+29    4.4463E+29    1.2431E+30    1.7148E+30    1.0051E+30    2.4499E+29    2.2941E+28    2.2226E+28    7.0765E+28    2.2023E+29    6.2401E+29    1.4325E+30    1.8604E+30    9.2698E+29    1.8430E+29    1.9406E+28    5.3349E+28    1.2519E+29    2.4104E+29    3.4507E+29    3.5569E+29    2.6100E+29    1.5751E+29
    9.7581E+01   -9.8349E+01    2.6657E+02    1.0945E+07    6.1654E-01    2.9928E-01    3.6781E+28    1.2849E+29    4.3255E+29    1.2111E+30    1.6706E+30    9.7996E+29    2.3870E+29    2.2395E+28    2.1610E+28    6.8776E+28    2.1418E+29    6.0770E+29    1.3961E+30    1.8131E+30    9.0318E+29    1.7964E+29    1.8853E+28    5.1765E+28    1.2148E+29    2.3450E+29    3.3627E+29    3.4661E+29    2.5426E+29    1.5389E+29
    1.0450E+02   -9.2322E+01    2.7046E+02    1.0296E+07    6.0780E-01    2.9827E-01    3.5692E+28    1.2490E+29    4.2098E+29    1.1798E+30    1.6281E+30    9.5524E+29    2.3253E+29    2.1839E+28    2.0973E+28    6.6807E+28    2.0841E+29    5.9193E+29    1.3612E+30    1.7669E+30    8.8018E+29    1.7525E+29    1.8274E+28    5.0177E+28    1.1797E+29    2.2813E+29    3.2786E+29    3.3804E+29    2.4776E+29    1.5039E+29
    1.1096E+02   -8.5927E+01    2.7440E+02    9.6452E+06    5.9931E-01    2.9724E-01    3.4908E+28    1.2205E+29    4.1084E+29    1.1511E+30    1.5877E+30    9.3060E+29    2.2676E+29    2.1270E+28    2.0484E+28    6.5270E+28    2.0330E+29    5.7683E+29    1.3267E+30    1.7237E+30    8.5807E+29    1.7063E+29    1.7877E+28    4.9147E+28    1.1533E+29    2.2256E+29    3.1948E+29    3.2933E+29    2.4178E+29    1.4628E+29
    1.1697E+02   -7.9198E+01    2.7841E+02    8.9939E+06    5.9097E-01    2.9616E-01    3.3986E+28    1.1882E+29    4.0012E+29    1.1216E+30    1.5473E+30    9.0661E+29    2.2082E+29    2.0743E+28    1.9936E+28    6.3514E+28    1.9793E+29    5.6184E+29    1.2931E+30    1.6802E+30    8.3620E+29    1.6623E+29    1.7396E+28    4.7801E+28    1.1220E+29    2.1668E+29    3.1133E+29    3.2100E+29    2.3558E+29    1.4261E+29
    1.2252E+02   -7.2171E+01    2.8248E+02    8.3677E+06    5.8307E-01    2.9505E-01    3.2953E+28    1.1538E+29    3.8915E+29    1.0935E+30    1.5054E+30    8.8380E+29    2.1542E+29    2.0212E+28    1.9342E+28    6.1648E+28    1.9249E+29    5.4721E+29    1.2606E+30    1.6368E+30    8.1446E+29    1.6238E+29    1.6848E+28    4.6263E+28    1.0882E+29    2.1077E+29    3.0341E+29    3.1323E+29    2.2937E+29    1.3926E+29
    1.2761E+02   -6.4871E+01    2.8661E+02    7.8090E+06    5.7584E-01    2.9390E-01    3.2196E+28    1.1261E+29    3.7948E+29    1.0656E+30    1.4688E+30    8.6049E+29    2.0971E+29    1.9700E+28    1.8878E+28    6.0164E+28    1.8767E+29    5.3312E+29    1.2281E+30    1.5956E+30    7.9394E+29    1.5794E+29    1.6463E+28    4.5222E+28    1.0625E+29    2.0548E+29    2.9550E+29    3.0500E+29    2.2375E+29    1.3560E+29
    1.3223E+02   -5.7332E+01    2.9081E+02    7.3429E+06    5.6517E-01    2.9272E-01    3.1342E+28    1.0975E+29    3.6997E+29    1.0375E+30    1.4309E+30    8.3942E+29    2.0408E+29    1.9141E+28    1.8357E+28    5.8559E+28    1.8288E+29    5.1927E+29    1.1961E+30    1.5545E+30    7.7425E+29    1.5361E+29    1.6012E+28    4.4031E+28    1.0363E+29    2.0019E+29    2.8779E+29    2.9697E+29    2.1792E+29    1.3221E+29
    1.3638E+02   -4.9584E+01    2.9508E+02    6.9559E+06    5.5583E-01    2.9151E-01    3.0475E+28    1.0670E+29    3.5981E+29    1.0116E+30    1.3930E+30    8.1639E+29    1.9876E+29    1.8725E+28    1.7859E+28    5.6958E+28    1.7790E+29    5.0570E+29    1.1651E+30    1.5162E+30    7.5347E+29    1.4993E+29    1.5558E+28    4.2747E+28    1.0057E+29    1.9475E+29    2.8030E+29    2.8987E+29    2.1236E+29    1.2875E+29
    1.4008E+02   -4.1654E+01    2.9941E+02    6.5881E+06    5.4741E-01    2.9026E-01    2.9654E+28    1.0386E+29    3.5038E+29    9.8525E+29    1.3589E+30    7.9516E+29    1.9344E+29    1.8227E+28    1.7380E+28    5.5434E+28    1.7323E+29    4.9252E+29    1.1344E+30    1.4771E+30    7.3368E+29    1.4599E+29    1.5137E+28    4.1579E+28    9.7874E+28    1.8964E+29    2.7297E+29    2.8247E+29    2.0722E+29    1.2548E+29
    1.4331E+02   -3.3571E+01    3.0381E+02    6.2163E+06    5.3907E-01    2.8899E-01    2.8941E+28    1.0138E+29    3.4180E+29    9.6120E+29    1.3209E+30    7.7416E+29    1.8862E+29    1.7745E+28    1.6938E+28    5.4058E+28    1.6891E+29    4.7971E+29    1.1058E+30    1.4383E+30    7.1428E+29    1.4217E+29    1.4774E+28    4.0630E+28    9.5661E+28    1.8492E+29    2.6601E+29    2.7510E+29    2.0145E+29    1.2219E+29
    1.4609E+02   -2.5365E+01    3.0825E+02    5.8551E+06    5.3122E-01    2.8769E-01    2.8201E+28    9.8746E+28    3.3278E+29    9.3605E+29    1.2879E+30    7.5350E+29    1.8356E+29    1.7285E+28    1.6507E+28    5.2682E+28    1.6447E+29    4.6721E+29    1.0768E+30    1.4006E+30    6.9574E+29    1.3846E+29    1.4397E+28    3.9592E+28    9.3086E+28    1.8008E+29    2.5908E+29    2.6806E+29    1.9648E+29    1.1906E+29
    1.4842E+02   -1.7068E+01    3.1275E+02    5.5204E+06    5.2383E-01    2.8635E-01    2.7405E+28    9.6032E+28    3.2385E+29    9.1052E+29    1.2544E+30    7.3486E+29    1.7904E+29    1.6844E+28    1.6060E+28    5.1250E+28    1.6014E+29    4.5527E+29    1.0486E+30    1.3641E+30    6.7852E+29    1.3520E+29    1.3986E+28    3.8434E+28    9.0484E+28    1.7542E+29    2.5269E+29    2.6138E+29    1.9176E+29    1.1612E+29
    1.5031E+02   -8.7081E+00    3.1730E+02    5.2267E+06    5.1443E-01    2.8499E-01    2.6764E+28    9.3672E+28    3.1569E+29    8.8791E+29    1.2214E+30    7.1507E+29    1.7416E+29    1.6397E+28    1.5670E+28    4.9998E+28    1.5609E+29    4.4342E+29    1.0210E+30    1.3293E+30    6.6056E+29    1.3148E+29    1.3661E+28    3.7548E+28    8.8305E+28    1.7097E+29    2.4592E+29    2.5495E+29    1.8670E+29    1.1314E+29
    1.5176E+02   -3.0837E-01    3.2190E+02    4.9660E+06    5.0627E-01    2.8360E-01    2.6048E+28    9.1251E+28    3.0768E+29    8.6466E+29    1.1906E+30    6.9584E+29    1.6931E+29    1.5894E+28    1.5238E+28    4.8655E+28    1.5205E+29    4.3188E+29    9.9393E+29    1.2957E+30    6.4338E+29    1.2781E+29    1.3288E+28    3.6552E+28    8.6081E+28    1.6666E+29    2.3935E+29    2.4829E+29    1.8208E+29    1.1006E+29
    1.5278E+02    8.1033E+00    3.2655E+02    4.7135E+06    4.9849E-01    2.8218E-01    2.5423E+28    8.8954E+28    2.9964E+29    8.4250E+29    1.1589E+30    6.7783E+29    1.6505E+29    1.5546E+28    1.4887E+28    4.7495E+28    1.4820E+29    4.2077E+29    9.6935E+29    1.2618E+30    6.2671E+29    1.2475E+29    1.2983E+28    3.5686E+28    8.3876E+28    1.6237E+29    2.3363E+29    2.4207E+29    1.7744E+29    1.0744E+29
    1.5339E+02    1.6497E+01    3.3125E+02    4.4632E+06    4.9092E-01    2.8074E-01    2.4731E+28    8.6577E+28    2.9177E+29    8.2116E+29    1.1290E+30    6.6031E+29    1.6066E+29    1.5141E+28    1.4498E+28    4.6266E+28    1.4441E+29    4.0999E+29    9.4418E+29    1.2295E+30    6.1037E+29    1.2164E+29    1.2630E+28    3.4712E+28    8.1657E+28    1.5821E+29    2.2779E+29    2.3636E+29    1.7315E+29    1.0499E+29
    1.5359E+02    2.4846E+01    3.3599E+02    4.2198E+06    4.8378E-01    2.7927E-01    2.4155E+28    8.4523E+28    2.8452E+29    7.9947E+29    1.0997E+30    6.4278E+29    1.5644E+29    1.4740E+28    1.4148E+28    4.5158E+28    1.4083E+29    3.9953E+29    9.1937E+29    1.1968E+30    5.9451E+29    1.1839E+29    1.2339E+28    3.3942E+28    7.9772E+28    1.5435E+29    2.2186E+29    2.2983E+29    1.6869E+29    1.0208E+29
    1.5338E+02    3.3141E+01    3.4078E+02    3.9952E+06    4.7645E-01    2.7779E-01    2.3503E+28    8.2302E+28    2.7727E+29    7.7873E+29    1.0709E+30    6.2547E+29    1.5216E+29    1.4313E+28    1.3759E+28    4.3943E+28    1.3720E+29    3.8919E+29    8.9639E+29    1.1653E+30    5.7887E+29    1.1516E+29    1.1996E+28    3.3014E+28    7.7726E+28    1.5043E+29    2.1640E+29    2.2380E+29    1.6444E+29    9.9388E+28
    1.5276E+02    4.1350E+01    3.4564E+02    3.7939E+06    4.6796E-01    2.7628E-01    2.2976E+28    8.0355E+28    2.7032E+29    7.5932E+29    1.0441E+30    6.0999E+29    1.4840E+29    1.3984E+28    1.3470E+28    4.2983E+28    1.3397E+29    3.7958E+29    8.7294E+29    1.1361E+30    5.6447E+29    1.1252E+29    1.1746E+28    3.2313E+28    7.5962E+28    1.4689E+29    2.1108E+29    2.1863E+29    1.6063E+29    9.7193E+28
    1.5176E+02    4.9450E+01    3.5057E+02    3.6086E+06    4.6030E-01    2.7476E-01    2.2383E+28    7.8283E+28    2.6338E+29    7.3980E+29    1.0172E+30    5.9432E+29    1.4460E+29    1.3636E+28    1.3142E+28    4.1937E+28    1.3064E+29    3.7016E+29    8.5062E+29    1.1074E+30    5.5031E+29    1.0985E+29    1.1450E+28    3.1495E+28    7.4042E+28    1.4333E+29    2.0602E+29    2.1344E+29    1.5669E+29    9.4876E+28
    1.5037E+02    5.7419E+01    3.5559E+02    3.4221E+06    4.5294E-01    2.7321E-01    2.1855E+28    7.6411E+28    2.5684E+29    7.2094E+29    9.9090E+29    5.7867E+29    1.4074E+29    1.3259E+28    1.2827E+28    4.0935E+28    1.2745E+29    3.6070E+29    8.2918E+29    1.0787E+30    5.3599E+29    1.0691E+29    1.1184E+28    3.0786E+28    7.2344E+28    1.3980E+29    2.0089E+29    2.0796E+29    1.5289E+29    9.2516E+28
    1.4861E+02    6.5239E+01    3.6069E+02    3.2341E+06    4.4577E-01    2.7166E-01    2.1281E+28    7.4432E+28    2.5032E+29    7.0234E+29    9.6465E+29    5.6312E+29    1.3687E+29    1.2885E+28    1.2491E+28    3.9872E+28    1.2424E+29    3.5155E+29    8.0752E+29    1.0500E+30    5.2199E+29    1.0403E+29    1.0889E+28    2.9979E+28    7.0556E+28    1.3640E+29    1.9571E+29    2.0243E+29    1.4895E+29    9.0124E+28
    1.4650E+02    7.2885E+01    3.6587E+02    3.0474E+06    4.3883E-01    2.7008E-01    2.0797E+28    7.2677E+28    2.4417E+29    6.8476E+29    9.4065E+29    5.4898E+29    1.3344E+29    1.2568E+28    1.2234E+28    3.9026E+28    1.2141E+29    3.4303E+29    7.8742E+29    1.0240E+30    5.0905E+29    1.0162E+29    1.0663E+28    2.9357E+28    6.9041E+28    1.3331E+29    1.9124E+29    1.9786E+29    1.4556E+29    8.8070E+28
    1.4405E+02    8.0350E+01    3.7117E+02    2.8760E+06    4.3095E-01    2.6849E-01    2.0343E+28    7.0994E+28    2.3818E+29    6.6749E+29    9.1772E+29    5.3549E+29    1.3021E+29    1.2279E+28    1.2006E+28    3.8250E+28    1.1882E+29    3.3486E+29    7.6834E+29    9.9849E+29    4.9683E+29    9.9423E+28    1.0456E+28    2.8766E+28    6.7652E+28    1.3041E+29    1.8708E+29    1.9344E+29    1.4252E+29    8.6143E+28
    1.4129E+02    8.7609E+01    3.7656E+02    2.7210E+06    4.2299E-01    2.6688E-01    1.9849E+28    6.9226E+28    2.3231E+29    6.5115E+29    8.9480E+29    5.2178E+29    1.2684E+29    1.1960E+28    1.1719E+28    3.7342E+28    1.1600E+29    3.2703E+29    7.4940E+29    9.7398E+29    4.8477E+29    9.7095E+28    1.0209E+28    2.8103E+28    6.6103E+28    1.2771E+29    1.8291E+29    1.8908E+29    1.3923E+29    8.4161E+28
    1.3824E+02    9.4670E+01    3.8204E+02    2.5712E+06    4.1559E-01    2.6525E-01    1.9342E+28    6.7520E+28    2.2655E+29    6.3422E+29    8.7134E+29    5.0869E+29    1.2351E+29    1.1646E+28    1.1421E+28    3.6421E+28    1.1321E+29    3.1865E+29    7.2975E+29    9.4883E+29    4.7238E+29    9.4871E+28    9.9507E+27    2.7424E+28    6.4626E+28    1.2458E+29    1.7823E+29    1.8432E+29    1.3570E+29    8.2398E+28
    1.3493E+02    1.0153E+02    3.8757E+02    2.4227E+06    4.0855E-01    2.6362E-01    1.8876E+28    6.5827E+28    2.2078E+29    6.1839E+29    8.4951E+29    4.9574E+29    1.2031E+29    1.1346E+28    1.1161E+28    3.5555E+28    1.1042E+29    3.1094E+29    7.1179E+29    9.2505E+29    4.6056E+29    9.2648E+28    9.7237E+27    2.6778E+28    6.3059E+28    1.2182E+29    1.7432E+29    1.8013E+29    1.3252E+29    8.0483E+28
    1.3139E+02    1.0818E+02    3.9317E+02    2.2766E+06    4.0170E-01    2.6198E-01    1.8508E+28    6.4454E+28    2.1561E+29    6.0312E+29    8.2875E+29    4.8387E+29    1.1747E+29    1.1087E+28    1.0972E+28    3.4928E+28    1.0820E+29    3.0351E+29    6.9422E+29    9.0232E+29    4.4967E+29    9.0646E+28    9.5617E+27    2.6347E+28    6.1994E+28    1.1915E+29    1.7039E+29    1.7618E+29    1.2964E+29    7.8800E+28
    1.2762E+02    1.1462E+02    3.9882E+02    2.1421E+06    3.9444E-01    2.6033E-01    1.8116E+28    6.2919E+28    2.1036E+29    5.8864E+29    8.0822E+29    4.7190E+29    1.1456E+29    1.0819E+28    1.0773E+28    3.4201E+28    1.0571E+29    2.9642E+29    6.7734E+29    8.8010E+29    4.3872E+29    8.8593E+28    9.3864E+27    2.5802E+28    6.0607E+28    1.1670E+29    1.6680E+29    1.7244E+29    1.2671E+29    7.7045E+28
    1.2365E+02    1.2085E+02    4.0455E+02    2.0242E+06    3.8690E-01    2.5867E-01    1.7723E+28    6.1566E+28    2.0536E+29    5.7367E+29    7.8748E+29    4.5972E+29    1.1155E+29    1.0530E+28    1.0542E+28    3.3511E+28    1.0336E+29    2.8918E+29    6.6027E+29    8.5758E+29    4.2739E+29    8.6365E+28    9.1931E+27    2.5336E+28    5.9424E+28    1.1409E+29    1.6283E+29    1.6812E+29    1.2359E+29    7.5221E+28
    1.1949E+02    1.2687E+02    4.1034E+02    1.9116E+06    3.7986E-01    2.5700E-01    1.7299E+28    6.0075E+28    2.0024E+29    5.5909E+29    7.6721E+29    4.4751E+29    1.0851E+29    1.0232E+28    1.0299E+28    3.2729E+28    1.0083E+29    2.8208E+29    6.4362E+29    8.3532E+29    4.1620E+29    8.4181E+28    8.9840E+27    2.4764E+28    5.8045E+28    1.1153E+29    1.5894E+29    1.6391E+29    1.2065E+29    7.3372E+28
    1.1515E+02    1.3267E+02    4.1619E+02    1.7994E+06    3.7319E-01    2.5533E-01    1.6913E+28    5.8731E+28    1.9562E+29    5.4534E+29    7.4800E+29    4.3630E+29    1.0575E+29    9.9720E+27    1.0084E+28    3.2050E+28    9.8748E+28    2.7541E+29    6.2772E+29    8.1455E+29    4.0579E+29    8.2179E+28    8.7967E+27    2.4273E+28    5.7018E+28    1.0919E+29    1.5540E+29    1.6018E+29    1.1782E+29    7.1707E+28
    1.1064E+02    1.3825E+02    4.2213E+02    1.6884E+06    3.6684E-01    2.5366E-01    1.6604E+28    5.7531E+28    1.9115E+29    5.3232E+29    7.2994E+29    4.2584E+29    1.0320E+29    9.7352E+27    9.9226E+27    3.1495E+28    9.6710E+28    2.6910E+29    6.1274E+29    7.9492E+29    3.9597E+29    8.0324E+28    8.6612E+27    2.3902E+28    5.6006E+28    1.0706E+29    1.5223E+29    1.5680E+29    1.1510E+29    7.0160E+28
    1.0598E+02    1.4362E+02    4.2815E+02    1.5851E+06    3.6008E-01    2.5198E-01    1.6287E+28    5.6285E+28    1.8687E+29    5.1965E+29    7.1212E+29    4.1540E+29    1.0067E+29    9.5034E+27    9.7596E+27    3.0915E+28    9.4723E+28    2.6301E+29    5.9818E+29    7.7550E+29    3.8638E+29    7.8451E+28    8.5237E+27    2.3491E+28    5.5014E+28    1.0502E+29    1.4909E+29    1.5345E+29    1.1252E+29    6.8622E+28
    1.0117E+02    1.4877E+02    4.3428E+02    1.4938E+06    3.5285E-01    2.5029E-01    1.5952E+28    5.5101E+28    1.8239E+29    5.0670E+29    6.9404E+29    4.0469E+29    9.8046E+28    9.2526E+27    9.5682E+27    3.0293E+28    9.2576E+28    2.5661E+29    5.8316E+29    7.5585E+29    3.7650E+29    7.6487E+28    8.3646E+27    2.3074E+28    5.3919E+28    1.0276E+29    1.4566E+29    1.4976E+29    1.0978E+29    6.6981E+28
    9.6229E+01    1.5370E+02    4.4050E+02    1.4059E+06    3.4619E-01    2.4860E-01    1.5603E+28    5.3845E+28    1.7806E+29    4.9395E+29    6.7592E+29    3.9389E+29    9.5367E+28    8.9900E+27    9.3513E+27    2.9609E+28    9.0398E+28    2.5034E+29    5.6831E+29    7.3630E+29    3.6655E+29    7.4439E+28    8.1860E+27    2.2597E+28    5.2784E+28    1.0048E+29    1.4217E+29    1.4608E+29    1.0700E+29    6.5309E+28
    9.1181E+01    1.5845E+02    4.4677E+02    1.3191E+06    3.3974E-01    2.4690E-01    1.5255E+28    5.2636E+28    1.7379E+29    4.8164E+29    6.5866E+29    3.8363E+29    9.2818E+28    8.7512E+27    9.1302E+27    2.8953E+28    8.8357E+28    2.4420E+29    5.5397E+29    7.1764E+29    3.5701E+29    7.2544E+28    7.9994E+27    2.2141E+28    5.1759E+28    9.8243E+28    1.3880E+29    1.4250E+29    1.0440E+29    6.3671E+28
    8.6033E+01    1.6302E+02    4.5310E+02    1.2351E+06    3.3377E-01    2.4521E-01    1.4884E+28    5.1453E+28    1.6984E+29    4.6987E+29    6.4212E+29    3.7385E+29    9.0483E+28    8.5317E+27    8.9113E+27    2.8266E+28    8.6365E+28    2.3841E+29    5.4029E+29    6.9958E+29    3.4805E+29    7.0736E+28    7.8108E+27    2.1638E+28    5.0752E+28    9.6240E+28    1.3570E+29    1.3914E+29    1.0182E+29    6.2119E+28
    8.0796E+01    1.6741E+02    4.5948E+02    1.1583E+06    3.2750E-01    2.4351E-01    1.4532E+28    5.0214E+28    1.6588E+29    4.5838E+29    6.2635E+29    3.6456E+29    8.8282E+28    8.3305E+27    8.7088E+27    2.7614E+28    8.4422E+28    2.3273E+29    5.2698E+29    6.8233E+29    3.3950E+29    6.9080E+28    7.6347E+27    2.1151E+28    4.9732E+28    9.4205E+28    1.3260E+29    1.3592E+29    9.9451E+28    6.0608E+28
    7.5478E+01    1.7161E+02    4.6590E+02    1.0886E+06    3.2098E-01    2.4181E-01    1.4158E+28    4.8902E+28    1.6170E+29    4.4690E+29    6.1043E+29    3.5521E+29    8.6007E+28    8.1193E+27    8.4881E+27    2.6903E+28    8.2274E+28    2.2694E+29    5.1381E+29    6.6507E+29    3.3088E+29    6.7327E+28    7.4388E+27    2.0597E+28    4.8466E+28    9.1980E+28    1.2946E+29    1.3263E+29    9.6958E+28    5.9107E+28
    7.0086E+01    1.7564E+02    4.7237E+02    1.0219E+06    3.1498E-01    2.4012E-01    1.3774E+28    4.7609E+28    1.5748E+29    4.3527E+29    5.9440E+29    3.4579E+29    8.3704E+28    7.8982E+27    8.2500E+27    2.6165E+28    8.0072E+28    2.2102E+29    5.0047E+29    6.4765E+29    3.2203E+29    6.5514E+28    7.2322E+27    2.0035E+28    4.7168E+28    8.9631E+28    1.2605E+29    1.2910E+29    9.4400E+28    5.7519E+28
    6.4626E+01    1.7948E+02    4.7890E+02    9.5631E+05    3.0927E-01    2.3842E-01    1.3379E+28    4.6276E+28    1.5321E+29    4.2371E+29    5.7849E+29    3.3634E+29    8.1390E+28    7.6749E+27    8.0045E+27    2.5400E+28    7.7827E+28    2.1516E+29    4.8727E+29    6.3043E+29    3.1325E+29    6.3695E+28    7.0152E+27    1.9434E+28    4.5791E+28    8.7230E+28    1.2262E+29    1.2557E+29    9.1885E+28    5.6003E+28
    5.9106E+01    1.8315E+02    4.8549E+02    8.9456E+05    3.0398E-01    2.3672E-01    1.3023E+28    4.5054E+28    1.4919E+29    4.1277E+29    5.6339E+29    3.2738E+29    7.9209E+28    7.4651E+27    7.7880E+27    2.4718E+28    7.5760E+28    2.0960E+29    4.7468E+29    6.1398E+29    3.0498E+29    6.1990E+28    6.8252E+27    1.8907E+28    4.4554E+28    8.4989E+28    1.1942E+29    1.2228E+29    8.9515E+28    5.4519E+28
    5.3530E+01    1.8663E+02    4.9216E+02    8.3796E+05    2.9800E-01    2.3502E-01    1.2697E+28    4.3914E+28    1.4538E+29    4.0229E+29    5.4893E+29    3.1891E+29    7.7139E+28    7.2662E+27    7.5945E+27    2.4102E+28    7.3853E+28    2.0431E+29    4.6281E+29    5.9846E+29    2.9714E+29    6.0382E+28    6.6558E+27    1.8438E+28    4.3441E+28    8.2887E+28    1.1648E+29    1.1925E+29    8.7228E+28    5.3115E+28
    4.7902E+01    1.8992E+02    4.9892E+02    7.8576E+05    2.9195E-01    2.3331E-01    1.2399E+28    4.2862E+28    1.4177E+29    3.9226E+29    5.3510E+29    3.1091E+29    7.5202E+28    7.0813E+27    7.4228E+27    2.3550E+28    7.2084E+28    1.9926E+29    4.5135E+29    5.8357E+29    2.8966E+29    5.8860E+28    6.5068E+27    1.8026E+28    4.2441E+28    8.0908E+28    1.1371E+29    1.1634E+29    8.5036E+28    5.1807E+28
