   -4.7645E+01   -8.8147E+01    1.2445E+02    2.0083E+08    1.2363E+00    3.2354E-01    1.2593E+29    4.4361E+29    1.5096E+30    4.1544E+30    5.7376E+30    3.4097E+30    8.3881E+29    7.8424E+28    7.2444E+28    2.3093E+29    7.2808E+29    2.0991E+30    4.7851E+30    6.1527E+30    3.0549E+30    6.0291E+29    6.3273E+28    1.7199E+29    3.9671E+29    7.5219E+29    1.0747E+30    1.1128E+30    8.1336E+29    4.9097E+29
   -4.2072E+01   -9.0958E+01    1.2490E+02    1.9770E+08    1.2318E+00    3.2366E-01    1.2497E+29    4.4113E+29    1.5029E+30    4.1290E+30    5.7269E+30    3.3886E+30    8.3441E+29    7.8128E+28    7.1815E+28    2.2937E+29    7.2493E+29    2.0904E+30    4.7626E+30    6.1288E+30    3.0446E+30    5.9932E+29    6.2686E+28    1.7070E+29    3.9515E+29    7.4980E+29    1.0709E+30    1.1067E+30    8.1143E+29    4.8844E+29
   -3.6315E+01   -9.3414E+01    1.2536E+02    1.9451E+08    1.2272E+00    3.2379E-01    1.2482E+29    4.4005E+29    1.4974E+30    4.1177E+30    5.6972E+30    3.3788E+30    8.3107E+29    7.7746E+28    7.1831E+28    2.2920E+29    7.2277E+29    2.0828E+30    4.7443E+30    6.1023E+30    3.0311E+30    5.9763E+29    6.2734E+28    1.7076E+29    3.9447E+29    7.4853E+29    1.0679E+30    1.1043E+30    8.0801E+29    4.8683E+29
   -3.0396E+01   -9.5506E+01    1.2583E+02    1.9128E+08    1.2225E+00    3.2393E-01    1.2466E+29    4.3871E+29    1.4910E+30    4.1027E+30    5.6663E+30    3.3657E+30    8.3009E+29    7.7533E+28    7.1873E+28    2.2895E+29    7.2054E+29    2.0758E+30    4.7253E+30    6.0912E+30    3.0185E+30    5.9710E+29    6.2751E+28    1.7060E+29    3.9351E+29    7.4711E+29    1.0649E+30    1.1045E+30    8.0558E+29    4.8616E+29
   -2.4342E+01   -9.7224E+01    1.2629E+02    1.8816E+08    1.2180E+00    3.2406E-01    1.2385E+29    4.3668E+29    1.4857E+30    4.0829E+30    5.6526E+30    3.3519E+30    8.2453E+29    7.7152E+28    7.1338E+28    2.2764E+29    7.1777E+29    2.0657E+30    4.7063E+30    6.0521E+30    3.0097E+30    5.9333E+29    6.2309E+28    1.6968E+29    3.9256E+29    7.4427E+29    1.0621E+30    1.0966E+30    8.0309E+29    4.8400E+29
   -1.8181E+01   -9.8559E+01    1.2675E+02    1.8508E+08    1.2135E+00    3.2419E-01    1.2336E+29    4.3493E+29    1.4795E+30    4.0666E+30    5.6321E+30    3.3400E+30    8.2119E+29    7.6871E+28    7.1099E+28    2.2684E+29    7.1494E+29    2.0579E+30    4.6909E+30    6.0291E+30    3.0007E+30    5.9141E+29    6.2107E+28    1.6914E+29    3.9119E+29    7.4264E+29    1.0599E+30    1.0936E+30    8.0117E+29    4.8273E+29
   -1.1943E+01   -9.9507E+01    1.2722E+02    1.8199E+08    1.2089E+00    3.2431E-01    1.2323E+29    4.3356E+29    1.4742E+30    4.0534E+30    5.6050E+30    3.3240E+30    8.1939E+29    7.6690E+28    7.1146E+28    2.2647E+29    7.1284E+29    2.0515E+30    4.6682E+30    6.0218E+30    2.9829E+30    5.9051E+29    6.2155E+28    1.6892E+29    3.9037E+29    7.4170E+29    1.0562E+30    1.0939E+30    7.9813E+29    4.8157E+29
   -5.6600E+00   -1.0006E+02    1.2769E+02    1.7894E+08    1.2044E+00    3.2444E-01    1.2262E+29    4.3204E+29    1.4687E+30    4.0359E+30    5.5844E+30    3.3113E+30    8.1563E+29    7.6315E+28    7.0767E+28    2.2558E+29    7.1020E+29    2.0431E+30    4.6496E+30    5.9855E+30    2.9758E+30    5.8805E+29    6.1846E+28    1.6840E+29    3.8942E+29    7.4015E+29    1.0538E+30    1.0894E+30    7.9559E+29    4.7957E+29
    6.4468E-01   -1.0023E+02    1.2816E+02    1.7599E+08    1.2002E+00    3.2455E-01    1.2174E+29    4.2935E+29    1.4625E+30    4.0189E+30    5.5603E+30    3.2997E+30    8.1058E+29    7.5709E+28    7.0209E+28    2.2393E+29    7.0692E+29    2.0333E+30    4.6342E+30    5.9530E+30    2.9642E+30    5.8455E+29    6.1314E+28    1.6701E+29    3.8776E+29    7.3687E+29    1.0494E+30    1.0825E+30    7.9294E+29    4.7758E+29
    6.9460E+00   -1.0001E+02    1.2862E+02    1.7317E+08    1.1965E+00    3.2465E-01    1.2167E+29    4.2832E+29    1.4571E+30    4.0032E+30    5.5397E+30    3.2838E+30    8.0884E+29    7.5789E+28    7.0300E+28    2.2378E+29    7.0468E+29    2.0276E+30    4.6103E+30    5.9465E+30    2.9516E+30    5.8366E+29    6.1450E+28    1.6714E+29    3.8693E+29    7.3672E+29    1.0475E+30    1.0829E+30    7.9033E+29    4.7655E+29
    1.3222E+01   -9.9391E+01    1.2910E+02    1.7025E+08    1.1926E+00    3.2475E-01    1.2116E+29    4.2630E+29    1.4503E+30    3.9864E+30    5.5175E+30    3.2692E+30    8.0512E+29    7.5476E+28    7.0039E+28    2.2285E+29    7.0149E+29    2.0192E+30    4.5904E+30    5.9220E+30    2.9399E+30    5.8124E+29    6.1224E+28    1.6646E+29    3.8526E+29    7.3441E+29    1.0446E+30    1.0796E+30    7.8785E+29    4.7483E+29
    1.9445E+01   -9.8388E+01    1.2957E+02    1.6747E+08    1.1888E+00    3.2484E-01    1.2009E+29    4.2340E+29    1.4435E+30    3.9705E+30    5.4910E+30    3.2580E+30    8.0118E+29    7.4815E+28    6.9305E+28    2.2094E+29    6.9741E+29    2.0094E+30    4.5750E+30    5.8826E+30    2.9290E+30    5.7844E+29    6.0542E+28    1.6486E+29    3.8290E+29    7.3144E+29    1.0400E+30    1.0734E+30    7.8515E+29    4.7269E+29
    2.5593E+01   -9.7000E+01    1.3005E+02    1.6470E+08    1.1850E+00    3.2494E-01    1.1969E+29    4.2181E+29    1.4364E+30    3.9524E+30    5.4679E+30    3.2415E+30    7.9768E+29    7.4610E+28    6.9124E+28    2.2030E+29    6.9437E+29    2.0012E+30    4.5539E+30    5.8643E+30    2.9155E+30    5.7601E+29    6.0412E+28    1.6450E+29    3.8139E+29    7.2942E+29    1.0366E+30    1.0705E+30    7.8227E+29    4.7137E+29
    3.1637E+01   -9.5231E+01    1.3054E+02    1.6193E+08    1.1810E+00    3.2502E-01    1.1942E+29    4.2007E+29    1.4294E+30    3.9360E+30    5.4486E+30    3.2257E+30    7.9411E+29    7.4491E+28    6.9053E+28    2.1967E+29    6.9153E+29    1.9942E+30    4.5299E+30    5.8439E+30    2.9036E+30    5.7379E+29    6.0336E+28    1.6405E+29    3.7996E+29    7.2835E+29    1.0356E+30    1.0680E+30    7.8000E+29    4.6947E+29
    3.7549E+01   -9.3092E+01    1.3103E+02    1.5922E+08    1.1770E+00    3.2511E-01    1.1835E+29    4.1724E+29    1.4215E+30    3.9173E+30    5.4175E+30    3.2130E+30    7.9065E+29    7.3919E+28    6.8343E+28    2.1788E+29    6.8739E+29    1.9822E+30    4.5109E+30    5.8112E+30    2.8902E+30    5.7095E+29    5.9721E+28    1.6265E+29    3.7773E+29    7.2380E+29    1.0287E+30    1.0625E+30    7.7591E+29    4.6744E+29
    4.3310E+01   -9.0589E+01    1.3153E+02    1.5651E+08    1.1730E+00    3.2519E-01    1.1774E+29    4.1502E+29    1.4139E+30    3.8990E+30    5.3931E+30    3.1983E+30    7.8699E+29    7.3632E+28    6.8011E+28    2.1678E+29    6.8372E+29    1.9723E+30    4.4894E+30    5.7862E+30    2.8778E+30    5.6850E+29    5.9435E+28    1.6186E+29    3.7571E+29    7.2060E+29    1.0246E+30    1.0587E+30    7.7298E+29    4.6538E+29
    4.8895E+01   -8.7734E+01    1.3204E+02    1.5379E+08    1.1689E+00    3.2528E-01    1.1749E+29    4.1329E+29    1.4068E+30    3.8805E+30    5.3729E+30    3.1827E+30    7.8331E+29    7.3374E+28    6.7982E+28    2.1623E+29    6.8072E+29    1.9635E+30    4.4713E+30    5.7619E+30    2.8676E+30    5.6619E+29    5.9399E+28    1.6147E+29    3.7415E+29    7.1796E+29    1.0236E+30    1.0552E+30    7.7085E+29    4.6395E+29
    5.4277E+01   -8.4544E+01    1.3256E+02    1.5108E+08    1.1646E+00    3.2536E-01    1.1677E+29    4.1113E+29    1.3991E+30    3.8602E+30    5.3436E+30    3.1679E+30    7.7945E+29    7.3010E+28    6.7510E+28    2.1504E+29    6.7684E+29    1.9525E+30    4.4457E+30    5.7351E+30    2.8531E+30    5.6345E+29    5.9016E+28    1.6068E+29    3.7211E+29    7.1445E+29    1.0173E+30    1.0506E+30    7.6674E+29    4.6193E+29
    5.9446E+01   -8.1028E+01    1.3309E+02    1.4837E+08    1.1603E+00    3.2544E-01    1.1579E+29    4.0814E+29    1.3908E+30    3.8395E+30    5.3149E+30    3.1510E+30    7.7503E+29    7.2480E+28    6.6880E+28    2.1320E+29    6.7253E+29    1.9413E+30    4.4204E+30    5.7054E+30    2.8370E+30    5.6025E+29    5.8418E+28    1.5914E+29    3.6966E+29    7.1043E+29    1.0109E+30    1.0458E+30    7.6248E+29    4.5914E+29
    6.4382E+01   -7.7201E+01    1.3363E+02    1.4567E+08    1.1559E+00    3.2553E-01    1.1567E+29    4.0693E+29    1.3841E+30    3.8216E+30    5.2926E+30    3.1371E+30    7.7208E+29    7.2344E+28    6.6942E+28    2.1302E+29    6.6988E+29    1.9323E+30    4.4015E+30    5.6797E+30    2.8270E+30    5.5842E+29    5.8524E+28    1.5926E+29    3.6854E+29    7.0798E+29    1.0089E+30    1.0416E+30    7.6075E+29    4.5811E+29
    6.9066E+01   -7.3080E+01    1.3418E+02    1.4298E+08    1.1514E+00    3.2561E-01    1.1506E+29    4.0454E+29    1.3762E+30    3.8016E+30    5.2665E+30    3.1200E+30    7.6788E+29    7.1984E+28    6.6633E+28    2.1189E+29    6.6633E+29    1.9218E+30    4.3806E+30    5.6497E+30    2.8124E+30    5.5542E+29    5.8248E+28    1.5836E+29    3.6665E+29    7.0440E+29    1.0042E+30    1.0369E+30    7.5759E+29    4.5575E+29
    7.3482E+01   -6.8685E+01    1.3474E+02    1.4031E+08    1.1468E+00    3.2568E-01    1.1400E+29    4.0158E+29    1.3678E+30    3.7786E+30    5.2353E+30    3.1040E+30    7.6346E+29    7.1429E+28    6.5909E+28    2.0999E+29    6.6191E+29    1.9098E+30    4.3493E+30    5.6230E+30    2.7969E+30    5.5225E+29    5.7588E+28    1.5685E+29    3.6425E+29    7.0003E+29    9.9665E+29    1.0311E+30    7.5216E+29    4.5351E+29
    7.7609E+01   -6.4039E+01    1.3531E+02    1.3766E+08    1.1422E+00    3.2575E-01    1.1343E+29    3.9959E+29    1.3601E+30    3.7585E+30    5.2069E+30    3.0870E+30    7.5955E+29    7.1091E+28    6.5600E+28    2.0903E+29    6.5849E+29    1.8993E+30    4.3264E+30    5.5913E+30    2.7824E+30    5.4946E+29    5.7332E+28    1.5619E+29    3.6260E+29    6.9663E+29    9.9234E+29    1.0253E+30    7.4872E+29    4.5133E+29
    8.1443E+01   -5.9154E+01    1.3588E+02    1.3510E+08    1.1375E+00    3.2582E-01    1.1309E+29    3.9770E+29    1.3523E+30    3.7393E+30    5.1828E+30    3.0692E+30    7.5594E+29    7.0967E+28    6.5523E+28    2.0839E+29    6.5511E+29    1.8897E+30    4.3075E+30    5.5601E+30    2.7693E+30    5.4666E+29    5.7248E+28    1.5574E+29    3.6077E+29    6.9375E+29    9.8857E+29    1.0217E+30    7.4636E+29    4.4887E+29
    8.4971E+01   -5.4050E+01    1.3645E+02    1.3261E+08    1.1329E+00    3.2587E-01    1.1216E+29    3.9502E+29    1.3442E+30    3.7167E+30    5.1482E+30    3.0533E+30    7.5124E+29    7.0338E+28    6.4900E+28    2.0675E+29    6.5102E+29    1.8776E+30    4.2797E+30    5.5308E+30    2.7526E+30    5.4351E+29    5.6721E+28    1.5452E+29    3.5870E+29    6.8928E+29    9.8243E+29    1.0149E+30    7.4068E+29    4.4664E+29
    8.8180E+01   -4.8751E+01    1.3702E+02    1.3020E+08    1.1284E+00    3.2592E-01    1.1147E+29    3.9254E+29    1.3359E+30    3.6947E+30    5.1186E+30    3.0364E+30    7.4705E+29    6.9875E+28    6.4518E+28    2.0549E+29    6.4699E+29    1.8663E+30    4.2529E+30    5.5018E+30    2.7378E+30    5.4057E+29    5.6376E+28    1.5357E+29    3.5650E+29    6.8519E+29    9.7693E+29    1.0097E+30    7.3621E+29    4.4463E+29
    9.1063E+01   -4.3272E+01    1.3759E+02    1.2788E+08    1.1239E+00    3.2595E-01    1.1127E+29    3.9107E+29    1.3291E+30    3.6763E+30    5.0959E+30    3.0193E+30    7.4324E+29    6.9764E+28    6.4517E+28    2.0515E+29    6.4434E+29    1.8574E+30    4.2333E+30    5.4706E+30    2.7233E+30    5.3762E+29    5.6405E+28    1.5346E+29    3.5537E+29    6.8284E+29    9.7285E+29    1.0057E+30    7.3482E+29    4.4190E+29
    9.3612E+01   -3.7637E+01    1.3816E+02    1.2564E+08    1.1194E+00    3.2598E-01    1.1055E+29    3.8869E+29    1.3208E+30    3.6546E+30    5.0652E+30    3.0016E+30    7.3891E+29    6.9326E+28    6.4082E+28    2.0388E+29    6.4020E+29    1.8459E+30    4.2079E+30    5.4398E+30    2.7073E+30    5.3458E+29    5.6027E+28    1.5255E+29    3.5304E+29    6.7872E+29    9.6737E+29    1.0001E+30    7.3039E+29    4.3940E+29
    9.5822E+01   -3.1865E+01    1.3872E+02    1.2353E+08    1.1150E+00    3.2599E-01    1.0946E+29    3.8548E+29    1.3120E+30    3.6312E+30    5.0297E+30    2.9840E+30    7.3412E+29    6.8745E+28    6.3365E+28    2.0188E+29    6.3564E+29    1.8331E+30    4.1815E+30    5.4100E+30    2.6913E+30    5.3124E+29    5.5354E+28    1.5085E+29    3.5036E+29    6.7362E+29    9.6152E+29    9.9381E+29    7.2383E+29    4.3715E+29
    9.7688E+01   -2.5979E+01    1.3928E+02    1.2151E+08    1.1108E+00    3.2599E-01    1.0915E+29    3.8401E+29    1.3050E+30    3.6118E+30    5.0053E+30    2.9669E+30    7.3037E+29    6.8505E+28    6.3261E+28    2.0141E+29    6.3277E+29    1.8238E+30    4.1588E+30    5.3779E+30    2.6771E+30    5.2832E+29    5.5307E+28    1.5069E+29    3.4912E+29    6.7097E+29    9.5659E+29    9.8946E+29    7.2195E+29    4.3459E+29
    9.9207E+01   -1.9997E+01    1.3983E+02    1.1962E+08    1.1067E+00    3.2598E-01    1.0871E+29    3.8190E+29    1.2973E+30    3.5924E+30    4.9799E+30    2.9486E+30    7.2621E+29    6.8187E+28    6.3087E+28    2.0052E+29    6.2942E+29    1.8139E+30    4.1340E+30    5.3483E+30    2.6635E+30    5.2524E+29    5.5142E+28    1.5002E+29    3.4732E+29    6.6762E+29    9.5174E+29    9.8398E+29    7.1967E+29    4.3206E+29
    1.0038E+02   -1.3947E+01    1.4037E+02    1.1788E+08    1.1028E+00    3.2594E-01    1.0766E+29    3.7896E+29    1.2889E+30    3.5685E+30    4.9430E+30    2.9307E+30    7.2112E+29    6.7599E+28    6.2376E+28    1.9864E+29    6.2487E+29    1.8008E+30    4.1093E+30    5.3161E+30    2.6446E+30    5.2174E+29    5.4516E+28    1.4854E+29    3.4482E+29    6.6253E+29    9.4538E+29    9.7783E+29    7.1245E+29    4.2967E+29
    1.0120E+02   -7.8398E+00    1.4091E+02    1.1622E+08    1.0991E+00    3.2589E-01    1.0704E+29    3.7673E+29    1.2810E+30    3.5474E+30    4.9126E+30    2.9133E+30    7.1684E+29    6.7212E+28    6.2045E+28    1.9754E+29    6.2124E+29    1.7899E+30    4.0850E+30    5.2850E+30    2.6294E+30    5.1876E+29    5.4229E+28    1.4775E+29    3.4288E+29    6.5869E+29    9.4031E+29    9.7257E+29    7.0802E+29    4.2717E+29
    1.0167E+02   -1.7032E+00    1.4144E+02    1.1470E+08    1.0958E+00    3.2582E-01    1.0673E+29    3.7488E+29    1.2733E+30    3.5272E+30    4.8872E+30    2.8942E+30    7.1260E+29    6.6860E+28    6.1957E+28    1.9691E+29    6.1795E+29    1.7804E+30    4.0585E+30    5.2513E+30    2.6151E+30    5.1581E+29    5.4151E+28    1.4734E+29    3.4114E+29    6.5570E+29    9.3523E+29    9.6691E+29    7.0703E+29    4.2480E+29
    1.0179E+02    4.4432E+00    1.4196E+02    1.1330E+08    1.0926E+00    3.2574E-01    1.0596E+29    3.7259E+29    1.2654E+30    3.5043E+30    4.8550E+30    2.8756E+30    7.0772E+29    6.6396E+28    6.1456E+28    1.9555E+29    6.1396E+29    1.7686E+30    4.0332E+30    5.2194E+30    2.5974E+30    5.1236E+29    5.3736E+28    1.4637E+29    3.3898E+29    6.5137E+29    9.2885E+29    9.6123E+29    7.0172E+29    4.2248E+29
    1.0156E+02    1.0579E+01    1.4249E+02    1.1194E+08    1.0896E+00    3.2564E-01    1.0496E+29    3.6942E+29    1.2566E+30    3.4801E+30    4.8190E+30    2.8551E+30    7.0233E+29    6.5795E+28    6.0807E+28    1.9371E+29    6.0941E+29    1.7557E+30    4.0095E+30    5.1857E+30    2.5783E+30    5.0859E+29    5.3120E+28    1.4481E+29    3.3628E+29    6.4656E+29    9.2295E+29    9.5448E+29    6.9473E+29    4.1946E+29
    1.0098E+02    1.6684E+01    1.4301E+02    1.1068E+08    1.0867E+00    3.2553E-01    1.0462E+29    3.6788E+29    1.2492E+30    3.4595E+30    4.7919E+30    2.8374E+30    6.9814E+29    6.5476E+28    6.0684E+28    1.9311E+29    6.0619E+29    1.7457E+30    3.9815E+30    5.1525E+30    2.5636E+30    5.0556E+29    5.3057E+28    1.4455E+29    3.3474E+29    6.4308E+29    9.1744E+29    9.4937E+29    6.9312E+29    4.1721E+29
    1.0006E+02    2.2738E+01    1.4353E+02    1.0950E+08    1.0840E+00    3.2540E-01    1.0414E+29    3.6562E+29    1.2413E+30    3.4388E+30    4.7618E+30    2.8186E+30    6.9374E+29    6.5096E+28    6.0455E+28    1.9212E+29    6.0262E+29    1.7348E+30    3.9557E+30    5.1181E+30    2.5478E+30    5.0255E+29    5.2848E+28    1.4382E+29    3.3285E+29    6.3929E+29    9.1231E+29    9.4333E+29    6.8932E+29    4.1440E+29
    9.8805E+01    2.8712E+01    1.4407E+02    1.0832E+08    1.0812E+00    3.2526E-01    1.0297E+29    3.6241E+29    1.2321E+30    3.4118E+30    4.7236E+30    2.7975E+30    6.8785E+29    6.4427E+28    5.9682E+28    1.9003E+29    5.9771E+29    1.7213E+30    3.9280E+30    5.0814E+30    2.5266E+30    4.9821E+29    5.2164E+28    1.4211E+29    3.3000E+29    6.3402E+29    9.0495E+29    9.3637E+29    6.8243E+29    4.1143E+29
    9.7210E+01    3.4589E+01    1.4460E+02    1.0720E+08    1.0786E+00    3.2511E-01    1.0230E+29    3.5999E+29    1.2238E+30    3.3884E+30    4.6911E+30    2.7777E+30    6.8301E+29    6.3985E+28    5.9286E+28    1.8880E+29    5.9374E+29    1.7097E+30    3.9014E+30    5.0470E+30    2.5091E+30    4.9489E+29    5.1814E+28    1.4120E+29    3.2779E+29    6.2992E+29    8.9886E+29    9.3025E+29    6.7802E+29    4.0881E+29
    9.5153E+01    4.0702E+01    1.4519E+02    1.0594E+08    1.0756E+00    3.2495E-01    1.0202E+29    3.5809E+29    1.2152E+30    3.3665E+30    4.6586E+30    2.7571E+30    6.7832E+29    6.3646E+28    5.9223E+28    1.8818E+29    5.9009E+29    1.6982E+30    3.8723E+30    5.0091E+30    2.4928E+30    4.9156E+29    5.1785E+28    1.4089E+29    3.2593E+29    6.2580E+29    8.9330E+29    9.2414E+29    6.7496E+29    4.0601E+29
    9.2731E+01    4.6653E+01    1.4578E+02    1.0471E+08    1.0726E+00    3.2479E-01    1.0101E+29    3.5521E+29    1.2060E+30    3.3388E+30    4.6223E+30    2.7346E+30    6.7252E+29    6.3025E+28    5.8575E+28    1.8643E+29    5.8530E+29    1.6846E+30    3.8422E+30    4.9718E+30    2.4723E+30    4.8765E+29    5.1213E+28    1.3953E+29    3.2323E+29    6.2073E+29    8.8607E+29    9.1671E+29    6.6968E+29    4.0298E+29
    8.9957E+01    5.2415E+01    1.4639E+02    1.0340E+08    1.0695E+00    3.2463E-01    9.9933E+28    3.5175E+29    1.1959E+30    3.3113E+30    4.5820E+30    2.7125E+30    6.6644E+29    6.2369E+28    5.7890E+28    1.8441E+29    5.8016E+29    1.6713E+30    3.8141E+30    4.9317E+30    2.4507E+30    4.8318E+29    5.0571E+28    1.3783E+29    3.2013E+29    6.1590E+29    8.7856E+29    9.0917E+29    6.6234E+29    3.9964E+29
    8.6842E+01    5.7965E+01    1.4701E+02    1.0205E+08    1.0663E+00    3.2449E-01    9.9567E+28    3.4998E+29    1.1877E+30    3.2890E+30    4.5512E+30    2.6920E+30    6.6206E+29    6.2044E+28    5.7749E+28    1.8375E+29    5.7658E+29    1.6591E+30    3.7845E+30    4.8965E+30    2.4348E+30    4.8024E+29    5.0491E+28    1.3755E+29    3.1845E+29    6.1140E+29    8.7321E+29    9.0336E+29    6.5986E+29    3.9706E+29
    8.3403E+01    6.3283E+01    1.4764E+02    1.0065E+08    1.0630E+00    3.2434E-01    9.8993E+28    3.4752E+29    1.1790E+30    3.2657E+30    4.5168E+30    2.6717E+30    6.5700E+29    6.1635E+28    5.7468E+28    1.8264E+29    5.7258E+29    1.6470E+30    3.7566E+30    4.8604E+30    2.4173E+30    4.7646E+29    5.0250E+28    1.3674E+29    3.1631E+29    6.0702E+29    8.6712E+29    8.9728E+29    6.5516E+29    3.9424E+29
    7.9654E+01    6.8350E+01    1.4829E+02    9.9167E+07    1.0595E+00    3.2422E-01    9.7823E+28    3.4419E+29    1.1695E+30    3.2375E+30    4.4804E+30    2.6500E+30    6.5100E+29    6.0878E+28    5.6701E+28    1.8056E+29    5.6767E+29    1.6338E+30    3.7284E+30    4.8204E+30    2.3954E+30    4.7239E+29    4.9550E+28    1.3502E+29    3.1345E+29    6.0248E+29    8.5965E+29    8.8956E+29    6.4936E+29    3.9145E+29
    7.5615E+01    7.3150E+01    1.4896E+02    9.7591E+07    1.0559E+00    3.2410E-01    9.7121E+28    3.4168E+29    1.1607E+30    3.2136E+30    4.4471E+30    2.6300E+30    6.4625E+29    6.0468E+28    5.6298E+28    1.7927E+29    5.6351E+29    1.6215E+30    3.7004E+30    4.7845E+30    2.3774E+30    4.6894E+29    4.9202E+28    1.3406E+29    3.1122E+29    5.9800E+29    8.5360E+29    8.8309E+29    6.4504E+29    3.8855E+29
    7.1305E+01    7.7668E+01    1.4964E+02    9.5965E+07    1.0521E+00    3.2400E-01    9.6866E+28    3.3994E+29    1.1527E+30    3.1926E+30    4.4158E+30    2.6105E+30    6.4178E+29    6.0214E+28    5.6236E+28    1.7876E+29    5.6012E+29    1.6101E+30    3.6724E+30    4.7525E+30    2.3631E+30    4.6582E+29    4.9174E+28    1.3387E+29    3.0964E+29    5.9400E+29    8.4863E+29    8.7842E+29    6.4105E+29    3.8610E+29
    6.6743E+01    8.1892E+01    1.5033E+02    9.4295E+07    1.0483E+00    3.2391E-01    9.5890E+28    3.3710E+29    1.1439E+30    3.1674E+30    4.3811E+30    2.5899E+30    6.3649E+29    5.9585E+28    5.5637E+28    1.7708E+29    5.5569E+29    1.5979E+30    3.6464E+30    4.7154E+30    2.3444E+30    4.6224E+29    4.8643E+28    1.3255E+29    3.0723E+29    5.8991E+29    8.4232E+29    8.7107E+29    6.3632E+29    3.8324E+29
    6.1949E+01    8.5815E+01    1.5103E+02    9.2590E+07    1.0443E+00    3.2383E-01    9.4945E+28    3.3392E+29    1.1343E+30    3.1426E+30    4.3473E+30    2.5699E+30    6.3106E+29    5.8974E+28    5.5047E+28    1.7531E+29    5.5078E+29    1.5852E+30    3.6187E+30    4.6801E+30    2.3239E+30    4.5827E+29    4.8086E+28    1.3107E+29    3.0418E+29    5.8502E+29    8.3560E+29    8.6416E+29    6.3119E+29    3.8042E+29
    5.6944E+01    8.9429E+01    1.5175E+02    9.0830E+07    1.0402E+00    3.2376E-01    9.4623E+28    3.3249E+29    1.1273E+30    3.1221E+30    4.3178E+30    2.5521E+30    6.2719E+29    5.8725E+28    5.4957E+28    1.7483E+29    5.4800E+29    1.5749E+30    3.5938E+30    4.6483E+30    2.3105E+30    4.5573E+29    4.8049E+28    1.3094E+29    3.0325E+29    5.8207E+29    8.3107E+29    8.5955E+29    6.2749E+29    3.7806E+29
    5.1747E+01    9.2728E+01    1.5247E+02    8.9075E+07    1.0360E+00    3.2369E-01    9.4243E+28    3.3049E+29    1.1194E+30    3.1001E+30    4.2873E+30    2.5344E+30    6.2241E+29    5.8369E+28    5.4798E+28    1.7407E+29    5.4461E+29    1.5640E+30    3.5682E+30    4.6183E+30    2.2953E+30    4.5230E+29    4.7935E+28    1.3049E+29    3.0163E+29    5.7880E+29    8.2646E+29    8.5445E+29    6.2354E+29    3.7557E+29
    4.6378E+01    9.5709E+01    1.5319E+02    8.7347E+07    1.0319E+00    3.2363E-01    9.3092E+28    3.2714E+29    1.1102E+30    3.0764E+30    4.2552E+30    2.5142E+30    6.1744E+29    5.7743E+28    5.4055E+28    1.7204E+29    5.3971E+29    1.5512E+30    3.5420E+30    4.5816E+30    2.2756E+30    4.4882E+29    4.7246E+28    1.2877E+29    2.9858E+29    5.7348E+29    8.1944E+29    8.4708E+29    6.1895E+29    3.7272E+29
    4.0858E+01    9.8366E+01    1.5392E+02    8.5620E+07    1.0277E+00    3.2356E-01    9.2439E+28    3.2483E+29    1.1021E+30    3.0543E+30    4.2247E+30    2.4959E+30    6.1289E+29    5.7329E+28    5.3692E+28    1.7089E+29    5.3589E+29    1.5397E+30    3.5169E+30    4.5486E+30    2.2594E+30    4.4587E+29    4.6922E+28    1.2792E+29    2.9658E+29    5.6950E+29    8.1398E+29    8.4124E+29    6.1493E+29    3.7047E+29
    3.5203E+01    1.0070E+02    1.5466E+02    8.3912E+07    1.0235E+00    3.2349E-01    9.2250E+28    3.2347E+29    1.0952E+30    3.0332E+30    4.1953E+30    2.4794E+30    6.0874E+29    5.7024E+28    5.3683E+28    1.7054E+29    5.3330E+29    1.5304E+30    3.4933E+30    4.5210E+30    2.2472E+30    4.4293E+29    4.6957E+28    1.2789E+29    2.9572E+29    5.6722E+29    8.1023E+29    8.3711E+29    6.1117E+29    3.6846E+29
    2.9435E+01    1.0271E+02    1.5540E+02    8.2260E+07    1.0193E+00    3.2342E-01    9.1447E+28    3.2089E+29    1.0869E+30    3.0112E+30    4.1644E+30    2.4606E+30    6.0408E+29    5.6559E+28    5.3221E+28    1.6918E+29    5.2927E+29    1.5190E+30    3.4678E+30    4.4879E+30    2.2305E+30    4.3974E+29    4.6538E+28    1.2683E+29    2.9348E+29    5.6316E+29    8.0453E+29    8.3131E+29    6.0700E+29    3.6593E+29
    2.3571E+01    1.0439E+02    1.5614E+02    8.0659E+07    1.0152E+00    3.2334E-01    9.0487E+28    3.1786E+29    1.0777E+30    2.9884E+30    4.1344E+30    2.4398E+30    5.9886E+29    5.6011E+28    5.2638E+28    1.6742E+29    5.2478E+29    1.5060E+30    3.4412E+30    4.4513E+30    2.2104E+30    4.3634E+29    4.5987E+28    1.2534E+29    2.9070E+29    5.5801E+29    7.9795E+29    8.2481E+29    6.0343E+29    3.6302E+29
    1.7630E+01    1.0573E+02    1.5688E+02    7.9089E+07    1.0111E+00    3.2326E-01    8.9980E+28    3.1590E+29    1.0704E+30    2.9669E+30    4.1035E+30    2.4230E+30    5.9482E+29    5.5633E+28    5.2369E+28    1.6653E+29    5.2151E+29    1.4959E+30    3.4170E+30    4.4217E+30    2.1977E+30    4.3329E+29    4.5775E+28    1.2477E+29    2.8923E+29    5.5491E+29    7.9309E+29    8.1973E+29    5.9874E+29    3.6065E+29
    1.1631E+01    1.0675E+02    1.5762E+02    7.7605E+07    1.0071E+00    3.2316E-01    8.9777E+28    3.1437E+29    1.0633E+30    2.9467E+30    4.0742E+30    2.4073E+30    5.9075E+29    5.5364E+28    5.2326E+28    1.6609E+29    5.1854E+29    1.4861E+30    3.3958E+30    4.3910E+30    2.1836E+30    4.3046E+29    4.5766E+28    1.2462E+29    2.8800E+29    5.5187E+29    7.8929E+29    8.1442E+29    5.9479E+29    3.5866E+29
    5.5933E+00    1.0744E+02    1.5836E+02    7.6189E+07    1.0032E+00    3.2306E-01    8.8762E+28    3.1147E+29    1.0548E+30    2.9235E+30    4.0428E+30    2.3871E+30    5.8561E+29    5.4751E+28    5.1716E+28    1.6439E+29    5.1431E+29    1.4742E+30    3.3679E+30    4.3584E+30    2.1663E+30    4.2704E+29    4.5206E+28    1.2322E+29    2.8551E+29    5.4737E+29    7.8269E+29    8.0859E+29    5.9073E+29    3.5596E+29
   -4.6202E-01    1.0779E+02    1.5910E+02    7.4821E+07    9.9927E-01    3.2295E-01    8.7933E+28    3.0869E+29    1.0463E+30    2.9021E+30    4.0136E+30    2.3669E+30    5.8049E+29    5.4231E+28    5.1207E+28    1.6292E+29    5.1016E+29    1.4629E+30    3.3419E+30    4.3241E+30    2.1476E+30    4.2380E+29    4.4720E+28    1.2200E+29    2.8303E+29    5.4362E+29    7.7664E+29    8.0277E+29    5.8753E+29    3.5326E+29
   -6.5171E+00    1.0781E+02    1.5984E+02    7.3530E+07    9.9516E-01    3.2284E-01    8.7574E+28    3.0720E+29    1.0396E+30    2.8813E+30    3.9838E+30    2.3518E+30    5.7691E+29    5.3959E+28    5.1083E+28    1.6230E+29    5.0737E+29    1.4529E+30    3.3197E+30    4.2949E+30    2.1352E+30    4.2105E+29    4.4643E+28    1.2171E+29    2.8199E+29    5.4015E+29    7.7267E+29    7.9739E+29    5.8287E+29    3.5124E+29
   -1.2553E+01    1.0750E+02    1.6059E+02    7.2279E+07    9.9102E-01    3.2272E-01    8.7262E+28    3.0541E+29    1.0320E+30    2.8608E+30    3.9543E+30    2.3346E+30    5.7280E+29    5.3652E+28    5.0964E+28    1.6167E+29    5.0414E+29    1.4424E+30    3.2967E+30    4.2631E+30    2.1195E+30    4.1822E+29    4.4567E+28    1.2137E+29    2.8044E+29    5.3677E+29    7.6805E+29    7.9208E+29    5.7889E+29    3.4908E+29
   -1.8550E+01    1.0685E+02    1.6134E+02    7.1057E+07    9.8696E-01    3.2260E-01    8.6214E+28    3.0236E+29    1.0236E+30    2.8379E+30    3.9251E+30    2.3153E+30    5.6778E+29    5.3053E+28    5.0325E+28    1.5992E+29    4.9988E+29    1.4312E+30    3.2701E+30    4.2318E+30    2.1035E+30    4.1484E+29    4.3960E+28    1.1985E+29    2.7779E+29    5.3283E+29    7.6169E+29    7.8645E+29    5.7541E+29    3.4611E+29
   -2.4490E+01    1.0588E+02    1.6209E+02    6.9884E+07    9.8305E-01    3.2248E-01    8.5523E+28    2.9999E+29    1.0155E+30    2.8166E+30    3.8960E+30    2.2962E+30    5.6318E+29    5.2600E+28    4.9943E+28    1.5874E+29    4.9604E+29    1.4201E+30    3.2451E+30    4.1995E+30    2.0873E+30    4.1194E+29    4.3611E+28    1.1894E+29    2.7561E+29    5.2869E+29    7.5608E+29    7.8131E+29    5.7173E+29    3.4353E+29
   -3.0351E+01    1.0459E+02    1.6285E+02    6.8723E+07    9.7923E-01    3.2235E-01    8.5277E+28    2.9869E+29    1.0093E+30    2.7974E+30    3.8676E+30    2.2818E+30    5.5939E+29    5.2306E+28    4.9867E+28    1.5830E+29    4.9385E+29    1.4111E+30    3.2242E+30    4.1704E+30    2.0735E+30    4.0913E+29    4.3581E+28    1.1882E+29    2.7502E+29    5.2616E+29    7.5252E+29    7.7589E+29    5.6748E+29    3.4179E+29
   -3.6115E+01    1.0297E+02    1.6362E+02    6.7536E+07    9.7540E-01    3.2223E-01    8.4763E+28    2.9663E+29    1.0020E+30    2.7773E+30    3.8390E+30    2.2647E+30    5.5527E+29    5.1926E+28    4.9595E+28    1.5737E+29    4.9058E+29    1.4011E+30    3.2014E+30    4.1394E+30    2.0586E+30    4.0633E+29    4.3347E+28    1.1817E+29    2.7333E+29    5.2293E+29    7.4784E+29    7.7066E+29    5.6368E+29    3.3972E+29
   -4.1766E+01    1.0105E+02    1.6440E+02    6.6356E+07    9.7152E-01    3.2210E-01    8.3724E+28    2.9355E+29    9.9324E+29    2.7551E+30    3.8088E+30    2.2444E+30    5.5030E+29    5.1400E+28    4.8961E+28    1.5559E+29    4.8633E+29    1.3900E+30    3.1764E+30    4.1084E+30    2.0416E+30    4.0312E+29    4.2746E+28    1.1661E+29    2.7065E+29    5.1876E+29    7.4194E+29    7.6567E+29    5.6011E+29    3.3635E+29
   -4.7282E+01    9.8818E+01    1.6519E+02    6.5152E+07    9.6757E-01    3.2198E-01    8.3140E+28    2.9140E+29    9.8587E+29    2.7352E+30    3.7803E+30    2.2274E+30    5.4604E+29    5.0995E+28    4.8638E+28    1.5451E+29    4.8297E+29    1.3804E+30    3.1535E+30    4.0780E+30    2.0268E+30    4.0042E+29    4.2467E+28    1.1584E+29    2.6891E+29    5.1563E+29    7.3717E+29    7.6040E+29    5.5649E+29    3.3427E+29
   -5.2647E+01    9.6292E+01    1.6598E+02    6.3953E+07    9.6362E-01    3.2187E-01    8.2996E+28    2.9032E+29    9.7987E+29    2.7161E+30    3.7552E+30    2.2143E+30    5.4270E+29    5.0734E+28    4.8636E+28    1.5432E+29    4.8069E+29    1.3713E+30    3.1320E+30    4.0521E+30    2.0150E+30    3.9798E+29    4.2502E+28    1.1594E+29    2.6832E+29    5.1321E+29    7.3335E+29    7.5632E+29    5.5287E+29    3.3298E+29
   -5.7847E+01    9.3481E+01    1.6679E+02    6.2717E+07    9.5963E-01    3.2176E-01    8.2306E+28    2.8801E+29    9.7247E+29    2.6962E+30    3.7277E+30    2.1975E+30    5.3846E+29    5.0307E+28    4.8246E+28    1.5308E+29    4.7722E+29    1.3614E+30    3.1085E+30    4.0226E+30    2.0011E+30    3.9524E+29    4.2158E+28    1.1499E+29    2.6643E+29    5.0982E+29    7.2823E+29    7.5145E+29    5.4965E+29    3.3082E+29
   -6.2866E+01    9.0394E+01    1.6761E+02    6.1458E+07    9.5562E-01    3.2166E-01    8.1426E+28    2.8518E+29    9.6363E+29    2.6750E+30    3.7018E+30    2.1782E+30    5.3374E+29    4.9818E+28    4.7725E+28    1.5151E+29    4.7279E+29    1.3499E+30    3.0868E+30    3.9954E+30    1.9865E+30    3.9263E+29    4.1663E+28    1.1366E+29    2.6367E+29    5.0513E+29    7.2369E+29    7.4678E+29    5.4657E+29    3.2792E+29
   -6.7692E+01    8.7045E+01    1.6845E+02    6.0163E+07    9.5145E-01    3.2156E-01    8.0941E+28    2.8332E+29    9.5692E+29    2.6552E+30    3.6763E+30    2.1640E+30    5.3001E+29    4.9472E+28    4.7465E+28    1.5067E+29    4.6989E+29    1.3404E+30    3.0638E+30    3.9666E+30    1.9733E+30    3.9031E+29    4.1446E+28    1.1310E+29    2.6235E+29    5.0232E+29    7.1888E+29    7.4233E+29    5.4344E+29    3.2622E+29
   -7.2310E+01    8.3447E+01    1.6929E+02    5.8873E+07    9.4726E-01    3.2147E-01    8.0747E+28    2.8209E+29    9.5057E+29    2.6392E+30    3.6498E+30    2.1523E+30    5.2729E+29    4.9281E+28    4.7434E+28    1.5025E+29    4.6717E+29    1.3327E+30    3.0433E+30    3.9373E+30    1.9615E+30    3.8877E+29    4.1457E+28    1.1302E+29    2.6123E+29    5.0055E+29    7.1554E+29    7.3709E+29    5.3993E+29    3.2570E+29
   -7.6710E+01    7.9615E+01    1.7015E+02    5.7556E+07    9.4300E-01    3.2138E-01    8.0112E+28    2.8000E+29    9.4368E+29    2.6190E+30    3.6243E+30    2.1371E+30    5.2337E+29    4.8907E+28    4.7092E+28    1.4920E+29    4.6422E+29    1.3226E+30    3.0207E+30    3.9105E+30    1.9475E+30    3.8652E+29    4.1152E+28    1.1221E+29    2.5986E+29    4.9697E+29    7.1069E+29    7.3289E+29    5.3666E+29    3.2369E+29
   -8.0884E+01    7.5559E+01    1.7102E+02    5.6232E+07    9.3877E-01    3.2130E-01    7.9174E+28    2.7707E+29    9.3580E+29    2.5977E+30    3.5978E+30    2.1196E+30    5.1894E+29    4.8475E+28    4.6520E+28    1.4753E+29    4.6007E+29    1.3125E+30    2.9973E+30    3.8810E+30    1.9334E+30    3.8403E+29    4.0611E+28    1.1077E+29    2.5720E+29    4.9383E+29    7.0463E+29    7.2714E+29    5.3389E+29    3.2101E+29
   -8.4824E+01    7.1297E+01    1.7190E+02    5.4912E+07    9.3451E-01    3.2122E-01    7.8800E+28    2.7541E+29    9.2904E+29    2.5794E+30    3.5720E+30    2.1053E+30    5.1517E+29    4.8166E+28    4.6355E+28    1.4686E+29    4.5728E+29    1.3032E+30    2.9766E+30    3.8538E+30    1.9200E+30    3.8152E+29    4.0487E+28    1.1037E+29    2.5594E+29    4.9081E+29    7.0103E+29    7.2301E+29    5.3031E+29    3.1919E+29
   -8.8522E+01    6.6840E+01    1.7279E+02    5.3601E+07    9.3019E-01    3.2114E-01    7.8612E+28    2.7438E+29    9.2403E+29    2.5617E+30    3.5485E+30    2.0923E+30    5.1218E+29    4.7923E+28    4.6296E+28    1.4665E+29    4.5555E+29    1.2943E+30    2.9555E+30    3.8292E+30    1.9088E+30    3.7943E+29    4.0457E+28    1.1044E+29    2.5583E+29    4.8816E+29    6.9726E+29    7.1943E+29    5.2720E+29    3.1813E+29
   -9.1974E+01    6.2204E+01    1.7368E+02    5.2320E+07    9.2599E-01    3.2106E-01    7.7963E+28    2.7213E+29    9.1671E+29    2.5431E+30    3.5222E+30    2.0765E+30    5.0832E+29    4.7541E+28    4.5951E+28    1.4540E+29    4.5210E+29    1.2850E+30    2.9340E+30    3.8010E+30    1.8947E+30    3.7697E+29    4.0156E+28    1.0946E+29    2.5394E+29    4.8513E+29    6.9274E+29    7.1433E+29    5.2390E+29    3.1604E+29
   -9.5173E+01    5.7403E+01    1.7458E+02    5.1055E+07    9.2186E-01    3.2098E-01    7.7167E+28    2.6977E+29    9.0887E+29    2.5227E+30    3.4966E+30    2.0599E+30    5.0374E+29    4.7101E+28    4.5469E+28    1.4419E+29    4.4859E+29    1.2742E+30    2.9122E+30    3.7735E+30    1.8806E+30    3.7418E+29    3.9700E+28    1.0846E+29    2.5191E+29    4.8093E+29    6.8785E+29    7.0969E+29    5.2032E+29    3.1308E+29
   -9.8115E+01    5.2452E+01    1.7549E+02    4.9822E+07    9.1774E-01    3.2089E-01    7.6775E+28    2.6798E+29    9.0270E+29    2.5045E+30    3.4715E+30    2.0451E+30    5.0016E+29    4.6749E+28    4.5278E+28    1.4339E+29    4.4573E+29    1.2656E+30    2.8907E+30    3.7468E+30    1.8676E+30    3.7181E+29    3.9551E+28    1.0792E+29    2.5062E+29    4.7862E+29    6.8352E+29    7.0517E+29    5.1703E+29    3.1158E+29
   -1.0080E+02    4.7361E+01    1.7640E+02    4.8652E+07    9.1349E-01    3.2081E-01    7.6622E+28    2.6704E+29    8.9642E+29    2.4895E+30    3.4461E+30    2.0313E+30    4.9729E+29    4.6533E+28    4.5279E+28    1.4319E+29    4.4323E+29    1.2573E+30    2.8723E+30    3.7219E+30    1.8550E+30    3.6958E+29    3.9585E+28    1.0803E+29    2.4971E+29    4.7637E+29    6.8097E+29    7.0177E+29    5.1362E+29    3.0975E+29
   -1.0322E+02    4.2147E+01    1.7731E+02    4.7551E+07    9.0882E-01    3.2071E-01    7.6007E+28    2.6512E+29    8.9036E+29    2.4706E+30    3.4207E+30    2.0158E+30    4.9341E+29    4.6130E+28    4.4925E+28    1.4215E+29    4.4067E+29    1.2482E+30    2.8505E+30    3.6942E+30    1.8416E+30    3.6701E+29    3.9273E+28    1.0724E+29    2.4866E+29    4.7351E+29    6.7609E+29    6.9706E+29    5.1034E+29    3.0771E+29
   -1.0538E+02    3.6824E+01    1.7822E+02    4.6533E+07    9.0364E-01    3.2061E-01    7.5279E+28    2.6261E+29    8.8233E+29    2.4504E+30    3.3942E+30    2.0005E+30    4.8893E+29    4.5681E+28    4.4505E+28    1.4080E+29    4.3651E+29    1.2384E+30    2.8271E+30    3.6649E+30    1.8276E+30    3.6412E+29    3.8883E+28    1.0611E+29    2.4599E+29    4.6998E+29    6.7041E+29    6.9102E+29    5.0669E+29    3.0567E+29
   -1.0727E+02    3.1402E+01    1.7913E+02    4.5587E+07    8.9869E-01    3.2050E-01    7.4746E+28    2.6062E+29    8.7555E+29    2.4325E+30    3.3699E+30    1.9858E+30    4.8536E+29    4.5344E+28    4.4214E+28    1.3982E+29    4.3343E+29    1.2293E+30    2.8067E+30    3.6385E+30    1.8148E+30    3.6151E+29    3.8628E+28    1.0539E+29    2.4439E+29    4.6706E+29    6.6649E+29    6.8708E+29    5.0343E+29    3.0353E+29
   -1.0890E+02    2.5895E+01    1.8004E+02    4.4710E+07    8.9400E-01    3.2038E-01    7.4686E+28    2.5972E+29    8.7089E+29    2.4163E+30    3.3457E+30    1.9713E+30    4.8226E+29    4.5087E+28    4.4263E+28    1.3969E+29    4.3156E+29    1.2219E+30    2.7878E+30    3.6150E+30    1.8027E+30    3.5927E+29    3.8728E+28    1.0557E+29    2.4402E+29    4.6535E+29    6.6329E+29    6.8381E+29    5.0039E+29    3.0154E+29
   -1.1027E+02    2.0315E+01    1.8096E+02    4.3870E+07    8.8959E-01    3.2024E-01    7.4109E+28    2.5792E+29    8.6403E+29    2.3976E+30    3.3193E+30    1.9561E+30    4.7854E+29    4.4726E+28    4.3934E+28    1.3876E+29    4.2861E+29    1.2124E+30    2.7660E+30    3.5875E+30    1.7892E+30    3.5669E+29    3.8435E+28    1.0490E+29    2.4253E+29    4.6223E+29    6.5878E+29    6.7904E+29    4.9669E+29    2.9942E+29
   -1.1137E+02    1.4676E+01    1.8187E+02    4.3069E+07    8.8546E-01    3.2009E-01    7.3267E+28    2.5508E+29    8.5658E+29    2.3768E+30    3.2939E+30    1.9402E+30    4.7404E+29    4.4275E+28    4.3420E+28    1.3719E+29    4.2502E+29    1.2016E+30    2.7422E+30    3.5574E+30    1.7746E+30    3.5369E+29    3.7949E+28    1.0352E+29    2.4042E+29    4.5786E+29    6.5309E+29    6.7340E+29    4.9322E+29    2.9753E+29
   -1.1220E+02    8.9916E+00    1.8279E+02    4.2285E+07    8.8141E-01    3.1992E-01    7.2758E+28    2.5325E+29    8.5002E+29    2.3587E+30    3.2672E+30    1.9248E+30    4.7023E+29    4.3901E+28    4.3149E+28    1.3627E+29    4.2167E+29    1.1928E+30    2.7203E+30    3.5290E+30    1.7603E+30    3.5103E+29    3.7716E+28    1.0288E+29    2.3862E+29    4.5538E+29    6.4852E+29    6.6844E+29    4.8944E+29    2.9541E+29
   -1.1277E+02    3.2707E+00    1.8372E+02    4.1528E+07    8.7742E-01    3.1974E-01    7.2534E+28    2.5211E+29    8.4410E+29    2.3414E+30    3.2406E+30    1.9086E+30    4.6684E+29    4.3617E+28    4.3052E+28    1.3586E+29    4.1962E+29    1.1840E+30    2.7001E+30    3.5034E+30    1.7474E+30    3.4860E+29    3.7673E+28    1.0280E+29    2.3821E+29    4.5261E+29    6.4470E+29    6.6437E+29    4.8567E+29    2.9281E+29
   -1.1307E+02   -2.4707E+00    1.8465E+02    4.0796E+07    8.7354E-01    3.1955E-01    7.2081E+28    2.5033E+29    8.3773E+29    2.3225E+30    3.2142E+30    1.8930E+30    4.6296E+29    4.3269E+28    4.2802E+28    1.3503E+29    4.1659E+29    1.1746E+30    2.6774E+30    3.4746E+30    1.7331E+30    3.4597E+29    3.7465E+28    1.0224E+29    2.3674E+29    4.4956E+29    6.3981E+29    6.5933E+29    4.8203E+29    2.9062E+29
   -1.1311E+02   -8.2222E+00    1.8559E+02    4.0085E+07    8.6979E-01    3.1933E-01    7.1181E+28    2.4750E+29    8.2931E+29    2.3010E+30    3.1857E+30    1.8764E+30    4.5817E+29    4.2767E+28    4.2249E+28    1.3341E+29    4.1224E+29    1.1639E+30    2.6533E+30    3.4421E+30    1.7172E+30    3.4245E+29    3.6947E+28    1.0085E+29    2.3393E+29    4.4547E+29    6.3406E+29    6.5343E+29    4.7802E+29    2.8852E+29
   -1.1288E+02   -1.3970E+01    1.8654E+02    3.9389E+07    8.6614E-01    3.1910E-01    7.0569E+28    2.4534E+29    8.2214E+29    2.2807E+30    3.1579E+30    1.8596E+30    4.5389E+29    4.2359E+28    4.1893E+28    1.3227E+29    4.0886E+29    1.1535E+30    2.6297E+30    3.4123E+30    1.7014E+30    3.3935E+29    3.6632E+28    9.9980E+28    2.3213E+29    4.4160E+29    6.2879E+29    6.4799E+29    4.7409E+29    2.8631E+29
   -1.1239E+02   -1.9698E+01    1.8750E+02    3.8716E+07    8.6260E-01    3.1886E-01    7.0279E+28    2.4402E+29    8.1624E+29    2.2627E+30    3.1304E+30    1.8428E+30    4.5026E+29    4.2042E+28    4.1760E+28    1.3169E+29    4.0607E+29    1.1442E+30    2.6074E+30    3.3841E+30    1.6880E+30    3.3680E+29    3.6553E+28    9.9744E+28    2.3105E+29    4.3890E+29    6.2439E+29    6.4341E+29    4.7009E+29    2.8338E+29
   -1.1163E+02   -2.5394E+01    1.8848E+02    3.8042E+07    8.5904E-01    3.1860E-01    6.9880E+28    2.4233E+29    8.0919E+29    2.2423E+30    3.1027E+30    1.8255E+30    4.4614E+29    4.1688E+28    4.1547E+28    1.3091E+29    4.0286E+29    1.1343E+30    2.5839E+30    3.3541E+30    1.6726E+30    3.3391E+29    3.6392E+28    9.9292E+28    2.2950E+29    4.3558E+29    6.1928E+29    6.3811E+29    4.6633E+29    2.8091E+29
   -1.1061E+02   -3.1044E+01    1.8946E+02    3.7400E+07    8.5560E-01    3.1833E-01    6.8961E+28    2.3950E+29    8.0119E+29    2.2200E+30    3.0720E+30    1.8084E+30    4.4127E+29    4.1182E+28    4.0965E+28    1.2925E+29    3.9862E+29    1.1234E+30    2.5584E+30    3.3216E+30    1.6560E+30    3.3023E+29    3.5854E+28    9.7878E+28    2.2684E+29    4.3133E+29    6.1290E+29    6.3195E+29    4.6192E+29    2.7879E+29
   -1.0933E+02   -3.6632E+01    1.9047E+02    3.6747E+07    8.5213E-01    3.1805E-01    6.8211E+28    2.3708E+29    7.9321E+29    2.1980E+30    3.0421E+30    1.7901E+30    4.3676E+29    4.0755E+28    4.0496E+28    1.2788E+29    3.9457E+29    1.1124E+30    2.5338E+30    3.2884E+30    1.6393E+30    3.2702E+29    3.5424E+28    9.6782E+28    2.2442E+29    4.2729E+29    6.0706E+29    6.2589E+29    4.5760E+29    2.7649E+29
   -1.0780E+02   -4.2145E+01    1.9148E+02    3.6121E+07    8.4883E-01    3.1776E-01    6.7758E+28    2.3544E+29    7.8683E+29    2.1788E+30    3.0136E+30    1.7733E+30    4.3265E+29    4.0370E+28    4.0253E+28    1.2707E+29    3.9179E+29    1.1026E+30    2.5101E+30    3.2579E+30    1.6244E+30    3.2419E+29    3.5238E+28    9.6311E+28    2.2340E+29    4.2399E+29    6.0217E+29    6.2056E+29    4.5365E+29    2.7370E+29
   -1.0601E+02   -4.7568E+01    1.9252E+02    3.5481E+07    8.4550E-01    3.1746E-01    6.7445E+28    2.3390E+29    7.8026E+29    2.1589E+30    2.9844E+30    1.7553E+30    4.2875E+29    4.0053E+28    4.0068E+28    1.2642E+29    3.8867E+29    1.0926E+30    2.4866E+30    3.2266E+30    1.6093E+30    3.2130E+29    3.5128E+28    9.6056E+28    2.2203E+29    4.2060E+29    5.9702E+29    6.1501E+29    4.4961E+29    2.7096E+29
   -1.0398E+02   -5.2887E+01    1.9356E+02    3.4865E+07    8.4227E-01    3.1715E-01    6.6441E+28    2.3095E+29    7.7184E+29    2.1363E+30    2.9535E+30    1.7374E+30    4.2372E+29    3.9539E+28    3.9449E+28    1.2462E+29    3.8446E+29    1.0815E+30    2.4610E+30    3.1943E+30    1.5917E+30    3.1775E+29    3.4535E+28    9.4483E+28    2.1943E+29    4.1628E+29    5.9095E+29    6.0904E+29    4.4501E+29    2.6867E+29
   -1.0172E+02   -5.8087E+01    1.9463E+02    3.4249E+07    8.3902E-01    3.1683E-01    6.5626E+28    2.2825E+29    7.6346E+29    2.1139E+30    2.9220E+30    1.7185E+30    4.1899E+29    3.9088E+28    3.8933E+28    1.2314E+29    3.8028E+29    1.0700E+30    2.4355E+30    3.1603E+30    1.5749E+30    3.1424E+29    3.4071E+28    9.3264E+28    2.1692E+29    4.1175E+29    5.8472E+29    6.0270E+29    4.4026E+29    2.6616E+29
   -9.9216E+01   -6.3151E+01    1.9571E+02    3.3638E+07    8.3583E-01    3.1652E-01    6.5046E+28    2.2622E+29    7.5654E+29    2.0935E+30    2.8929E+30    1.7015E+30    4.1478E+29    3.8703E+28    3.8616E+28    1.2205E+29    3.7690E+29    1.0599E+30    2.4110E+30    3.1294E+30    1.5593E+30    3.1126E+29    3.3805E+28    9.2514E+28    2.1529E+29    4.0821E+29    5.7935E+29    5.9716E+29    4.3627E+29    2.6363E+29
   -9.6491E+01   -6.8067E+01    1.9682E+02    3.3033E+07    8.3271E-01    3.1620E-01    6.4691E+28    2.2461E+29    7.5020E+29    2.0742E+30    2.8654E+30    1.6842E+30    4.1093E+29    3.8363E+28    3.8406E+28    1.2130E+29    3.7398E+29    1.0501E+30    2.3875E+30    3.0984E+30    1.5445E+30    3.0825E+29    3.3669E+28    9.2142E+28    2.1419E+29    4.0514E+29    5.7443E+29    5.9173E+29    4.3260E+29    2.6058E+29
   -9.3551E+01   -7.2821E+01    1.9795E+02    3.2440E+07    8.2802E-01    3.1588E-01    6.3875E+28    2.2197E+29    7.4247E+29    2.0527E+30    2.8351E+30    1.6664E+30    4.0623E+29    3.7896E+28    3.7916E+28    1.1980E+29    3.6997E+29    1.0394E+30    2.3625E+30    3.0664E+30    1.5274E+30    3.0492E+29    3.3221E+28    9.0924E+28    2.1186E+29    4.0122E+29    5.6867E+29    5.8597E+29    4.2826E+29    2.5829E+29
   -9.0403E+01   -7.7402E+01    1.9909E+02    3.1872E+07    8.2298E-01    3.1557E-01    6.2951E+28    2.1894E+29    7.3410E+29    2.0299E+30    2.8037E+30    1.6480E+30    4.0150E+29    3.7439E+28    3.7341E+28    1.1808E+29    3.6538E+29    1.0281E+30    2.3372E+30    3.0331E+30    1.5112E+30    3.0173E+29    3.2681E+28    8.9439E+28    2.0887E+29    3.9688E+29    5.6246E+29    5.7962E+29    4.2336E+29    2.5596E+29
   -8.7061E+01   -8.1797E+01    2.0026E+02    3.1322E+07    8.1797E-01    3.1526E-01    6.2236E+28    2.1653E+29    7.2645E+29    2.0087E+30    2.7741E+30    1.6303E+30    3.9717E+29    3.7035E+28    3.6907E+28    1.1674E+29    3.6138E+29    1.0175E+30    2.3127E+30    3.0015E+30    1.4951E+30    2.9856E+29    3.2296E+28    8.8402E+28    2.0655E+29    3.9300E+29    5.5682E+29    5.7378E+29    4.1892E+29    2.5337E+29
   -8.3533E+01   -8.6001E+01    2.0145E+02    3.0782E+07    8.1317E-01    3.1496E-01    6.1781E+28    2.1474E+29    7.1993E+29    1.9896E+30    2.7471E+30    1.6140E+30    3.9312E+29    3.6677E+28    3.6661E+28    1.1586E+29    3.5815E+29    1.0078E+30    2.2900E+30    2.9721E+30    1.4802E+30    2.9538E+29    3.2111E+28    8.7876E+28    2.0505E+29    3.8993E+29    5.5201E+29    5.6867E+29    4.1542E+29    2.5082E+29
   -7.9834E+01   -9.0002E+01    2.0266E+02    3.0236E+07    8.0851E-01    3.1466E-01    6.1338E+28    2.1293E+29    7.1285E+29    1.9703E+30    2.7199E+30    1.5974E+30    3.8944E+29    3.6342E+28    3.6398E+28    1.1500E+29    3.5462E+29    9.9755E+29    2.2667E+30    2.9419E+30    1.4660E+30    2.9242E+29    3.1920E+28    8.7384E+28    2.0324E+29    3.8647E+29    5.4675E+29    5.6330E+29    4.1169E+29    2.4815E+29
   -7.5974E+01   -9.3795E+01    2.0389E+02    2.9675E+07    8.0388E-01    3.1437E-01    6.0335E+28    2.0985E+29    7.0419E+29    1.9481E+30    2.6898E+30    1.5799E+30    3.8475E+29    3.5884E+28    3.5801E+28    1.1317E+29    3.5010E+29    9.8642E+29    2.2418E+30    2.9100E+30    1.4493E+30    2.8923E+29    3.1343E+28    8.5759E+28    2.0024E+29    3.8189E+29    5.4074E+29    5.5708E+29    4.0697E+29    2.4593E+29
   -7.1966E+01   -9.7374E+01    2.0513E+02    2.9101E+07    7.9930E-01    3.1409E-01    5.9559E+28    2.0723E+29    6.9584E+29    1.9268E+30    2.6604E+30    1.5629E+30    3.8049E+29    3.5487E+28    3.5302E+28    1.1171E+29    3.4581E+29    9.7557E+29    2.2178E+30    2.8792E+30    1.4340E+30    2.8645E+29    3.0890E+28    8.4562E+28    1.9749E+29    3.7755E+29    5.3482E+29    5.5136E+29    4.0243E+29    2.4347E+29
   -6.7822E+01   -1.0074E+02    2.0640E+02    2.8499E+07    7.9445E-01    3.1382E-01    5.8995E+28    2.0515E+29    6.8858E+29    1.9070E+30    2.6338E+30    1.5468E+30    3.7668E+29    3.5137E+28    3.4968E+28    1.1062E+29    3.4222E+29    9.6550E+29    2.1950E+30    2.8501E+30    1.4193E+30    2.8341E+29    3.0610E+28    8.3787E+28    1.9554E+29    3.7387E+29    5.2967E+29    5.4583E+29    3.9868E+29    2.4107E+29
   -6.3553E+01   -1.0388E+02    2.0768E+02    2.7882E+07    7.8962E-01    3.1356E-01    5.8589E+28    2.0352E+29    6.8230E+29    1.8887E+30    2.6089E+30    1.5318E+30    3.7321E+29    3.4803E+28    3.4738E+28    1.0978E+29    3.3927E+29    9.5586E+29    2.1732E+30    2.8232E+30    1.4066E+30    2.8035E+29    3.0444E+28    8.3294E+28    1.9430E+29    3.7063E+29    5.2469E+29    5.4097E+29    3.9527E+29    2.3874E+29
   -5.9173E+01   -1.0681E+02    2.0897E+02    2.7259E+07    7.8488E-01    3.1330E-01    5.8007E+28    2.0143E+29    6.7494E+29    1.8689E+30    2.5822E+30    1.5162E+30    3.6948E+29    3.4469E+28    3.4388E+28    1.0867E+29    3.3559E+29    9.4569E+29    2.1505E+30    2.7943E+30    1.3923E+30    2.7747E+29    3.0142E+28    8.2482E+28    1.9218E+29    3.6677E+29    5.1925E+29    5.3545E+29    3.9134E+29    2.3626E+29
   -5.4691E+01   -1.0951E+02    2.1028E+02    2.6613E+07    7.8017E-01    3.1305E-01    5.7095E+28    1.9861E+29    6.6654E+29    1.8479E+30    2.5537E+30    1.4996E+30    3.6516E+29    3.4068E+28    3.3830E+28    1.0701E+29    3.3121E+29    9.3505E+29    2.1272E+30    2.7634E+30    1.3765E+30    2.7460E+29    2.9604E+28    8.1023E+28    1.8922E+29    3.6238E+29    5.1357E+29    5.2942E+29    3.8692E+29    2.3373E+29
   -5.0120E+01   -1.1200E+02    2.1161E+02    2.5963E+07    7.7540E-01    3.1280E-01    5.6378E+28    1.9616E+29    6.5872E+29    1.8278E+30    2.5254E+30    1.4835E+30    3.6137E+29    3.3706E+28    3.3387E+28    1.0565E+29    3.2724E+29    9.2478E+29    2.1043E+30    2.7344E+30    1.3617E+30    2.7195E+29    2.9205E+28    7.9915E+28    1.8673E+29    3.5833E+29    5.0804E+29    5.2384E+29    3.8249E+29    2.3119E+29
   -4.5465E+01   -1.1428E+02    2.1295E+02    2.5318E+07    7.7071E-01    3.1256E-01    5.5812E+28    1.9421E+29    6.5196E+29    1.8091E+30    2.5007E+30    1.4685E+30    3.5784E+29    3.3384E+28    3.3030E+28    1.0455E+29    3.2391E+29    9.1500E+29    2.0827E+30    2.7063E+30    1.3486E+30    2.6903E+29    2.8891E+28    7.9109E+28    1.8496E+29    3.5468E+29    5.0285E+29    5.1851E+29    3.7902E+29    2.2888E+29
   -4.0738E+01   -1.1634E+02    2.1430E+02    2.4676E+07    7.6626E-01    3.1232E-01    5.5426E+28    1.9264E+29    6.4592E+29    1.7911E+30    2.4766E+30    1.4549E+30    3.5456E+29    3.3075E+28    3.2784E+28    1.0378E+29    3.2102E+29    9.0579E+29    2.0614E+30    2.6808E+30    1.3363E+30    2.6618E+29    2.8710E+28    7.8673E+28    1.8368E+29    3.5145E+29    4.9783E+29    5.1329E+29    3.7539E+29    2.2673E+29
   -3.5947E+01   -1.1819E+02    2.1567E+02    2.4049E+07    7.6195E-01    3.1208E-01    5.4824E+28    1.9058E+29    6.3893E+29    1.7721E+30    2.4506E+30    1.4398E+30    3.5079E+29    3.2731E+28    3.2430E+28    1.0265E+29    3.1753E+29    8.9619E+29    2.0395E+30    2.6527E+30    1.3224E+30    2.6335E+29    2.8400E+28    7.7817E+28    1.8169E+29    3.4783E+29    4.9267E+29    5.0784E+29    3.7147E+29    2.2439E+29
   -3.1099E+01   -1.1983E+02    2.1705E+02    2.3449E+07    7.5720E-01    3.1184E-01    5.3954E+28    1.8788E+29    6.3088E+29    1.7523E+30    2.4234E+30    1.4234E+30    3.4692E+29    3.2358E+28    3.1901E+28    1.0110E+29    3.1334E+29    8.8583E+29    2.0177E+30    2.6230E+30    1.3079E+30    2.6070E+29    2.7894E+28    7.6459E+28    1.7886E+29    3.4338E+29    4.8716E+29    5.0239E+29    3.6738E+29    2.2174E+29
   -2.6202E+01   -1.2126E+02    2.1845E+02    2.2877E+07    7.5052E-01    3.1160E-01    5.3269E+28    1.8557E+29    6.2342E+29    1.7333E+30    2.3980E+30    1.4083E+30    3.4319E+29    3.2018E+28    3.1484E+28    9.9841E+28    3.0958E+29    8.7605E+29    1.9960E+30    2.5950E+30    1.2932E+30    2.5800E+29    2.7517E+28    7.5440E+28    1.7649E+29    3.3943E+29    4.8186E+29    4.9720E+29    3.6392E+29    2.1941E+29
   -2.1262E+01   -1.2249E+02    2.1987E+02    2.2343E+07    7.4446E-01    3.1135E-01    5.2698E+28    1.8357E+29    6.1667E+29    1.7149E+30    2.3721E+30    1.3932E+30    3.3973E+29    3.1686E+28    3.1135E+28    9.8734E+28    3.0619E+29    8.6645E+29    1.9747E+30    2.5677E+30    1.2804E+30    2.5528E+29    2.7207E+28    7.4611E+28    1.7461E+29    3.3567E+29    4.7670E+29    4.9178E+29    3.5977E+29    2.1701E+29
   -1.6291E+01   -1.2352E+02    2.2130E+02    2.1844E+07    7.3879E-01    3.1110E-01    5.2313E+28    1.8203E+29    6.1085E+29    1.6971E+30    2.3479E+30    1.3798E+30    3.3640E+29    3.1358E+28    3.0904E+28    9.7972E+28    3.0341E+29    8.5751E+29    1.9540E+30    2.5415E+30    1.2682E+30    2.5243E+29    2.7046E+28    7.4178E+28    1.7339E+29    3.3252E+29    4.7197E+29    4.8640E+29    3.5605E+29    2.1502E+29
   -1.1292E+01   -1.2435E+02    2.2276E+02    2.1350E+07    7.3319E-01    3.1084E-01    5.1757E+28    1.8009E+29    6.0411E+29    1.6788E+30    2.3228E+30    1.3652E+30    3.3300E+29    3.1051E+28    3.0561E+28    9.6927E+28    3.0009E+29    8.4790E+29    1.9328E+30    2.5141E+30    1.2550E+30    2.4983E+29    2.6748E+28    7.3414E+28    1.7155E+29    3.2879E+29    4.6685E+29    4.8105E+29    3.5228E+29    2.1269E+29
   -6.2738E+00   -1.2497E+02    2.2424E+02    2.0851E+07    7.2773E-01    3.1057E-01    5.0923E+28    1.7742E+29    5.9620E+29    1.6594E+30    2.2960E+30    1.3491E+30    3.2903E+29    3.0682E+28    3.0064E+28    9.5396E+28    2.9599E+29    8.3771E+29    1.9111E+30    2.4855E+30    1.2401E+30    2.4703E+29    2.6270E+28    7.2070E+28    1.6877E+29    3.2445E+29    4.6142E+29    4.7579E+29    3.4835E+29    2.1011E+29
   -1.2428E+00   -1.2539E+02    2.2574E+02    2.0347E+07    7.2240E-01    3.1030E-01    5.0183E+28    1.7505E+29    5.8879E+29    1.6406E+30    2.2706E+30    1.3331E+30    3.2545E+29    3.0356E+28    2.9607E+28    9.4059E+28    2.9219E+29    8.2787E+29    1.8896E+30    2.4582E+30    1.2259E+30    2.4433E+29    2.5843E+28    7.0956E+28    1.6635E+29    3.2042E+29    4.5606E+29    4.7044E+29    3.4473E+29    2.0767E+29
    3.7938E+00   -1.2562E+02    2.2726E+02    1.9841E+07    7.1703E-01    3.1003E-01    4.9634E+28    1.7309E+29    5.8209E+29    1.6224E+30    2.2452E+30    1.3187E+30    3.2183E+29    3.0055E+28    2.9280E+28    9.3000E+28    2.8885E+29    8.1834E+29    1.8686E+30    2.4307E+30    1.2127E+30    2.4168E+29    2.5561E+28    7.0168E+28    1.6447E+29    3.1674E+29    4.5102E+29    4.6520E+29    3.4093E+29    2.0546E+29
    8.8277E+00   -1.2566E+02    2.2880E+02    1.9335E+07    7.1165E-01    3.0974E-01    4.9198E+28    1.7142E+29    5.7598E+29    1.6045E+30    2.2205E+30    1.3048E+30    3.1848E+29    2.9743E+28    2.9010E+28    9.2106E+28    2.8588E+29    8.0910E+29    1.8479E+30    2.4041E+30    1.1998E+30    2.3905E+29    2.5349E+28    6.9587E+28    1.6303E+29    3.1338E+29    4.4606E+29    4.5986E+29    3.3698E+29    2.0336E+29
    1.3854E+01   -1.2551E+02    2.3035E+02    1.8829E+07    7.0649E-01    3.0944E-01    4.8700E+28    1.6975E+29    5.6974E+29    1.5864E+30    2.1956E+30    1.2905E+30    3.1516E+29    2.9439E+28    2.8713E+28    9.1214E+28    2.8280E+29    7.9980E+29    1.8273E+30    2.3771E+30    1.1869E+30    2.3638E+29    2.5105E+28    6.8996E+28    1.6145E+29    3.0992E+29    4.4113E+29    4.5482E+29    3.3324E+29    2.0101E+29
    1.8863E+01   -1.2517E+02    2.3191E+02    1.8327E+07    7.0144E-01    3.0913E-01    4.7951E+28    1.6722E+29    5.6217E+29    1.5678E+30    2.1697E+30    1.2748E+30    3.1112E+29    2.9100E+28    2.8271E+28    8.9812E+28    2.7889E+29    7.9005E+29    1.8061E+30    2.3496E+30    1.1725E+30    2.3357E+29    2.4687E+28    6.7790E+28    1.5885E+29    3.0583E+29    4.3587E+29    4.4931E+29    3.2946E+29    1.9875E+29
    2.3848E+01   -1.2465E+02    2.3350E+02    1.7824E+07    6.9634E-01    3.0880E-01    4.7219E+28    1.6481E+29    5.5474E+29    1.5488E+30    2.1437E+30    1.2588E+30    3.0736E+29    2.8757E+28    2.7826E+28    8.8465E+28    2.7511E+29    7.8027E+29    1.7847E+30    2.3215E+30    1.1588E+30    2.3072E+29    2.4271E+28    6.6654E+28    1.5641E+29    3.0179E+29    4.3045E+29    4.4398E+29    3.2569E+29    1.9612E+29
    3.3717E+01   -1.2304E+02    2.3671E+02    1.6831E+07    6.8722E-01    3.0813E-01    4.6186E+28    1.6115E+29    5.4206E+29    1.5136E+30    2.0951E+30    1.2304E+30    3.0043E+29    2.8129E+28    2.7216E+28    8.6501E+28    2.6881E+29    7.6195E+29    1.7442E+30    2.2690E+30    1.1323E+30    2.2545E+29    2.3754E+28    6.5241E+28    1.5297E+29    2.9481E+29    4.2078E+29    4.3384E+29    3.1837E+29    1.9184E+29
    4.3393E+01   -1.2072E+02    2.3998E+02    1.5870E+07    6.7834E-01    3.0742E-01    4.5117E+28    1.5736E+29    5.2927E+29    1.4784E+30    2.0458E+30    1.2016E+30    2.9344E+29    2.7497E+28    2.6572E+28    8.4452E+28    2.6244E+29    7.4364E+29    1.7037E+30    2.2162E+30    1.1061E+30    2.2018E+29    2.3204E+28    6.3725E+28    1.4941E+29    2.8773E+29    4.1090E+29    4.2362E+29    3.1091E+29    1.8736E+29
    5.2819E+01   -1.1770E+02    2.4332E+02    1.4952E+07    6.6927E-01    3.0667E-01    4.3748E+28    1.5294E+29    5.1530E+29    1.4419E+30    1.9961E+30    1.1726E+30    2.8608E+29    2.6856E+28    2.5764E+28    8.1970E+28    2.5537E+29    7.2498E+29    1.6623E+30    2.1625E+30    1.0795E+30    2.1483E+29    2.2456E+28    6.1665E+28    1.4492E+29    2.8003E+29    4.0078E+29    4.1336E+29    3.0334E+29    1.8302E+29
    6.1938E+01   -1.1401E+02    2.4673E+02    1.4080E+07    6.5996E-01    3.0588E-01    4.2904E+28    1.4972E+29    5.0372E+29    1.4092E+30    1.9486E+30    1.1445E+30    2.7957E+29    2.6239E+28    2.5255E+28    8.0284E+28    2.4962E+29    7.0772E+29    1.6239E+30    2.1126E+30    1.0546E+30    2.0973E+29    2.2052E+28    6.0556E+28    1.4201E+29    2.7372E+29    3.9153E+29    4.0363E+29    2.9615E+29    1.7852E+29
    7.0695E+01   -1.0969E+02    2.5020E+02    1.3257E+07    6.5043E-01    3.0506E-01    4.1697E+28    1.4570E+29    4.9073E+29    1.3746E+30    1.9009E+30    1.1165E+30    2.7260E+29    2.5607E+28    2.4536E+28    7.8066E+28    2.4310E+29    6.9001E+29    1.5847E+30    2.0612E+30    1.0289E+30    2.0465E+29    2.1397E+28    5.8771E+28    1.3804E+29    2.6660E+29    3.8196E+29    3.9387E+29    2.8889E+29    1.7428E+29
    7.9038E+01   -1.0477E+02    2.5373E+02    1.2481E+07    6.4090E-01    3.0422E-01    4.0535E+28    1.4177E+29    4.7803E+29    1.3402E+30    1.8546E+30    1.0894E+30    2.6568E+29    2.4991E+28    2.3844E+28    7.5911E+28    2.3672E+29    6.7269E+29    1.5463E+30    2.0106E+30    1.0035E+30    1.9957E+29    2.0772E+28    5.7050E+28    1.3415E+29    2.5962E+29    3.7261E+29    3.8413E+29    2.8188E+29    1.7038E+29
    8.6933E+01   -9.9307E+01    2.5733E+02    1.1756E+07    6.3134E-01    3.0335E-01    3.9717E+28    1.3882E+29    4.6730E+29    1.3093E+30    1.8108E+30    1.0622E+30    2.5965E+29    2.4381E+28    2.3343E+28    7.4322E+28    2.3139E+29    6.5634E+29    1.5093E+30    1.9647E+30    9.7965E+29    1.9479E+29    2.0372E+28    5.6016E+28    1.3154E+29    2.5368E+29    3.6369E+29    3.7501E+29    2.7536E+29    1.6581E+29
    9.4352E+01   -9.3350E+01    2.6098E+02    1.1081E+07    6.2165E-01    3.0245E-01    3.8588E+28    1.3496E+29    4.5490E+29    1.2766E+30    1.7645E+30    1.0366E+30    2.5296E+29    2.3794E+28    2.2676E+28    7.2209E+28    2.2517E+29    6.3978E+29    1.4727E+30    1.9156E+30    9.5516E+29    1.8997E+29    1.9763E+28    5.4297E+28    1.2766E+29    2.4698E+29    3.5485E+29    3.6578E+29    2.6825E+29    1.6219E+29
    1.0127E+02   -8.6949E+01    2.6467E+02    1.0446E+07    6.1290E-01    3.0152E-01    3.7542E+28    1.3142E+29    4.4331E+29    1.2461E+30    1.7198E+30    1.0112E+30    2.4693E+29    2.3196E+28    2.2058E+28    7.0278E+28    2.1936E+29    6.2378E+29    1.4372E+30    1.8683E+30    9.3157E+29    1.8544E+29    1.9210E+28    5.2781E+28    1.2420E+29    2.4064E+29    3.4617E+29    3.5713E+29    2.6152E+29    1.5832E+29
    1.0769E+02   -8.0145E+01    2.6840E+02    9.8231E+06    6.0448E-01    3.0055E-01    3.6767E+28    1.2864E+29    4.3332E+29    1.2154E+30    1.6815E+30    9.8764E+29    2.4050E+29    2.2640E+28    2.1584E+28    6.8777E+28    2.1442E+29    6.0864E+29    1.4017E+30    1.8246E+30    9.1091E+29    1.8059E+29    1.8831E+28    5.1789E+28    1.2177E+29    2.3508E+29    3.3780E+29    3.4819E+29    2.5567E+29    1.5437E+29
    1.1359E+02   -7.2981E+01    2.7219E+02    9.1975E+06    5.9623E-01    2.9955E-01    3.5751E+28    1.2511E+29    4.2189E+29    1.1866E+30    1.6387E+30    9.6142E+29    2.3470E+29    2.2113E+28    2.0987E+28    6.6875E+28    2.0870E+29    5.9331E+29    1.3680E+30    1.7793E+30    8.8706E+29    1.7634E+29    1.8288E+28    5.0253E+28    1.1821E+29    2.2891E+29    3.2946E+29    3.4000E+29    2.4929E+29    1.5067E+29
    1.1898E+02   -6.5494E+01    2.7602E+02    8.5872E+06    5.8838E-01    2.9851E-01    3.4808E+28    1.2187E+29    4.1122E+29    1.1573E+30    1.5989E+30    9.3713E+29    2.2871E+29    2.1575E+28    2.0432E+28    6.5133E+28    2.0340E+29    5.7856E+29    1.3343E+30    1.7383E+30    8.6452E+29    1.7206E+29    1.7794E+28    4.8893E+28    1.1509E+29    2.2311E+29    3.2126E+29    3.3198E+29    2.4331E+29    1.4709E+29
    1.2384E+02   -5.7724E+01    2.7991E+02    8.0119E+06    5.8102E-01    2.9743E-01    3.4076E+28    1.1927E+29    4.0195E+29    1.1298E+30    1.5584E+30    9.1561E+29    2.2351E+29    2.1019E+28    1.9989E+28    6.3726E+28    1.9880E+29    5.6458E+29    1.3025E+30    1.6925E+30    8.4428E+29    1.6777E+29    1.7436E+28    4.7961E+28    1.1283E+29    2.1810E+29    3.1371E+29    3.2358E+29    2.3716E+29    1.4361E+29
    1.2818E+02   -4.9704E+01    2.8386E+02    7.5097E+06    5.7342E-01    2.9632E-01    3.3178E+28    1.1610E+29    3.9148E+29    1.1013E+30    1.5207E+30    8.9186E+29    2.1769E+29    2.0506E+28    1.9463E+28    6.2030E+28    1.9362E+29    5.5035E+29    1.2696E+30    1.6533E+30    8.2270E+29    1.6365E+29    1.6965E+28    4.6620E+28    1.0969E+29    2.1243E+29    3.0580E+29    3.1585E+29    2.3150E+29    1.4007E+29
    1.3198E+02   -4.1461E+01    2.8788E+02    7.0887E+06    5.6299E-01    2.9518E-01    3.2276E+28    1.1305E+29    3.8146E+29    1.0735E+30    1.4831E+30    8.7063E+29    2.1226E+29    1.9970E+28    1.8942E+28    6.0397E+28    1.8867E+29    5.3674E+29    1.2365E+30    1.6118E+30    8.0321E+29    1.5969E+29    1.6498E+28    4.5329E+28    1.0675E+29    2.0708E+29    2.9798E+29    3.0821E+29    2.2613E+29    1.3687E+29
    1.3526E+02   -3.3032E+01    2.9197E+02    6.7302E+06    5.5438E-01    2.9400E-01    3.1597E+28    1.1055E+29    3.7255E+29    1.0486E+30    1.4458E+30    8.4760E+29    2.0666E+29    1.9478E+28    1.8530E+28    5.9077E+28    1.8425E+29    5.2340E+29    1.2068E+30    1.5732E+30    7.8248E+29    1.5546E+29    1.6163E+28    4.4449E+28    1.0450E+29    2.0223E+29    2.9084E+29    3.0105E+29    2.2030E+29    1.3329E+29
    1.3800E+02   -2.4458E+01    2.9611E+02    6.3812E+06    5.4613E-01    2.9280E-01    3.0812E+28    1.0781E+29    3.6327E+29    1.0223E+30    1.4101E+30    8.2637E+29    2.0146E+29    1.8979E+28    1.8072E+28    5.7619E+28    1.7970E+29    5.1038E+29    1.1763E+30    1.5347E+30    7.6315E+29    1.5165E+29    1.5763E+28    4.3345E+28    1.0192E+29    1.9725E+29    2.8359E+29    2.9375E+29    2.1515E+29    1.3007E+29
    1.4023E+02   -1.5779E+01    3.0031E+02    6.0349E+06    5.3833E-01    2.9156E-01    2.9959E+28    1.0490E+29    3.5378E+29    9.9668E+29    1.3736E+30    8.0528E+29    1.9643E+29    1.8531E+28    1.7588E+28    5.6082E+28    1.7510E+29    4.9759E+29    1.1480E+30    1.4942E+30    7.4367E+29    1.4803E+29    1.5320E+28    4.2104E+28    9.9139E+28    1.9219E+29    2.7692E+29    2.8651E+29    2.0994E+29    1.2708E+29
    1.4194E+02   -7.0159E+00    3.0457E+02    5.6963E+06    5.3082E-01    2.9030E-01    2.9304E+28    1.0250E+29    3.4527E+29    9.7192E+29    1.3399E+30    7.8513E+29    1.9142E+29    1.8046E+28    1.7197E+28    5.4823E+28    1.7094E+29    4.8534E+29    1.1186E+30    1.4583E+30    7.2547E+29    1.4428E+29    1.4996E+28    4.1231E+28    9.6956E+28    1.8774E+29    2.7006E+29    2.7962E+29    2.0488E+29    1.2389E+29
    1.4314E+02    1.7855E+00    3.0887E+02    5.3847E+06    5.2368E-01    2.8900E-01    2.8579E+28    1.0004E+29    3.3701E+29    9.4760E+29    1.3065E+30    7.6516E+29    1.8649E+29    1.7565E+28    1.6766E+28    5.3479E+28    1.6686E+29    4.7330E+29    1.0899E+30    1.4212E+30    7.0725E+29    1.4063E+29    1.4623E+28    4.0239E+28    9.4788E+28    1.8326E+29    2.6335E+29    2.7265E+29    1.9995E+29    1.2081E+29
    1.4384E+02    1.0591E+01    3.1323E+02    5.1093E+06    5.1474E-01    2.8768E-01    2.7846E+28    9.7432E+28    3.2817E+29    9.2386E+29    1.2733E+30    7.4586E+29    1.8174E+29    1.7140E+28    1.6360E+28    5.2151E+28    1.6265E+29    4.6148E+29    1.0629E+30    1.3864E+30    6.8947E+29    1.3723E+29    1.4254E+28    3.9186E+28    9.2256E+28    1.7862E+29    2.5693E+29    2.6630E+29    1.9504E+29    1.1804E+29
    1.4406E+02    1.9371E+01    3.1762E+02    4.8661E+06    5.0680E-01    2.8633E-01    2.7181E+28    9.5070E+28    3.2006E+29    9.0084E+29    1.2412E+30    7.2688E+29    1.7709E+29    1.6710E+28    1.5974E+28    5.0918E+28    1.5871E+29    4.5016E+29    1.0362E+30    1.3515E+30    6.7215E+29    1.3386E+29    1.3917E+28    3.8269E+28    9.0064E+28    1.7442E+29    2.5071E+29    2.5980E+29    1.9036E+29    1.1521E+29
    1.4380E+02    2.8098E+01    3.2207E+02    4.6313E+06    4.9943E-01    2.8495E-01    2.6548E+28    9.2858E+28    3.1246E+29    8.7835E+29    1.2101E+30    7.0802E+29    1.7250E+29    1.6235E+28    1.5595E+28    4.9733E+28    1.5496E+29    4.3887E+29    1.0111E+30    1.3170E+30    6.5517E+29    1.3038E+29    1.3600E+28    3.7436E+28    8.8112E+28    1.7024E+29    2.4478E+29    2.5325E+29    1.8591E+29    1.1227E+29
    1.4307E+02    3.6738E+01    3.2656E+02    4.3985E+06    4.9212E-01    2.8355E-01    2.5930E+28    9.0624E+28    3.0465E+29    8.5647E+29    1.1797E+30    6.9025E+29    1.6814E+29    1.5851E+28    1.5246E+28    4.8597E+28    1.5121E+29    4.2820E+29    9.8538E+29    1.2841E+30    6.3887E+29    1.2726E+29    1.3297E+28    3.6590E+28    8.5982E+28    1.6624E+29    2.3886E+29    2.4718E+29    1.8149E+29    1.0967E+29
    1.4189E+02    4.5271E+01    3.3111E+02    4.1708E+06    4.8523E-01    2.8212E-01    2.5248E+28    8.8243E+28    2.9689E+29    8.3503E+29    1.1500E+30    6.7287E+29    1.6383E+29    1.5457E+28    1.4871E+28    4.7387E+28    1.4752E+29    4.1777E+29    9.6068E+29    1.2525E+30    6.2278E+29    1.2428E+29    1.2954E+28    3.5617E+28    8.3792E+28    1.6224E+29    2.3317E+29    2.4158E+29    1.7711E+29    1.0720E+29
    1.4026E+02    5.3656E+01    3.3571E+02    3.9542E+06    4.7855E-01    2.8068E-01    2.4712E+28    8.6294E+28    2.8992E+29    8.1432E+29    1.1214E+30    6.5577E+29    1.5968E+29    1.5063E+28    1.4554E+28    4.6374E+28    1.4416E+29    4.0758E+29    9.3719E+29    1.2210E+30    6.0749E+29    1.2119E+29    1.2690E+28    3.4922E+28    8.2080E+28    1.5858E+29    2.2763E+29    2.3563E+29    1.7301E+29    1.0463E+29
    1.3821E+02    6.1875E+01    3.4037E+02    3.7598E+06    4.7025E-01    2.7922E-01    2.4095E+28    8.4187E+28    2.8296E+29    7.9445E+29    1.0929E+30    6.3863E+29    1.5544E+29    1.4640E+28    1.4202E+28    4.5273E+28    1.4080E+29    3.9769E+29    9.1367E+29    1.1899E+30    5.9203E+29    1.1805E+29    1.2377E+28    3.4084E+28    8.0254E+28    1.5495E+29    2.2214E+29    2.2974E+29    1.6877E+29    1.0198E+29
    1.3574E+02    6.9892E+01    3.4509E+02    3.5821E+06    4.6270E-01    2.7774E-01    2.3570E+28    8.2216E+28    2.7602E+29    7.7493E+29    1.0665E+30    6.2334E+29    1.5173E+29    1.4318E+28    1.3919E+28    4.4311E+28    1.3767E+29    3.8844E+29    8.9193E+29    1.1612E+30    5.7813E+29    1.1555E+29    1.2129E+28    3.3369E+28    7.8491E+28    1.5150E+29    2.1733E+29    2.2470E+29    1.6511E+29    9.9852E+28
    1.3288E+02    7.7694E+01    3.4988E+02    3.4084E+06    4.5558E-01    2.7625E-01    2.2984E+28    8.0211E+28    2.6940E+29    7.5631E+29    1.0409E+30    6.0821E+29    1.4799E+29    1.3971E+28    1.3597E+28    4.3301E+28    1.3457E+29    3.7980E+29    8.7092E+29    1.1330E+30    5.6447E+29    1.1313E+29    1.1837E+28    3.2580E+28    7.6751E+28    1.4856E+29    2.1270E+29    2.1967E+29    1.6171E+29    9.7723E+28
    1.2964E+02    8.5255E+01    3.5474E+02    3.2318E+06    4.4864E-01    2.7474E-01    2.2495E+28    7.8430E+28    2.6287E+29    7.3758E+29    1.0155E+30    5.9372E+29    1.4440E+29    1.3625E+28    1.3311E+28    4.2370E+28    1.3140E+29    3.7029E+29    8.4889E+29    1.1052E+30    5.5103E+29    1.1059E+29    1.1600E+28    3.1943E+28    7.5077E+28    1.4492E+29    2.0748E+29    2.1454E+29    1.5793E+29    9.5670E+28
    1.2605E+02    9.2564E+01    3.5967E+02    3.0555E+06    4.4185E-01    2.7321E-01    2.1927E+28    7.6495E+28    2.5666E+29    7.1960E+29    9.9018E+29    5.7880E+29    1.4063E+29    1.3268E+28    1.2977E+28    4.1333E+28    1.2835E+29    3.6154E+29    8.2817E+29    1.0783E+30    5.3731E+29    1.0786E+29    1.1306E+28    3.1153E+28    7.3428E+28    1.4181E+29    2.0278E+29    2.0959E+29    1.5416E+29    9.3497E+28
    1.2214E+02    9.9598E+01    3.6467E+02    2.8866E+06    4.3518E-01    2.7167E-01    2.1513E+28    7.4908E+28    2.5051E+29    7.0217E+29    9.6687E+29    5.6507E+29    1.3734E+29    1.2976E+28    1.2760E+28    4.0604E+28    1.2559E+29    3.5301E+29    8.0840E+29    1.0520E+30    5.2474E+29    1.0568E+29    1.1122E+28    3.0651E+28    7.1946E+28    1.3861E+29    1.9830E+29    2.0505E+29    1.5102E+29    9.1493E+28
    1.1792E+02    1.0636E+02    3.6975E+02    2.7349E+06    4.2709E-01    2.7012E-01    2.0992E+28    7.3078E+28    2.4464E+29    6.8539E+29    9.4317E+29    5.5120E+29    1.3397E+29    1.2666E+28    1.2476E+28    3.9679E+28    1.2282E+29    3.4494E+29    7.8898E+29    1.0265E+30    5.1223E+29    1.0332E+29    1.0867E+28    2.9930E+28    7.0439E+28    1.3579E+29    1.9407E+29    2.0052E+29    1.4758E+29    8.9461E+28
    1.1342E+02    1.1282E+02    3.7491E+02    2.5936E+06    4.1984E-01    2.6856E-01    2.0581E+28    7.1546E+28    2.3892E+29    6.6859E+29    9.1997E+29    5.3764E+29    1.3059E+29    1.2337E+28    1.2240E+28    3.8915E+28    1.2013E+29    3.3667E+29    7.6973E+29    1.0013E+30    4.9957E+29    1.0085E+29    1.0672E+28    2.9418E+28    6.9069E+28    1.3277E+29    1.8958E+29    1.9587E+29    1.4414E+29    8.7494E+28
    1.0866E+02    1.1899E+02    3.8016E+02    2.4528E+06    4.1286E-01    2.6697E-01    2.0104E+28    6.9808E+28    2.3328E+29    6.5226E+29    8.9696E+29    5.2382E+29    1.2713E+29    1.1999E+28    1.1975E+28    3.8001E+28    1.1734E+29    3.2870E+29    7.5121E+29    9.7645E+29    4.8701E+29    9.8274E+28    1.0441E+28    2.8729E+28    6.7545E+28    1.2991E+29    1.8533E+29    1.9122E+29    1.4067E+29    8.5391E+28
    1.0367E+02    1.2487E+02    3.8549E+02    2.3128E+06    4.0606E-01    2.6538E-01    1.9719E+28    6.8427E+28    2.2797E+29    6.3670E+29    8.7526E+29    5.1130E+29    1.2410E+29    1.1716E+28    1.1767E+28    3.7354E+28    1.1498E+29    3.2119E+29    7.3320E+29    9.5300E+29    4.7540E+29    9.6126E+28    1.0266E+28    2.8301E+28    6.6377E+28    1.2728E+29    1.8139E+29    1.8715E+29    1.3754E+29    8.3604E+28
    9.8472E+01    1.3047E+02    3.9088E+02    2.1756E+06    3.9965E-01    2.6377E-01    1.9333E+28    6.6962E+28    2.2275E+29    6.2183E+29    8.5446E+29    4.9919E+29    1.2113E+29    1.1447E+28    1.1564E+28    3.6674E+28    1.1258E+29    3.1403E+29    7.1605E+29    9.3060E+29    4.6415E+29    9.4025E+28    1.0090E+28    2.7811E+28    6.5087E+28    1.2479E+29    1.7778E+29    1.8330E+29    1.3453E+29    8.1835E+28
    9.3095E+01    1.3580E+02    3.9633E+02    2.0525E+06    3.9209E-01    2.6216E-01    1.8940E+28    6.5576E+28    2.1777E+29    6.0704E+29    8.3381E+29    4.8698E+29    1.1812E+29    1.1161E+28    1.1346E+28    3.5953E+28    1.1029E+29    3.0683E+29    6.9895E+29    9.0785E+29    4.5279E+29    9.1796E+28    9.9029E+27    2.7302E+28    6.3981E+28    1.2234E+29    1.7392E+29    1.7915E+29    1.3145E+29    8.0000E+28
    8.7552E+01    1.4086E+02    4.0184E+02    1.9426E+06    3.8492E-01    2.6054E-01    1.8533E+28    6.4149E+28    2.1282E+29    5.9237E+29    8.1312E+29    4.7450E+29    1.1502E+29    1.0853E+28    1.1110E+28    3.5218E+28    1.0785E+29    2.9963E+29    6.8174E+29    8.8526E+29    4.4137E+29    8.9493E+28    9.7049E+27    2.6795E+28    6.2730E+28    1.1976E+29    1.6992E+29    1.7492E+29    1.2834E+29    7.8080E+28
    8.1860E+01    1.4566E+02    4.0741E+02    1.8364E+06    3.7834E-01    2.5891E-01    1.8174E+28    6.2763E+28    2.0805E+29    5.7826E+29    7.9307E+29    4.6268E+29    1.1211E+29    1.0577E+28    1.0901E+28    3.4500E+28    1.0554E+29    2.9269E+29    6.6543E+29    8.6351E+29    4.3045E+29    8.7313E+28    9.5314E+27    2.6293E+28    6.1559E+28    1.1738E+29    1.6622E+29    1.7093E+29    1.2527E+29    7.6286E+28
    7.6035E+01    1.5019E+02    4.1303E+02    1.7311E+06    3.7191E-01    2.5727E-01    1.7848E+28    6.1521E+28    2.0344E+29    5.6473E+29    7.7424E+29    4.5177E+29    1.0947E+29    1.0333E+28    1.0714E+28    3.3883E+28    1.0337E+29    2.8613E+29    6.4983E+29    8.4304E+29    4.2028E+29    8.5346E+28    9.3810E+27    2.5886E+28    6.0484E+28    1.1505E+29    1.6277E+29    1.6721E+29    1.2255E+29    7.4669E+28
    7.0086E+01    1.5447E+02    4.1871E+02    1.6283E+06    3.6590E-01    2.5564E-01    1.7478E+28    6.0244E+28    1.9879E+29    5.5145E+29    7.5579E+29    4.4081E+29    1.0680E+29    1.0086E+28    1.0494E+28    3.3213E+28    1.0118E+29    2.7959E+29    6.3434E+29    8.2270E+29    4.1011E+29    8.3345E+28    9.1922E+27    2.5414E+28    5.9358E+28    1.1273E+29    1.5929E+29    1.6350E+29    1.1982E+29    7.3017E+28
    6.4028E+01    1.5848E+02    4.2446E+02    1.5329E+06    3.5929E-01    2.5399E-01    1.7060E+28    5.8910E+28    1.9430E+29    5.3815E+29    7.3690E+29    4.2960E+29    1.0406E+29    9.8276E+27    1.0237E+28    3.2426E+28    9.8894E+28    2.7300E+29    6.1886E+29    8.0239E+29    3.9981E+29    8.1241E+28    8.9743E+27    2.4848E+28    5.8189E+28    1.1039E+29    1.5563E+29    1.5963E+29    1.1685E+29    7.1224E+28
    5.7868E+01    1.6224E+02    4.3029E+02    1.4491E+06    3.5241E-01    2.5234E-01    1.6585E+28    5.7346E+28    1.8970E+29    5.2466E+29    7.1801E+29    4.1836E+29    1.0129E+29    9.5561E+27    9.9392E+27    3.1514E+28    9.6460E+28    2.6619E+29    6.0339E+29    7.8208E+29    3.8935E+29    7.9089E+28    8.7119E+27    2.4137E+28    5.6845E+28    1.0780E+29    1.5174E+29    1.5553E+29    1.1382E+29    6.9386E+28
    5.1617E+01    1.6572E+02    4.3622E+02    1.3675E+06    3.4604E-01    2.5068E-01    1.6154E+28    5.5862E+28    1.8497E+29    5.1152E+29    6.9984E+29    4.0765E+29    9.8674E+28    9.3126E+27    9.6773E+27    3.0688E+28    9.3983E+28    2.5957E+29    5.8827E+29    7.6222E+29    3.7938E+29    7.7074E+28    8.4821E+27    2.3500E+28    5.5382E+28    1.0523E+29    1.4799E+29    1.5162E+29    1.1097E+29    6.7663E+28
    4.5281E+01    1.6895E+02    4.4227E+02    1.2859E+06    3.3989E-01    2.4901E-01    1.5761E+28    5.4487E+28    1.8033E+29    4.9888E+29    6.8243E+29    3.9746E+29    9.6259E+28    9.0866E+27    9.4459E+27    2.9949E+28    9.1669E+28    2.5319E+29    5.7372E+29    7.4341E+29    3.6998E+29    7.5210E+28    8.2799E+27    2.2940E+28    5.4040E+28    1.0274E+29    1.4451E+29    1.4802E+29    1.0828E+29    6.5974E+28
    3.8887E+01    1.7194E+02    4.4838E+02    1.2063E+06    3.3404E-01    2.4734E-01    1.5376E+28    5.3115E+28    1.7572E+29    4.8645E+29    6.6532E+29    3.8740E+29    9.3841E+28    8.8620E+27    9.2244E+27    2.9229E+28    8.9380E+28    2.4696E+29    5.5956E+29    7.2490E+29    3.6073E+29    7.3350E+28    8.0836E+27    2.2382E+28    5.2670E+28    1.0032E+29    1.4107E+29    1.4450E+29    1.0563E+29    6.4333E+28
    3.2448E+01    1.7471E+02    4.5454E+02    1.1325E+06    3.2793E-01    2.4567E-01    1.4984E+28    5.1753E+28    1.7120E+29    4.7402E+29    6.4807E+29    3.7727E+29    9.1360E+28    8.6217E+27    8.9841E+27    2.8471E+28    8.7069E+28    2.4065E+29    5.4532E+29    7.0625E+29    3.5130E+29    7.1422E+28    7.8753E+27    2.1805E+28    5.1308E+28    9.7764E+28    1.3745E+29    1.4076E+29    1.0287E+29    6.2668E+28
    2.5972E+01    1.7727E+02    4.6075E+02    1.0664E+06    3.2163E-01    2.4400E-01    1.4567E+28    5.0367E+28    1.6674E+29    4.6172E+29    6.3097E+29    3.6706E+29    8.8821E+28    8.3702E+27    8.7240E+27    2.7668E+28    8.4724E+28    2.3438E+29    5.3124E+29    6.8770E+29    3.4182E+29    6.9438E+28    7.6469E+27    2.1183E+28    4.9906E+28    9.5204E+28    1.3380E+29    1.3696E+29    1.0014E+29    6.1009E+28
    1.9466E+01    1.7961E+02    4.6701E+02    1.0031E+06    3.1569E-01    2.4232E-01    1.4178E+28    4.9038E+28    1.6239E+29    4.4989E+29    6.1455E+29    3.5722E+29    8.6399E+28    8.1372E+27    8.4848E+27    2.6920E+28    8.2480E+28    2.2836E+29    5.1769E+29    6.6990E+29    3.3274E+29    6.7587E+28    7.4363E+27    2.0601E+28    4.8548E+28    9.2728E+28    1.3031E+29    1.3339E+29    9.7577E+28    5.9393E+28
    1.2944E+01    1.8174E+02    4.7332E+02    9.4123E+05    3.1010E-01    2.4065E-01    1.3825E+28    4.7812E+28    1.5830E+29    4.3862E+29    5.9887E+29    3.4808E+29    8.4177E+28    7.9252E+27    8.2752E+27    2.6253E+28    8.0422E+28    2.2264E+29    5.0480E+29    6.5308E+29    3.2427E+29    6.5839E+28    7.2526E+27    2.0092E+28    4.7342E+28    9.0397E+28    1.2710E+29    1.3005E+29    9.5073E+28    5.7895E+28
    6.4097E+00    1.8366E+02    4.7969E+02    8.8230E+05    3.0493E-01    2.3898E-01    1.3509E+28    4.6688E+28    1.5440E+29    4.2786E+29    5.8408E+29    3.3945E+29    8.2114E+28    7.7321E+27    8.0931E+27    2.5668E+28    7.8513E+28    2.1721E+29    4.9248E+29    6.3708E+29    3.1631E+29    6.4237E+28    7.0946E+27    1.9656E+28    4.6244E+28    8.8220E+28    1.2412E+29    1.2696E+29    9.2767E+28    5.6476E+28
   -1.2546E-01    1.8536E+02    4.8613E+02    8.2773E+05    2.9936E-01    2.3731E-01    1.3175E+28    4.5511E+28    1.5051E+29    4.1727E+29    5.6947E+29    3.3088E+29    8.0006E+28    7.5357E+27    7.8994E+27    2.5036E+28    7.6577E+28    2.1182E+29    4.8041E+29    6.2123E+29    3.0832E+29    6.2622E+28    6.9228E+27    1.9162E+28    4.5092E+28    8.6028E+28    1.2114E+29    1.2386E+29    9.0497E+28    5.5110E+28
   -6.6560E+00    1.8686E+02    4.9263E+02    7.7783E+05    2.9333E-01    2.3563E-01    1.2831E+28    4.4351E+28    1.4668E+29    4.0665E+29    5.5467E+29    3.2217E+29    7.7887E+28    7.3299E+27    7.6847E+27    2.4376E+28    7.4585E+28    2.0633E+29    4.6824E+29    6.0536E+29    3.0028E+29    6.0972E+28    6.7364E+27    1.8663E+28    4.3920E+28    8.3776E+28    1.1797E+29    1.2066E+29    8.8119E+28    5.3645E+28
   -1.3176E+01    1.8814E+02    4.9923E+02    7.3031E+05    2.8788E-01    2.3395E-01    1.2472E+28    4.3138E+28    1.4281E+29    3.9611E+29    5.3999E+29    3.1349E+29    7.5734E+28    7.1232E+27    7.4615E+27    2.3679E+28    7.2553E+28    2.0090E+29    4.5619E+29    5.8957E+29    2.9224E+29    5.9297E+28    6.5392E+27    1.8114E+28    4.2680E+28    8.1500E+28    1.1482E+29    1.1741E+29    8.5762E+28    5.2211E+28
