    8.6609E-01   -1.1927E+02    1.2549E+02    2.7707E+08    1.2657E+00    3.0625E-01    9.7386E+28    3.4612E+29    1.1869E+30    3.2178E+30    4.3699E+30    2.5553E+30    6.2431E+29    5.7751E+28    5.4101E+28    1.7404E+29    5.5666E+29    1.6294E+30    3.6832E+30    4.6491E+30    2.2672E+30    4.4179E+29    4.7465E+28    1.2797E+29    2.9092E+29    5.5147E+29    7.8883E+29    8.2052E+29    6.0645E+29    3.6616E+29
    6.7649E+00   -1.1925E+02    1.2599E+02    2.7315E+08    1.2617E+00    3.0633E-01    9.4027E+28    3.3391E+29    1.1445E+30    3.0995E+30    4.1996E+30    2.4562E+30    5.9934E+29    5.5357E+28    5.2158E+28    1.6777E+29    5.3638E+29    1.5681E+30    3.5421E+30    4.4695E+30    2.1771E+30    4.2423E+29    4.5800E+28    1.2342E+29    2.8047E+29    5.3050E+29    7.5891E+29    7.9045E+29    5.8257E+29    3.5376E+29
    1.2667E+01   -1.1894E+02    1.2650E+02    2.6924E+08    1.2576E+00    3.0641E-01    9.4043E+28    3.3303E+29    1.1381E+30    3.0791E+30    4.1723E+30    2.4388E+30    5.9573E+29    5.5011E+28    5.2203E+28    1.6766E+29    5.3377E+29    1.5583E+30    3.5210E+30    4.4452E+30    2.1633E+30    4.2270E+29    4.5944E+28    1.2382E+29    2.8002E+29    5.2827E+29    7.5482E+29    7.8590E+29    5.7832E+29    3.5068E+29
    1.8557E+01   -1.1834E+02    1.2701E+02    2.6540E+08    1.2536E+00    3.0650E-01    9.2714E+28    3.2938E+29    1.1292E+30    3.0575E+30    4.1455E+30    2.4216E+30    5.9054E+29    5.4356E+28    5.1409E+28    1.6542E+29    5.2943E+29    1.5474E+30    3.4962E+30    4.4135E+30    2.1491E+30    4.1861E+29    4.5130E+28    1.2166E+29    2.7705E+29    5.2401E+29    7.4946E+29    7.7976E+29    5.7520E+29    3.4878E+29
    2.4416E+01   -1.1745E+02    1.2754E+02    2.6149E+08    1.2493E+00    3.0658E-01    9.1650E+28    3.2575E+29    1.1177E+30    3.0318E+30    4.1111E+30    2.3997E+30    5.8469E+29    5.3855E+28    5.0831E+28    1.6364E+29    5.2405E+29    1.5330E+30    3.4662E+30    4.3727E+30    2.1306E+30    4.1486E+29    4.4584E+28    1.2016E+29    2.7363E+29    5.1881E+29    7.4291E+29    7.7243E+29    5.7164E+29    3.4580E+29
    3.0225E+01   -1.1628E+02    1.2808E+02    2.5759E+08    1.2450E+00    3.0665E-01    9.1078E+28    3.2361E+29    1.1096E+30    3.0075E+30    4.0774E+30    2.3816E+30    5.8016E+29    5.3433E+28    5.0565E+28    1.6270E+29    5.2058E+29    1.5219E+30    3.4390E+30    4.3421E+30    2.1148E+30    4.1159E+29    4.4359E+28    1.1957E+29    2.7232E+29    5.1590E+29    7.3865E+29    7.6802E+29    5.6671E+29    3.4414E+29
    3.5964E+01   -1.1482E+02    1.2862E+02    2.5374E+08    1.2406E+00    3.0673E-01    9.1384E+28    3.2363E+29    1.1062E+30    2.9948E+30    4.0604E+30    2.3724E+30    5.7868E+29    5.3360E+28    5.0806E+28    1.6307E+29    5.1966E+29    1.5157E+30    3.4261E+30    4.3266E+30    2.1079E+30    4.1141E+29    4.4691E+28    1.2037E+29    2.7308E+29    5.1527E+29    7.3624E+29    7.6589E+29    5.6435E+29    3.4207E+29
    4.1613E+01   -1.1309E+02    1.2918E+02    2.4983E+08    1.2362E+00    3.0681E-01    9.0001E+28    3.1952E+29    1.0944E+30    2.9645E+30    4.0213E+30    2.3473E+30    5.7152E+29    5.2570E+28    4.9997E+28    1.6079E+29    5.1404E+29    1.5001E+30    3.3919E+30    4.2837E+30    2.0868E+30    4.0643E+29    4.3899E+28    1.1838E+29    2.6979E+29    5.0972E+29    7.2947E+29    7.5795E+29    5.5929E+29    3.3901E+29
    4.7159E+01   -1.1109E+02    1.2975E+02    2.4592E+08    1.2317E+00    3.0688E-01    8.8782E+28    3.1596E+29    1.0837E+30    2.9411E+30    3.9890E+30    2.3282E+30    5.6642E+29    5.2149E+28    4.9289E+28    1.5885E+29    5.0904E+29    1.4880E+30    3.3638E+30    4.2463E+30    2.0695E+30    4.0278E+29    4.3186E+28    1.1662E+29    2.6642E+29    5.0564E+29    7.2362E+29    7.5208E+29    5.5554E+29    3.3672E+29
    5.2591E+01   -1.0882E+02    1.3032E+02    2.4207E+08    1.2272E+00    3.0696E-01    8.8395E+28    3.1434E+29    1.0777E+30    2.9248E+30    3.9676E+30    2.3161E+30    5.6277E+29    5.1875E+28    4.9152E+28    1.5816E+29    5.0654E+29    1.4803E+30    3.3470E+30    4.2288E+30    2.0605E+30    4.0078E+29    4.3078E+28    1.1616E+29    2.6531E+29    5.0333E+29    7.2106E+29    7.4941E+29    5.5294E+29    3.3558E+29
    5.7900E+01   -1.0630E+02    1.3091E+02    2.3816E+08    1.2225E+00    3.0704E-01    8.8237E+28    3.1281E+29    1.0699E+30    2.8994E+30    3.9332E+30    2.2968E+30    5.5902E+29    5.1543E+28    4.9115E+28    1.5778E+29    5.0343E+29    1.4671E+30    3.3185E+30    4.1926E+30    2.0440E+30    3.9877E+29    4.3142E+28    1.1631E+29    2.6492E+29    5.0012E+29    7.1571E+29    7.4347E+29    5.4792E+29    3.3216E+29
    6.3071E+01   -1.0353E+02    1.3150E+02    2.3432E+08    1.2178E+00    3.0711E-01    8.7691E+28    3.1105E+29    1.0637E+30    2.8817E+30    3.9107E+30    2.2823E+30    5.5548E+29    5.1092E+28    4.8825E+28    1.5693E+29    5.0073E+29    1.4583E+30    3.2981E+30    4.1663E+30    2.0313E+30    3.9565E+29    4.2884E+28    1.1574E+29    2.6389E+29    4.9790E+29    7.1194E+29    7.3879E+29    5.4520E+29    3.3011E+29
    6.8097E+01   -1.0052E+02    1.3210E+02    2.3047E+08    1.2130E+00    3.0718E-01    8.6367E+28    3.0707E+29    1.0522E+30    2.8561E+30    3.8773E+30    2.2621E+30    5.4939E+29    5.0586E+28    4.8074E+28    1.5477E+29    4.9528E+29    1.4454E+30    3.2696E+30    4.1310E+30    2.0142E+30    3.9166E+29    4.2117E+28    1.1376E+29    2.6002E+29    4.9298E+29    7.0595E+29    7.3318E+29    5.4125E+29    3.2790E+29
    7.2966E+01   -9.7276E+01    1.3271E+02    2.2663E+08    1.2082E+00    3.0724E-01    8.5545E+28    3.0438E+29    1.0430E+30    2.8328E+30    3.8462E+30    2.2444E+30    5.4464E+29    5.0192E+28    4.7613E+28    1.5339E+29    4.9118E+29    1.4337E+30    3.2444E+30    4.1010E+30    1.9996E+30    3.8862E+29    4.1679E+28    1.1265E+29    2.5776E+29    4.8910E+29    7.0116E+29    7.2859E+29    5.3690E+29    3.2569E+29
    7.7663E+01   -9.3812E+01    1.3332E+02    2.2284E+08    1.2037E+00    3.0731E-01    8.5411E+28    3.0340E+29    1.0379E+30    2.8166E+30    3.8225E+30    2.2311E+30    5.4202E+29    4.9907E+28    4.7620E+28    1.5318E+29    4.8930E+29    1.4254E+30    3.2256E+30    4.0771E+30    1.9887E+30    3.8757E+29    4.1741E+28    1.1277E+29    2.5765E+29    4.8749E+29    6.9821E+29    7.2452E+29    5.3417E+29    3.2351E+29
    8.2183E+01   -9.0132E+01    1.3394E+02    2.1905E+08    1.1993E+00    3.0737E-01    8.5263E+28    3.0232E+29    1.0316E+30    2.7965E+30    3.7978E+30    2.2156E+30    5.3912E+29    4.9635E+28    4.7573E+28    1.5295E+29    4.8683E+29    1.4154E+30    3.2012E+30    4.0485E+30    1.9759E+30    3.8478E+29    4.1781E+28    1.1301E+29    2.5733E+29    4.8561E+29    6.9370E+29    7.1969E+29    5.3106E+29    3.2136E+29
    8.6517E+01   -8.6250E+01    1.3456E+02    2.1529E+08    1.1953E+00    3.0743E-01    8.3984E+28    2.9865E+29    1.0222E+30    2.7747E+30    3.7687E+30    2.1986E+30    5.3388E+29    4.9132E+28    4.6864E+28    1.5083E+29    4.8218E+29    1.4041E+30    3.1783E+30    4.0183E+30    1.9612E+30    3.8143E+29    4.1041E+28    1.1096E+29    2.5408E+29    4.8086E+29    6.8921E+29    7.1525E+29    5.2760E+29    3.1949E+29
    9.0652E+01   -8.2178E+01    1.3519E+02    2.1153E+08    1.1913E+00    3.0749E-01    8.3108E+28    2.9574E+29    1.0122E+30    2.7505E+30    3.7356E+30    2.1811E+30    5.2908E+29    4.8685E+28    4.6419E+28    1.4944E+29    4.7779E+29    1.3917E+30    3.1543E+30    3.9869E+30    1.9467E+30    3.7821E+29    4.0607E+28    1.0980E+29    2.5142E+29    4.7648E+29    6.8394E+29    7.0971E+29    5.2317E+29    3.1759E+29
    9.4587E+01   -7.7922E+01    1.3581E+02    2.0790E+08    1.1874E+00    3.0754E-01    8.2896E+28    2.9467E+29    1.0079E+30    2.7374E+30    3.7181E+30    2.1706E+30    5.2706E+29    4.8500E+28    4.6361E+28    1.4916E+29    4.7617E+29    1.3856E+30    3.1375E+30    3.9684E+30    1.9373E+30    3.7718E+29    4.0566E+28    1.0970E+29    2.5106E+29    4.7545E+29    6.8172E+29    7.0721E+29    5.2129E+29    3.1586E+29
    9.8316E+01   -7.3491E+01    1.3644E+02    2.0430E+08    1.1835E+00    3.0758E-01    8.2859E+28    2.9361E+29    1.0019E+30    2.7186E+30    3.6936E+30    2.1544E+30    5.2362E+29    4.8128E+28    4.6404E+28    1.4897E+29    4.7392E+29    1.3759E+30    3.1128E+30    3.9389E+30    1.9247E+30    3.7446E+29    4.0696E+28    1.0999E+29    2.5102E+29    4.7352E+29    6.7733E+29    7.0222E+29    5.1880E+29    3.1345E+29
    1.0183E+02   -6.8899E+01    1.3707E+02    2.0078E+08    1.1795E+00    3.0762E-01    8.2069E+28    2.9117E+29    9.9424E+29    2.6985E+30    3.6661E+30    2.1393E+30    5.1931E+29    4.7661E+28    4.5958E+28    1.4769E+29    4.7064E+29    1.3659E+30    3.0913E+30    3.9111E+30    1.9117E+30    3.7156E+29    4.0255E+28    1.0889E+29    2.4923E+29    4.7034E+29    6.7370E+29    6.9813E+29    5.1512E+29    3.1146E+29
    1.0513E+02   -6.4157E+01    1.3770E+02    1.9735E+08    1.1755E+00    3.0764E-01    8.0927E+28    2.8768E+29    9.8444E+29    2.6750E+30    3.6340E+30    2.1217E+30    5.1443E+29    4.7292E+28    4.5331E+28    1.4591E+29    4.6616E+29    1.3548E+30    3.0689E+30    3.8819E+30    1.8971E+30    3.6844E+29    3.9613E+28    1.0723E+29    2.4608E+29    4.6629E+29    6.6846E+29    6.9332E+29    5.1075E+29    3.0926E+29
    1.0820E+02   -5.9284E+01    1.3832E+02    1.9407E+08    1.1716E+00    3.0766E-01    8.0427E+28    2.8592E+29    9.7824E+29    2.6590E+30    3.6134E+30    2.1089E+30    5.1149E+29    4.6984E+28    4.5070E+28    1.4510E+29    4.6360E+29    1.3471E+30    3.0505E+30    3.8586E+30    1.8856E+30    3.6683E+29    3.9367E+28    1.0660E+29    2.4472E+29    4.6399E+29    6.6499E+29    6.8953E+29    5.0853E+29    3.0791E+29
    1.1105E+02   -5.4282E+01    1.3894E+02    1.9089E+08    1.1677E+00    3.0765E-01    8.0283E+28    2.8476E+29    9.7252E+29    2.6414E+30    3.5894E+30    2.0942E+30    5.0852E+29    4.6684E+28    4.5049E+28    1.4474E+29    4.6147E+29    1.3378E+30    3.0282E+30    3.8308E+30    1.8739E+30    3.6479E+29    3.9415E+28    1.0665E+29    2.4460E+29    4.6197E+29    6.6174E+29    6.8525E+29    5.0600E+29    3.0588E+29
    1.1367E+02   -4.9163E+01    1.3956E+02    1.8781E+08    1.1639E+00    3.0764E-01    7.9926E+28    2.8337E+29    9.6643E+29    2.6224E+30    3.5630E+30    2.0793E+30    5.0496E+29    4.6289E+28    4.4868E+28    1.4416E+29    4.5901E+29    1.3286E+30    3.0055E+30    3.8043E+30    1.8618E+30    3.6197E+29    3.9308E+28    1.0648E+29    2.4408E+29    4.5990E+29    6.5798E+29    6.8156E+29    5.0276E+29    3.0323E+29
    1.1606E+02   -4.3943E+01    1.4019E+02    1.8476E+08    1.1600E+00    3.0761E-01    7.8647E+28    2.7926E+29    9.5431E+29    2.5935E+30    3.5239E+30    2.0563E+30    4.9885E+29    4.5749E+28    4.4160E+28    1.4200E+29    4.5317E+29    1.3147E+30    2.9765E+30    3.7660E+30    1.8412E+30    3.5794E+29    3.8594E+28    1.0451E+29    2.4012E+29    4.5468E+29    6.5136E+29    6.7456E+29    4.9703E+29    3.0075E+29
    1.1822E+02   -3.8628E+01    1.4080E+02    1.8192E+08    1.1562E+00    3.0756E-01    7.8000E+28    2.7722E+29    9.4769E+29    2.5773E+30    3.5036E+30    2.0449E+30    4.9544E+29    4.5450E+28    4.3773E+28    1.4093E+29    4.5014E+29    1.3068E+30    2.9580E+30    3.7444E+30    1.8313E+30    3.5622E+29    3.8220E+28    1.0356E+29    2.3816E+29    4.5178E+29    6.4755E+29    6.7143E+29    4.9513E+29    2.9966E+29
    1.2014E+02   -3.3233E+01    1.4142E+02    1.7910E+08    1.1524E+00    3.0750E-01    7.7473E+28    2.7503E+29    9.3970E+29    2.5547E+30    3.4717E+30    2.0254E+30    4.9137E+29    4.5025E+28    4.3537E+28    1.3998E+29    4.4661E+29    1.2949E+30    2.9308E+30    3.7097E+30    1.8153E+30    3.5354E+29    3.8027E+28    1.0300E+29    2.3681E+29    4.4847E+29    6.4262E+29    6.6618E+29    4.9128E+29    2.9710E+29
    1.2182E+02   -2.7768E+01    1.4204E+02    1.7638E+08    1.1485E+00    3.0743E-01    7.7437E+28    2.7411E+29    9.3379E+29    2.5352E+30    3.4461E+30    2.0094E+30    4.8803E+29    4.4695E+28    4.3553E+28    1.3986E+29    4.4434E+29    1.2855E+30    2.9083E+30    3.6830E+30    1.8034E+30    3.5073E+29    3.8143E+28    1.0337E+29    2.3662E+29    4.4654E+29    6.3884E+29    6.6230E+29    4.8841E+29    2.9451E+29
    1.2326E+02   -2.2245E+01    1.4266E+02    1.7374E+08    1.1448E+00    3.0735E-01    7.6558E+28    2.7122E+29    9.2505E+29    2.5117E+30    3.4157E+30    1.9918E+30    4.8340E+29    4.4254E+28    4.3027E+28    1.3824E+29    4.4010E+29    1.2738E+30    2.8827E+30    3.6513E+30    1.7881E+30    3.4773E+29    3.7649E+28    1.0201E+29    2.3417E+29    4.4248E+29    6.3326E+29    6.5624E+29    4.8417E+29    2.9262E+29
    1.2447E+02   -1.6674E+01    1.4327E+02    1.7126E+08    1.1411E+00    3.0723E-01    7.5468E+28    2.6792E+29    9.1501E+29    2.4884E+30    3.3836E+30    1.9738E+30    4.7809E+29    4.3742E+28    4.2413E+28    1.3646E+29    4.3532E+29    1.2621E+30    2.8555E+30    3.6157E+30    1.7715E+30    3.4490E+29    3.7028E+28    1.0039E+29    2.3090E+29    4.3770E+29    6.2713E+29    6.5059E+29    4.8031E+29    2.9064E+29
    1.2543E+02   -1.1073E+01    1.4389E+02    1.6879E+08    1.1374E+00    3.0712E-01    7.4714E+28    2.6534E+29    9.0613E+29    2.4654E+30    3.3519E+30    1.9555E+30    4.7372E+29    4.3349E+28    4.2018E+28    1.3522E+29    4.3137E+29    1.2506E+30    2.8288E+30    3.5807E+30    1.7550E+30    3.4218E+29    3.6666E+28    9.9434E+28    2.2883E+29    4.3412E+29    6.2195E+29    6.4508E+29    4.7642E+29    2.8826E+29
    1.2616E+02   -5.4456E+00    1.4451E+02    1.6640E+08    1.1337E+00    3.0698E-01    7.4342E+28    2.6346E+29    8.9851E+29    2.4408E+30    3.3209E+30    1.9361E+30    4.6955E+29    4.2936E+28    4.1843E+28    1.3442E+29    4.2788E+29    1.2382E+30    2.8005E+30    3.5466E+30    1.7389E+30    3.3923E+29    3.6572E+28    9.9099E+28    2.2759E+29    4.3057E+29    6.1638E+29    6.3922E+29    4.7261E+29    2.8549E+29
    1.2664E+02    1.9185E-01    1.4513E+02    1.6406E+08    1.1300E+00    3.0683E-01    7.4095E+28    2.6245E+29    8.9311E+29    2.4219E+30    3.2958E+30    1.9218E+30    4.6612E+29    4.2561E+28    4.1729E+28    1.3397E+29    4.2576E+29    1.2289E+30    2.7796E+30    3.5227E+30    1.7270E+30    3.3633E+29    3.6538E+28    9.9068E+28    2.2736E+29    4.2822E+29    6.1183E+29    6.3459E+29    4.6893E+29    2.8365E+29
    1.2688E+02    5.8282E+00    1.4576E+02    1.6175E+08    1.1262E+00    3.0668E-01    7.2984E+28    2.5867E+29    8.8204E+29    2.3952E+30    3.2580E+30    1.9007E+30    4.6074E+29    4.2111E+28    4.1080E+28    1.3199E+29    4.2028E+29    1.2156E+30    2.7488E+30    3.4807E+30    1.7071E+30    3.3322E+29    3.5900E+28    9.7320E+28    2.2379E+29    4.2324E+29    6.0542E+29    6.2766E+29    4.6388E+29    2.8079E+29
    1.2688E+02    1.1453E+01    1.4640E+02    1.5944E+08    1.1224E+00    3.0652E-01    7.1899E+28    2.5525E+29    8.7156E+29    2.3696E+30    3.2221E+30    1.8813E+30    4.5546E+29    4.1673E+28    4.0462E+28    1.3025E+29    4.1545E+29    1.2025E+30    2.7198E+30    3.4431E+30    1.6881E+30    3.3031E+29    3.5299E+28    9.5788E+28    2.2074E+29    4.1839E+29    5.9936E+29    6.2160E+29    4.5913E+29    2.7866E+29
    1.2665E+02    1.7055E+01    1.4704E+02    1.5722E+08    1.1187E+00    3.0634E-01    7.1263E+28    2.5287E+29    8.6307E+29    2.3462E+30    3.1915E+30    1.8620E+30    4.5105E+29    4.1256E+28    4.0123E+28    1.2907E+29    4.1146E+29    1.1906E+30    2.6927E+30    3.4090E+30    1.6715E+30    3.2755E+29    3.5009E+28    9.4957E+28    2.1867E+29    4.1442E+29    5.9370E+29    6.1602E+29    4.5546E+29    2.7635E+29
    1.2618E+02    2.2624E+01    1.4769E+02    1.5499E+08    1.1149E+00    3.0616E-01    7.1109E+28    2.5159E+29    8.5660E+29    2.3254E+30    3.1621E+30    1.8450E+30    4.4738E+29    4.0897E+28    4.0086E+28    1.2867E+29    4.0876E+29    1.1803E+30    2.6683E+30    3.3789E+30    1.6581E+30    3.2432E+29    3.5067E+28    9.5057E+28    2.1822E+29    4.1188E+29    5.8876E+29    6.1016E+29    4.5143E+29    2.7347E+29
    1.2547E+02    2.8146E+01    1.4835E+02    1.5274E+08    1.1110E+00    3.0599E-01    7.0542E+28    2.4974E+29    8.4962E+29    2.3042E+30    3.1326E+30    1.8289E+30    4.4346E+29    4.0488E+28    3.9760E+28    1.2777E+29    4.0567E+29    1.1696E+30    2.6439E+30    3.3477E+30    1.6435E+30    3.2132E+29    3.4793E+28    9.4508E+28    2.1709E+29    4.0854E+29    5.8385E+29    6.0434E+29    4.4719E+29    2.7127E+29
    1.2454E+02    3.3612E+01    1.4902E+02    1.5051E+08    1.1071E+00    3.0580E-01    6.9399E+28    2.4592E+29    8.3827E+29    2.2761E+30    3.0944E+30    1.8059E+30    4.3737E+29    4.0014E+28    3.9133E+28    1.2573E+29    4.0010E+29    1.1556E+30    2.6125E+30    3.3073E+30    1.6227E+30    3.1763E+29    3.4177E+28    9.2686E+28    2.1334E+29    4.0343E+29    5.7694E+29    5.9811E+29    4.4193E+29    2.6838E+29
    1.2330E+02    3.9349E+01    1.4974E+02    1.4815E+08    1.1028E+00    3.0561E-01    6.8483E+28    2.4283E+29    8.2822E+29    2.2523E+30    3.0625E+30    1.7870E+30    4.3267E+29    3.9618E+28    3.8624E+28    1.2415E+29    3.9530E+29    1.1434E+30    2.5837E+30    3.2715E+30    1.6049E+30    3.1477E+29    3.3694E+28    9.1358E+28    2.1034E+29    3.9903E+29    5.7072E+29    5.9262E+29    4.3812E+29    2.6619E+29
    1.2181E+02    4.4999E+01    1.5048E+02    1.4577E+08    1.0985E+00    3.0542E-01    6.7837E+28    2.4039E+29    8.1935E+29    2.2263E+30    3.0265E+30    1.7662E+30    4.2792E+29    3.9157E+28    3.8283E+28    1.2302E+29    3.9131E+29    1.1303E+30    2.5552E+30    3.2347E+30    1.5876E+30    3.1137E+29    3.3408E+28    9.0637E+28    2.0861E+29    3.9495E+29    5.6490E+29    5.8603E+29    4.3328E+29    2.6306E+29
    1.2008E+02    5.0551E+01    1.5123E+02    1.4341E+08    1.0943E+00    3.0523E-01    6.7623E+28    2.3901E+29    8.1287E+29    2.2031E+30    2.9950E+30    1.7488E+30    4.2417E+29    3.8795E+28    3.8169E+28    1.2248E+29    3.8855E+29    1.1191E+30    2.5286E+30    3.2033E+30    1.5726E+30    3.0825E+29    3.3396E+28    9.0605E+28    2.0815E+29    3.9199E+29    5.5975E+29    5.8023E+29    4.2865E+29    2.6053E+29
    1.1811E+02    5.5994E+01    1.5200E+02    1.4101E+08    1.0901E+00    3.0505E-01    6.6829E+28    2.3623E+29    8.0353E+29    2.1780E+30    2.9618E+30    1.7289E+30    4.1902E+29    3.8316E+28    3.7721E+28    1.2107E+29    3.8405E+29    1.1065E+30    2.4994E+30    3.1671E+30    1.5550E+30    3.0472E+29    3.3000E+28    8.9560E+28    2.0572E+29    3.8793E+29    5.5352E+29    5.7415E+29    4.2390E+29    2.5747E+29
    1.1591E+02    6.1319E+01    1.5278E+02    1.3863E+08    1.0860E+00    3.0487E-01    6.5772E+28    2.3298E+29    7.9366E+29    2.1561E+30    2.9299E+30    1.7113E+30    4.1457E+29    3.7922E+28    3.7160E+28    1.1940E+29    3.7957E+29    1.0949E+30    2.4741E+30    3.1330E+30    1.5382E+30    3.0224E+29    3.2425E+28    8.8017E+28    2.0282E+29    3.8360E+29    5.4844E+29    5.6839E+29    4.2005E+29    2.5581E+29
    1.1349E+02    6.6517E+01    1.5357E+02    1.3625E+08    1.0818E+00    3.0469E-01    6.5043E+28    2.3037E+29    7.8516E+29    2.1341E+30    2.9002E+30    1.6935E+30    4.1047E+29    3.7548E+28    3.6763E+28    1.1811E+29    3.7563E+29    1.0838E+30    2.4494E+30    3.1010E+30    1.5227E+30    2.9972E+29    3.2065E+28    8.7000E+28    2.0059E+29    3.7973E+29    5.4365E+29    5.6389E+29    4.1652E+29    2.5353E+29
    1.1085E+02    7.1583E+01    1.5438E+02    1.3382E+08    1.0775E+00    3.0452E-01    6.4613E+28    2.2848E+29    7.7741E+29    2.1109E+30    2.8692E+30    1.6755E+30    4.0635E+29    3.7171E+28    3.6572E+28    1.1730E+29    3.7214E+29    1.0727E+30    2.4223E+30    3.0698E+30    1.5078E+30    2.9636E+29    3.1933E+28    8.6597E+28    1.9923E+29    3.7682E+29    5.3808E+29    5.5794E+29    4.1214E+29    2.5048E+29
    1.0801E+02    7.6506E+01    1.5519E+02    1.3144E+08    1.0734E+00    3.0435E-01    6.4345E+28    2.2751E+29    7.7241E+29    2.0934E+30    2.8440E+30    1.6616E+30    4.0308E+29    3.6812E+28    3.6418E+28    1.1687E+29    3.7021E+29    1.0638E+30    2.4005E+30    3.0425E+30    1.4960E+30    2.9372E+29    3.1853E+28    8.6573E+28    1.9922E+29    3.7477E+29    5.3411E+29    5.5299E+29    4.0839E+29    2.4839E+29
    1.0496E+02    8.1281E+01    1.5602E+02    1.2901E+08    1.0691E+00    3.0419E-01    6.3660E+28    2.2487E+29    7.6402E+29    2.0717E+30    2.8145E+30    1.6447E+30    3.9866E+29    3.6418E+28    3.6062E+28    1.1561E+29    3.6622E+29    1.0529E+30    2.3761E+30    3.0112E+30    1.4802E+30    2.9085E+29    3.1535E+28    8.5594E+28    1.9690E+29    3.7117E+29    5.2908E+29    5.4778E+29    4.0446E+29    2.4618E+29
    1.0173E+02    8.5903E+01    1.5685E+02    1.2661E+08    1.0649E+00    3.0403E-01    6.2744E+28    2.2195E+29    7.5511E+29    2.0510E+30    2.7873E+30    1.6278E+30    3.9477E+29    3.6118E+28    3.5584E+28    1.1414E+29    3.6211E+29    1.0428E+30    2.3532E+30    2.9829E+30    1.4651E+30    2.8856E+29    3.1041E+28    8.4238E+28    1.9408E+29    3.6754E+29    5.2414E+29    5.4417E+29    4.0159E+29    2.4431E+29
    9.8308E+01    9.0368E+01    1.5769E+02    1.2420E+08    1.0606E+00    3.0387E-01    6.2181E+28    2.1995E+29    7.4828E+29    2.0328E+30    2.7633E+30    1.6133E+30    3.9133E+29    3.5821E+28    3.5288E+28    1.1323E+29    3.5909E+29    1.0339E+30    2.3331E+30    2.9582E+30    1.4534E+30    2.8636E+29    3.0780E+28    8.3554E+28    1.9251E+29    3.6481E+29    5.2053E+29    5.4012E+29    3.9886E+29    2.4231E+29
    9.4715E+01    9.4670E+01    1.5854E+02    1.2179E+08    1.0563E+00    3.0372E-01    6.1835E+28    2.1831E+29    7.4168E+29    2.0123E+30    2.7345E+30    1.5978E+30    3.8770E+29    3.5485E+28    3.5118E+28    1.1250E+29    3.5605E+29    1.0237E+30    2.3092E+30    2.9285E+30    1.4397E+30    2.8352E+29    3.0671E+28    8.3208E+28    1.9145E+29    3.6209E+29    5.1594E+29    5.3463E+29    3.9440E+29    2.4012E+29
    9.0956E+01    9.8805E+01    1.5939E+02    1.1943E+08    1.0521E+00    3.0356E-01    6.1566E+28    2.1738E+29    7.3709E+29    1.9966E+30    2.7121E+30    1.5854E+30    3.8475E+29    3.5162E+28    3.4962E+28    1.1207E+29    3.5419E+29    1.0159E+30    2.2889E+30    2.9043E+30    1.4286E+30    2.8099E+29    3.0582E+28    8.3145E+28    1.9132E+29    3.6030E+29    5.1219E+29    5.3056E+29    3.9099E+29    2.3790E+29
    8.7041E+01    1.0277E+02    1.6025E+02    1.1708E+08    1.0479E+00    3.0341E-01    6.0894E+28    2.1481E+29    7.2888E+29    1.9759E+30    2.6840E+30    1.5683E+30    3.8029E+29    3.4792E+28    3.4589E+28    1.1079E+29    3.5010E+29    1.0051E+30    2.2655E+30    2.8735E+30    1.4131E+30    2.7837E+29    3.0254E+28    8.2161E+28    1.8892E+29    3.5668E+29    5.0746E+29    5.2547E+29    3.8754E+29    2.3607E+29
    8.2978E+01    1.0656E+02    1.6111E+02    1.1477E+08    1.0437E+00    3.0325E-01    6.0056E+28    2.1221E+29    7.2128E+29    1.9579E+30    2.6602E+30    1.5539E+30    3.7708E+29    3.4525E+28    3.4142E+28    1.0945E+29    3.4653E+29    9.9616E+29    2.2460E+30    2.8498E+30    1.4004E+30    2.7644E+29    2.9796E+28    8.0917E+28    1.8654E+29    3.5356E+29    5.0338E+29    5.2213E+29    3.8491E+29    2.3437E+29
    7.8775E+01    1.1017E+02    1.6198E+02    1.1247E+08    1.0394E+00    3.0309E-01    5.9415E+28    2.1001E+29    7.1401E+29    1.9378E+30    2.6325E+30    1.5381E+30    3.7339E+29    3.4223E+28    3.3792E+28    1.0836E+29    3.4321E+29    9.8656E+29    2.2229E+30    2.8214E+30    1.3867E+30    2.7389E+29    2.9490E+28    8.0089E+28    1.8481E+29    3.5063E+29    4.9890E+29    5.1705E+29    3.8125E+29    2.3200E+29
    7.4441E+01    1.1361E+02    1.6285E+02    1.1023E+08    1.0352E+00    3.0291E-01    5.9029E+28    2.0846E+29    7.0792E+29    1.9194E+30    2.6072E+30    1.5241E+30    3.6982E+29    3.3931E+28    3.3587E+28    1.0756E+29    3.4026E+29    9.7706E+29    2.2010E+30    2.7936E+30    1.3739E+30    2.7124E+29    2.9344E+28    7.9665E+28    1.8369E+29    3.4806E+29    4.9476E+29    5.1244E+29    3.7740E+29    2.3006E+29
    6.9984E+01    1.1686E+02    1.6373E+02    1.0800E+08    1.0310E+00    3.0274E-01    5.8563E+28    2.0691E+29    7.0223E+29    1.9012E+30    2.5829E+30    1.5095E+30    3.6615E+29    3.3566E+28    3.3309E+28    1.0670E+29    3.3753E+29    9.6762E+29    2.1791E+30    2.7659E+30    1.3609E+30    2.6838E+29    2.9138E+28    7.9221E+28    1.8289E+29    3.4560E+29    4.9029E+29    5.0770E+29    3.7387E+29    2.2788E+29
    6.5413E+01    1.1993E+02    1.6462E+02    1.0579E+08    1.0268E+00    3.0256E-01    5.7835E+28    2.0428E+29    6.9416E+29    1.8796E+30    2.5530E+30    1.4912E+30    3.6172E+29    3.3167E+28    3.2889E+28    1.0535E+29    3.3344E+29    9.5694E+29    2.1541E+30    2.7344E+30    1.3447E+30    2.6531E+29    2.8776E+28    7.8197E+28    1.8061E+29    3.4226E+29    4.8509E+29    5.0244E+29    3.6995E+29    2.2540E+29
    6.0737E+01    1.2280E+02    1.6551E+02    1.0362E+08    1.0226E+00    3.0238E-01    5.7088E+28    2.0173E+29    6.8679E+29    1.8629E+30    2.5295E+30    1.4778E+30    3.5862E+29    3.2931E+28    3.2472E+28    1.0404E+29    3.2977E+29    9.4882E+29    2.1357E+30    2.7115E+30    1.3334E+30    2.6350E+29    2.8353E+28    7.6995E+28    1.7803E+29    3.3924E+29    4.8153E+29    4.9869E+29    3.6724E+29    2.2378E+29
    5.5966E+01    1.2549E+02    1.6640E+02    1.0151E+08    1.0184E+00    3.0219E-01    5.6332E+28    1.9923E+29    6.7879E+29    1.8424E+30    2.5024E+30    1.4631E+30    3.5484E+29    3.2601E+28    3.2041E+28    1.0275E+29    3.2590E+29    9.3853E+29    2.1123E+30    2.6825E+30    1.3199E+30    2.6097E+29    2.7958E+28    7.5948E+28    1.7574E+29    3.3555E+29    4.7682E+29    4.9383E+29    3.6364E+29    2.2185E+29
    5.1109E+01    1.2798E+02    1.6730E+02    9.9435E+07    1.0142E+00    3.0200E-01    5.5842E+28    1.9729E+29    6.7168E+29    1.8241E+30    2.4767E+30    1.4478E+30    3.5122E+29    3.2295E+28    3.1772E+28    1.0179E+29    3.2253E+29    9.2896E+29    2.0909E+30    2.6554E+30    1.3065E+30    2.5830E+29    2.7741E+28    7.5327E+28    1.7414E+29    3.3283E+29    4.7275E+29    4.8909E+29    3.5992E+29    2.1978E+29
    4.6172E+01    1.3028E+02    1.6821E+02    9.7387E+07    1.0101E+00    3.0180E-01    5.5382E+28    1.9559E+29    6.6481E+29    1.8042E+30    2.4496E+30    1.4308E+30    3.4744E+29    3.1892E+28    3.1491E+28    1.0089E+29    3.1923E+29    9.1840E+29    2.0672E+30    2.6256E+30    1.2915E+30    2.5498E+29    2.7555E+28    7.4900E+28    1.7291E+29    3.2978E+29    4.6754E+29    4.8403E+29    3.5603E+29    2.1710E+29
    4.1164E+01    1.3239E+02    1.6912E+02    9.5412E+07    1.0060E+00    3.0159E-01    5.4690E+28    1.9334E+29    6.5765E+29    1.7854E+30    2.4232E+30    1.4153E+30    3.4358E+29    3.1510E+28    3.1079E+28    9.9632E+28    3.1572E+29    9.0845E+29    2.0447E+30    2.5981E+30    1.2775E+30    2.5222E+29    2.7179E+28    7.3918E+28    1.7106E+29    3.2637E+29    4.6255E+29    4.7889E+29    3.5232E+29    2.1475E+29
    3.6094E+01    1.3429E+02    1.7004E+02    9.3489E+07    1.0018E+00    3.0139E-01    5.4012E+28    1.9084E+29    6.4943E+29    1.7661E+30    2.3984E+30    1.4012E+30    3.4002E+29    3.1281E+28    3.0702E+28    9.8374E+28    3.1176E+29    8.9860E+29    2.0241E+30    2.5716E+30    1.2653E+30    2.5000E+29    2.6828E+28    7.2853E+28    1.6843E+29    3.2256E+29    4.5829E+29    4.7456E+29    3.4923E+29    2.1296E+29
    3.0970E+01    1.3601E+02    1.7097E+02    9.1668E+07    9.9730E-01    3.0117E-01    5.3090E+28    1.8776E+29    6.3955E+29    1.7407E+30    2.3650E+30    1.3828E+30    3.3532E+29    3.0881E+28    3.0203E+28    9.6831E+28    3.0702E+29    8.8606E+29    1.9959E+30    2.5368E+30    1.2483E+30    2.4703E+29    2.6355E+28    7.1576E+28    1.6549E+29    3.1778E+29    4.5238E+29    4.6844E+29    3.4473E+29    2.1069E+29
    2.5801E+01    1.3752E+02    1.7190E+02    8.9948E+07    9.9254E-01    3.0095E-01    5.2636E+28    1.8613E+29    6.3393E+29    1.7257E+30    2.3454E+30    1.3712E+30    3.3253E+29    3.0641E+28    2.9946E+28    9.5993E+28    3.0437E+29    8.7827E+29    1.9789E+30    2.5153E+30    1.2376E+30    2.4487E+29    2.6127E+28    7.0965E+28    1.6416E+29    3.1521E+29    4.4868E+29    4.6483E+29    3.4186E+29    2.0906E+29
    2.0593E+01    1.3884E+02    1.7284E+02    8.8289E+07    9.8795E-01    3.0072E-01    5.2209E+28    1.8432E+29    6.2677E+29    1.7052E+30    2.3168E+30    1.3537E+30    3.2847E+29    3.0258E+28    2.9686E+28    9.5076E+28    3.0091E+29    8.6715E+29    1.9538E+30    2.4844E+30    1.2226E+30    2.4156E+29    2.5962E+28    7.0501E+28    1.6276E+29    3.1171E+29    4.4300E+29    4.5908E+29    3.3777E+29    2.0617E+29
    1.5356E+01    1.3996E+02    1.7379E+02    8.6667E+07    9.8339E-01    3.0049E-01    5.1532E+28    1.8223E+29    6.1997E+29    1.6855E+30    2.2900E+30    1.3380E+30    3.2464E+29    2.9841E+28    2.9270E+28    9.3866E+28    2.9761E+29    8.5679E+29    1.9307E+30    2.4562E+30    1.2090E+30    2.3857E+29    2.5594E+28    6.9624E+28    1.6125E+29    3.0815E+29    4.3760E+29    4.5365E+29    3.3380E+29    2.0360E+29
    1.0100E+01    1.4088E+02    1.7474E+02    8.5080E+07    9.7893E-01    3.0026E-01    5.1012E+28    1.8022E+29    6.1295E+29    1.6679E+30    2.2669E+30    1.3245E+30    3.2125E+29    2.9603E+28    2.8978E+28    9.2893E+28    2.9417E+29    8.4795E+29    1.9112E+30    2.4315E+30    1.1967E+30    2.3642E+29    2.5343E+28    6.8886E+28    1.5912E+29    3.0489E+29    4.3338E+29    4.4929E+29    3.3074E+29    2.0175E+29
    4.8292E+00    1.4161E+02    1.7571E+02    8.3484E+07    9.7451E-01    3.0002E-01    5.0064E+28    1.7704E+29    6.0301E+29    1.6425E+30    2.2346E+30    1.3055E+30    3.1692E+29    2.9206E+28    2.8464E+28    9.1260E+28    2.8943E+29    8.3551E+29    1.8838E+30    2.3969E+30    1.1790E+30    2.3343E+29    2.4843E+28    6.7479E+28    1.5612E+29    3.0004E+29    4.2722E+29    4.4295E+29    3.2611E+29    1.9940E+29
   -4.4748E-01    1.4214E+02    1.7668E+02    8.1907E+07    9.7020E-01    2.9979E-01    4.9541E+28    1.7521E+29    5.9696E+29    1.6262E+30    2.2147E+30    1.2937E+30    3.1429E+29    2.8960E+28    2.8175E+28    9.0367E+28    2.8659E+29    8.2751E+29    1.8658E+30    2.3742E+30    1.1682E+30    2.3143E+29    2.4583E+28    6.6779E+28    1.5453E+29    2.9724E+29    4.2333E+29    4.3941E+29    3.2326E+29    1.9811E+29
   -5.7230E+00    1.4248E+02    1.7766E+02    8.0332E+07    9.6592E-01    2.9954E-01    4.9052E+28    1.7329E+29    5.8987E+29    1.6072E+30    2.1862E+30    1.2773E+30    3.1022E+29    2.8635E+28    2.7896E+28    8.9388E+28    2.8319E+29    8.1725E+29    1.8429E+30    2.3455E+30    1.1540E+30    2.2838E+29    2.4361E+28    6.6152E+28    1.5290E+29    2.9375E+29    4.1816E+29    4.3363E+29    3.1921E+29    1.9522E+29
   -1.0987E+01    1.4263E+02    1.7864E+02    7.8781E+07    9.6164E-01    2.9930E-01    4.8635E+28    1.7189E+29    5.8434E+29    1.5908E+30    2.1622E+30    1.2644E+30    3.0682E+29    2.8328E+28    2.7625E+28    8.8596E+28    2.8050E+29    8.0846E+29    1.8227E+30    2.3202E+30    1.1427E+30    2.2569E+29    2.4163E+28    6.5727E+28    1.5183E+29    2.9087E+29    4.1358E+29    4.2885E+29    3.1578E+29    1.9281E+29
   -1.6231E+01    1.4259E+02    1.7964E+02    7.7198E+07    9.5728E-01    2.9905E-01    4.7876E+28    1.6934E+29    5.7628E+29    1.5684E+30    2.1321E+30    1.2467E+30    3.0238E+29    2.7895E+28    2.7182E+28    8.7197E+28    2.7657E+29    7.9703E+29    1.7974E+30    2.2886E+30    1.1266E+30    2.2234E+29    2.3763E+28    6.4646E+28    1.4976E+29    2.8672E+29    4.0781E+29    4.2269E+29    3.1133E+29    1.9004E+29
   -2.1453E+01    1.4236E+02    1.8065E+02    7.5618E+07    9.5299E-01    2.9880E-01    4.7330E+28    1.6720E+29    5.6875E+29    1.5495E+30    2.1079E+30    1.2318E+30    2.9926E+29    2.7645E+28    2.6893E+28    8.6185E+28    2.7299E+29    7.8766E+29    1.7769E+30    2.2621E+30    1.1133E+30    2.2024E+29    2.3512E+28    6.3865E+28    1.4756E+29    2.8322E+29    4.0321E+29    4.1789E+29    3.0785E+29    1.8798E+29
   -2.6642E+01    1.4194E+02    1.8166E+02    7.4058E+07    9.4883E-01    2.9855E-01    4.6690E+28    1.6514E+29    5.6253E+29    1.5341E+30    2.0888E+30    1.2203E+30    2.9642E+29    2.7412E+28    2.6549E+28    8.5138E+28    2.7005E+29    7.7998E+29    1.7601E+30    2.2402E+30    1.1029E+30    2.1835E+29    2.3165E+28    6.2927E+28    1.4565E+29    2.8021E+29    3.9944E+29    4.1436E+29    3.0520E+29    1.8685E+29
   -3.1795E+01    1.4134E+02    1.8269E+02    7.2487E+07    9.4458E-01    2.9831E-01    4.6033E+28    1.6281E+29    5.5447E+29    1.5132E+30    2.0593E+30    1.2038E+30    2.9227E+29    2.7086E+28    2.6188E+28    8.3979E+28    2.6623E+29    7.6901E+29    1.7358E+30    2.2095E+30    1.0884E+30    2.1537E+29    2.2853E+28    6.2074E+28    1.4357E+29    2.7629E+29    3.9410E+29    4.0882E+29    3.0102E+29    1.8426E+29
   -3.6905E+01    1.4056E+02    1.8372E+02    7.0924E+07    9.4034E-01    2.9806E-01    4.5754E+28    1.6154E+29    5.4947E+29    1.4983E+30    2.0386E+30    1.1918E+30    2.8951E+29    2.6816E+28    2.6014E+28    8.3330E+28    2.6385E+29    7.6132E+29    1.7184E+30    2.1877E+30    1.0774E+30    2.1321E+29    2.2734E+28    6.1725E+28    1.4262E+29    2.7385E+29    3.9030E+29    4.0452E+29    2.9799E+29    1.8213E+29
   -4.1965E+01    1.3961E+02    1.8476E+02    6.9366E+07    9.3612E-01    2.9781E-01    4.5154E+28    1.5967E+29    5.4305E+29    1.4789E+30    2.0124E+30    1.1755E+30    2.8602E+29    2.6355E+28    2.5641E+28    8.2246E+28    2.6072E+29    7.5146E+29    1.6958E+30    2.1610E+30    1.0628E+30    2.1029E+29    2.2425E+28    6.0999E+28    1.4123E+29    2.7049E+29    3.8505E+29    3.9905E+29    2.9412E+29    1.7934E+29
   -4.6968E+01    1.3848E+02    1.8582E+02    6.7790E+07    9.3195E-01    2.9757E-01    4.4516E+28    1.5747E+29    5.3590E+29    1.4597E+30    1.9881E+30    1.1602E+30    2.8237E+29    2.5995E+28    2.5275E+28    8.1085E+28    2.5720E+29    7.4162E+29    1.6743E+30    2.1339E+30    1.0494E+30    2.0760E+29    2.2094E+28    6.0106E+28    1.3927E+29    2.6695E+29    3.8014E+29    3.9395E+29    2.9037E+29    1.7697E+29
   -5.1913E+01    1.3718E+02    1.8688E+02    6.6241E+07    9.2782E-01    2.9732E-01    4.4100E+28    1.5578E+29    5.2988E+29    1.4448E+30    1.9671E+30    1.1493E+30    2.7950E+29    2.5871E+28    2.5060E+28    8.0314E+28    2.5439E+29    7.3409E+29    1.6582E+30    2.1116E+30    1.0396E+30    2.0563E+29    2.1909E+28    5.9515E+28    1.3754E+29    2.6413E+29    3.7657E+29    3.9018E+29    2.8765E+29    1.7581E+29
   -5.6791E+01    1.3572E+02    1.8795E+02    6.4716E+07    9.2366E-01    2.9708E-01    4.3385E+28    1.5342E+29    5.2250E+29    1.4278E+30    1.9411E+30    1.1363E+30    2.7558E+29    2.5584E+28    2.4675E+28    7.9112E+28    2.5089E+29    7.2458E+29    1.6376E+30    2.0838E+30    1.0276E+30    2.0313E+29    2.1530E+28    5.8478E+28    1.3536E+29    2.6045E+29    3.7197E+29    3.8559E+29    2.8395E+29    1.7380E+29
   -6.1596E+01    1.3410E+02    1.8903E+02    6.3219E+07    9.1962E-01    2.9683E-01    4.2868E+28    1.5161E+29    5.1616E+29    1.4106E+30    1.9176E+30    1.1228E+30    2.7236E+29    2.5275E+28    2.4398E+28    7.8217E+28    2.4792E+29    7.1585E+29    1.6181E+30    2.0593E+30    1.0154E+30    2.0104E+29    2.1288E+28    5.7825E+28    1.3378E+29    2.5740E+29    3.6771E+29    3.8130E+29    2.8071E+29    1.7180E+29
   -6.6328E+01    1.3232E+02    1.9012E+02    6.1780E+07    9.1578E-01    2.9659E-01    4.2516E+28    1.5011E+29    5.1061E+29    1.3944E+30    1.8963E+30    1.1091E+30    2.6975E+29    2.4974E+28    2.4177E+28    7.7446E+28    2.4525E+29    7.0765E+29    1.5993E+30    2.0377E+30    1.0035E+30    1.9866E+29    2.1127E+28    5.7364E+28    1.3260E+29    2.5476E+29    3.6350E+29    3.7666E+29    2.7756E+29    1.6945E+29
   -7.0979E+01    1.3039E+02    1.9122E+02    6.0411E+07    9.1169E-01    2.9635E-01    4.1973E+28    1.4842E+29    5.0478E+29    1.3758E+30    1.8756E+30    1.0936E+30    2.6603E+29    2.4601E+28    2.3840E+28    7.6463E+28    2.4238E+29    6.9864E+29    1.5792E+30    2.0120E+30    9.9070E+29    1.9574E+29    2.0849E+28    5.6710E+28    1.3133E+29    2.5171E+29    3.5887E+29    3.7159E+29    2.7433E+29    1.6703E+29
   -7.5545E+01    1.2831E+02    1.9233E+02    5.9126E+07    9.0617E-01    2.9611E-01    4.1416E+28    1.4651E+29    4.9859E+29    1.3589E+30    1.8529E+30    1.0806E+30    2.6262E+29    2.4322E+28    2.3515E+28    7.5443E+28    2.3933E+29    6.9008E+29    1.5606E+30    1.9878E+30    9.7972E+29    1.9318E+29    2.0555E+28    5.5924E+28    1.2963E+29    2.4863E+29    3.5467E+29    3.6705E+29    2.7107E+29    1.6517E+29
   -8.0023E+01    1.2609E+02    1.9346E+02    5.7921E+07    9.0067E-01    2.9587E-01    4.0848E+28    1.4435E+29    4.9085E+29    1.3409E+30    1.8250E+30    1.0663E+30    2.5892E+29    2.4004E+28    2.3207E+28    7.4412E+28    2.3568E+29    6.7996E+29    1.5383E+30    1.9584E+30    9.6513E+29    1.9063E+29    2.0290E+28    5.5160E+28    1.2750E+29    2.4487E+29    3.4958E+29    3.6181E+29    2.6700E+29    1.6310E+29
   -8.4408E+01    1.2372E+02    1.9459E+02    5.6788E+07    8.9564E-01    2.9564E-01    4.0410E+28    1.4283E+29    4.8610E+29    1.3292E+30    1.8082E+30    1.0570E+30    2.5715E+29    2.3801E+28    2.2984E+28    7.3692E+28    2.3352E+29    6.7411E+29    1.5251E+30    1.9432E+30    9.5684E+29    1.8963E+29    2.0063E+28    5.4519E+28    1.2615E+29    2.4269E+29    3.4677E+29    3.5956E+29    2.6476E+29    1.6176E+29
   -8.8699E+01    1.2123E+02    1.9573E+02    5.5684E+07    8.9082E-01    2.9539E-01    3.9803E+28    1.4071E+29    4.7905E+29    1.3100E+30    1.7819E+30    1.0417E+30    2.5376E+29    2.3473E+28    2.2659E+28    7.2645E+28    2.3017E+29    6.6452E+29    1.5032E+30    1.9182E+30    9.4298E+29    1.8734E+29    1.9775E+28    5.3717E+28    1.2430E+29    2.3928E+29    3.4201E+29    3.5472E+29    2.6123E+29    1.5944E+29
   -9.2891E+01    1.1860E+02    1.9689E+02    5.4563E+07    8.8588E-01    2.9515E-01    3.9383E+28    1.3911E+29    4.7317E+29    1.2933E+30    1.7618E+30    1.0282E+30    2.5043E+29    2.3206E+28    2.2409E+28    7.1807E+28    2.2737E+29    6.5606E+29    1.4844E+30    1.8926E+30    9.3150E+29    1.8465E+29    1.9570E+28    5.3165E+28    1.2296E+29    2.3644E+29    3.3784E+29    3.5011E+29    2.5818E+29    1.5726E+29
   -9.6984E+01    1.1585E+02    1.9805E+02    5.3458E+07    8.8104E-01    2.9491E-01    3.8977E+28    1.3778E+29    4.6829E+29    1.2787E+30    1.7409E+30    1.0170E+30    2.4713E+29    2.2887E+28    2.2153E+28    7.1043E+28    2.2497E+29    6.4833E+29    1.4685E+30    1.8687E+30    9.2249E+29    1.8195E+29    1.9373E+28    5.2706E+28    1.2195E+29    2.3387E+29    3.3405E+29    3.4543E+29    2.5513E+29    1.5545E+29
   -1.0097E+02    1.1297E+02    1.9923E+02    5.2334E+07    8.7630E-01    2.9468E-01    3.8396E+28    1.3581E+29    4.6209E+29    1.2637E+30    1.7177E+30    1.0045E+30    2.4364E+29    2.2523E+28    2.1808E+28    6.9962E+28    2.2187E+29    6.3958E+29    1.4497E+30    1.8440E+30    9.0984E+29    1.7928E+29    1.9063E+28    5.1873E+28    1.2026E+29    2.3070E+29    3.2959E+29    3.4075E+29    2.5159E+29    1.5368E+29
   -1.0486E+02    1.0998E+02    2.0041E+02    5.1228E+07    8.7172E-01    2.9444E-01    3.7941E+28    1.3418E+29    4.5635E+29    1.2479E+30    1.6962E+30    9.9195E+29    2.4093E+29    2.2274E+28    2.1553E+28    6.9141E+28    2.1916E+29    6.3183E+29    1.4319E+30    1.8229E+30    8.9877E+29    1.7738E+29    1.8845E+28    5.1269E+28    1.1877E+29    2.2794E+29    3.2561E+29    3.3701E+29    2.4849E+29    1.5178E+29
   -1.0864E+02    1.0688E+02    2.0161E+02    5.0099E+07    8.6703E-01    2.9419E-01    3.7403E+28    1.3209E+29    4.4921E+29    1.2286E+30    1.6724E+30    9.7673E+29    2.3763E+29    2.2041E+28    2.1273E+28    6.8178E+28    2.1586E+29    6.2268E+29    1.4109E+30    1.7985E+30    8.8574E+29    1.7527E+29    1.8589E+28    5.0518E+28    1.1685E+29    2.2458E+29    3.2116E+29    3.3245E+29    2.4519E+29    1.4947E+29
   -1.1231E+02    1.0368E+02    2.0281E+02    4.8985E+07    8.6237E-01    2.9394E-01    3.6876E+28    1.3035E+29    4.4358E+29    1.2134E+30    1.6557E+30    9.6498E+29    2.3483E+29    2.1806E+28    2.0999E+28    6.7315E+28    2.1323E+29    6.1531E+29    1.3939E+30    1.7773E+30    8.7553E+29    1.7341E+29    1.8326E+28    4.9801E+28    1.1530E+29    2.2194E+29    3.1786E+29    3.2874E+29    2.4307E+29    1.4776E+29
   -1.1588E+02    1.0037E+02    2.0403E+02    4.7858E+07    8.5777E-01    2.9369E-01    3.6370E+28    1.2851E+29    4.3717E+29    1.1962E+30    1.6312E+30    9.5153E+29    2.3143E+29    2.1488E+28    2.0721E+28    6.6398E+28    2.1020E+29    6.0630E+29    1.3749E+30    1.7513E+30    8.6394E+29    1.7078E+29    1.8087E+28    4.9141E+28    1.1371E+29    2.1876E+29    3.1347E+29    3.2411E+29    2.3959E+29    1.4569E+29
   -1.1933E+02    9.6959E+01    2.0526E+02    4.6725E+07    8.5329E-01    2.9344E-01    3.6061E+28    1.2723E+29    4.3223E+29    1.1832E+30    1.6100E+30    9.4074E+29    2.2865E+29    2.1209E+28    2.0529E+28    6.5739E+28    2.0781E+29    5.9889E+29    1.3579E+30    1.7294E+30    8.5282E+29    1.6852E+29    1.7953E+28    4.8777E+28    1.1266E+29    2.1631E+29    3.0944E+29    3.1994E+29    2.3631E+29    1.4405E+29
   -1.2268E+02    9.3457E+01    2.0650E+02    4.5601E+07    8.4882E-01    2.9318E-01    3.5449E+28    1.2532E+29    4.2609E+29    1.1655E+30    1.5847E+30    9.2577E+29    2.2506E+29    2.0829E+28    2.0149E+28    6.4626E+28    2.0475E+29    5.8981E+29    1.3374E+30    1.7050E+30    8.3956E+29    1.6571E+29    1.7621E+28    4.7951E+28    1.1113E+29    2.1315E+29    3.0464E+29    3.1554E+29    2.3241E+29    1.4185E+29
   -1.2592E+02    8.9867E+01    2.0776E+02    4.4478E+07    8.4431E-01    2.9291E-01    3.4839E+28    1.2320E+29    4.1904E+29    1.1462E+30    1.5587E+30    9.0998E+29    2.2124E+29    2.0466E+28    1.9799E+28    6.3512E+28    2.0131E+29    5.8016E+29    1.3154E+30    1.6792E+30    8.2549E+29    1.6294E+29    1.7305E+28    4.7101E+28    1.0921E+29    2.0970E+29    2.9958E+29    3.1023E+29    2.2856E+29    1.3945E+29
   -1.2904E+02    8.6190E+01    2.0903E+02    4.3379E+07    8.4001E-01    2.9264E-01    3.4419E+28    1.2166E+29    4.1343E+29    1.1311E+30    1.5402E+30    8.9844E+29    2.1846E+29    2.0240E+28    1.9575E+28    6.2788E+28    1.9876E+29    5.7269E+29    1.2985E+30    1.6557E+30    8.1534E+29    1.6112E+29    1.7115E+28    4.6581E+28    1.0785E+29    2.0702E+29    2.9611E+29    3.0627E+29    2.2607E+29    1.3773E+29
   -1.3206E+02    8.2434E+01    2.1031E+02    4.2329E+07    8.3598E-01    2.9237E-01    3.3901E+28    1.1968E+29    4.0671E+29    1.1140E+30    1.5163E+30    8.8521E+29    2.1523E+29    1.9958E+28    1.9307E+28    6.1859E+28    1.9567E+29    5.6387E+29    1.2803E+30    1.6292E+30    8.0383E+29    1.5888E+29    1.6866E+28    4.5843E+28    1.0607E+29    2.0383E+29    2.9213E+29    3.0170E+29    2.2290E+29    1.3574E+29
   -1.3496E+02    7.8601E+01    2.1161E+02    4.1333E+07    8.3165E-01    2.9209E-01    3.3329E+28    1.1770E+29    4.0012E+29    1.0971E+30    1.4920E+30    8.7190E+29    2.1192E+29    1.9673E+28    1.9008E+28    6.0897E+28    1.9256E+29    5.5493E+29    1.2603E+30    1.6036E+30    7.9171E+29    1.5652E+29    1.6596E+28    4.5096E+28    1.0431E+29    2.0066E+29    2.8780E+29    2.9736E+29    2.1945E+29    1.3376E+29
   -1.3774E+02    7.4698E+01    2.1291E+02    4.0421E+07    8.2577E-01    2.9180E-01    3.2967E+28    1.1635E+29    3.9533E+29    1.0837E+30    1.4736E+30    8.6099E+29    2.0923E+29    1.9432E+28    1.8794E+28    6.0199E+28    1.9031E+29    5.4826E+29    1.2447E+30    1.5843E+30    7.8165E+29    1.5445E+29    1.6413E+28    4.4611E+28    1.0318E+29    1.9837E+29    2.8435E+29    2.9397E+29    2.1671E+29    1.3224E+29
   -1.4042E+02    7.0726E+01    2.1423E+02    3.9599E+07    8.1994E-01    2.9150E-01    3.2431E+28    1.1447E+29    3.8855E+29    1.0635E+30    1.4464E+30    8.4466E+29    2.0529E+29    1.9030E+28    1.8473E+28    5.9195E+28    1.8700E+29    5.3816E+29    1.2217E+30    1.5573E+30    7.6704E+29    1.5140E+29    1.6158E+28    4.3962E+28    1.0160E+29    1.9486E+29    2.7892E+29    2.8842E+29    2.1260E+29    1.2972E+29
   -1.4298E+02    6.6691E+01    2.1555E+02    3.8837E+07    8.1467E-01    2.9118E-01    3.1948E+28    1.1291E+29    3.8362E+29    1.0497E+30    1.4280E+30    8.3296E+29    2.0234E+29    1.8706E+28    1.8177E+28    5.8307E+28    1.8455E+29    5.3109E+29    1.2054E+30    1.5370E+30    7.5670E+29    1.4930E+29    1.5896E+28    4.3278E+28    1.0029E+29    1.9236E+29    2.7543E+29    2.8439E+29    2.0982E+29    1.2789E+29
   -1.4542E+02    6.2595E+01    2.1688E+02    3.8096E+07    8.0955E-01    2.9087E-01    3.1460E+28    1.1119E+29    3.7787E+29    1.0344E+30    1.4072E+30    8.2043E+29    1.9928E+29    1.8427E+28    1.7903E+28    5.7419E+28    1.8178E+29    5.2319E+29    1.1886E+30    1.5138E+30    7.4566E+29    1.4714E+29    1.5648E+28    4.2602E+28    9.8744E+28    1.8950E+29    2.7156E+29    2.8013E+29    2.0696E+29    1.2601E+29
   -1.4776E+02    5.8444E+01    2.1822E+02    3.7366E+07    8.0445E-01    2.9053E-01    3.0960E+28    1.0937E+29    3.7137E+29    1.0169E+30    1.3826E+30    8.0655E+29    1.9599E+29    1.8153E+28    1.7627E+28    5.6524E+28    1.7875E+29    5.1432E+29    1.1683E+30    1.4877E+30    7.3337E+29    1.4474E+29    1.5412E+28    4.1954E+28    9.7116E+28    1.8633E+29    2.6696E+29    2.7571E+29    2.0344E+29    1.2402E+29
   -1.4997E+02    5.4241E+01    2.1957E+02    3.6630E+07    7.9946E-01    2.9020E-01    3.0564E+28    1.0783E+29    3.6610E+29    1.0037E+30    1.3638E+30    7.9608E+29    1.9343E+29    1.7944E+28    1.7432E+28    5.5833E+28    1.7640E+29    5.0760E+29    1.1522E+30    1.4683E+30    7.2360E+29    1.4301E+29    1.5230E+28    4.1409E+28    9.5788E+28    1.8401E+29    2.6365E+29    2.7253E+29    2.0092E+29    1.2258E+29
   -1.5208E+02    4.9990E+01    2.2093E+02    3.5900E+07    7.9461E-01    2.8985E-01    3.0016E+28    1.0593E+29    3.5965E+29    9.8621E+29    1.3400E+30    7.8254E+29    1.9004E+29    1.7632E+28    1.7149E+28    5.4913E+28    1.7341E+29    4.9897E+29    1.1322E+30    1.4435E+30    7.1132E+29    1.4061E+29    1.4973E+28    4.0702E+28    9.4123E+28    1.8099E+29    2.5931E+29    2.6860E+29    1.9762E+29    1.2078E+29
   -1.5407E+02    4.5694E+01    2.2229E+02    3.5167E+07    7.8986E-01    2.8949E-01    2.9678E+28    1.0465E+29    3.5508E+29    9.7331E+29    1.3223E+30    7.7206E+29    1.8748E+29    1.7393E+28    1.6952E+28    5.4268E+28    1.7125E+29    4.9246E+29    1.1174E+30    1.4249E+30    7.0167E+29    1.3877E+29    1.4810E+28    4.0262E+28    9.3051E+28    1.7874E+29    2.5605E+29    2.6474E+29    1.9502E+29    1.1914E+29
   -1.5594E+02    4.1357E+01    2.2367E+02    3.4428E+07    7.8504E-01    2.8912E-01    2.9189E+28    1.0297E+29    3.4911E+29    9.5632E+29    1.2991E+30    7.5794E+29    1.8409E+29    1.7063E+28    1.6644E+28    5.3337E+28    1.6831E+29    4.8357E+29    1.0980E+30    1.3989E+30    6.8917E+29    1.3619E+29    1.4558E+28    3.9640E+28    9.1611E+28    1.7556E+29    2.5165E+29    2.5979E+29    1.9150E+29    1.1688E+29
   -1.5770E+02    3.6985E+01    2.2506E+02    3.3694E+07    7.8027E-01    2.8874E-01    2.8616E+28    1.0106E+29    3.4308E+29    9.3931E+29    1.2767E+30    7.4379E+29    1.8052E+29    1.6702E+28    1.6298E+28    5.2271E+28    1.6528E+29    4.7501E+29    1.0797E+30    1.3741E+30    6.7678E+29    1.3360E+29    1.4252E+28    3.8814E+28    8.9936E+28    1.7247E+29    2.4710E+29    2.5498E+29    1.8822E+29    1.1476E+29
   -1.5934E+02    3.2579E+01    2.2647E+02    3.2939E+07    7.7556E-01    2.8836E-01    2.8091E+28    9.9231E+28    3.3685E+29    9.2246E+29    1.2534E+30    7.3014E+29    1.7720E+29    1.6392E+28    1.6001E+28    5.1317E+28    1.6229E+29    4.6663E+29    1.0602E+30    1.3491E+30    6.6484E+29    1.3116E+29    1.3986E+28    3.8091E+28    8.8269E+28    1.6949E+29    2.4259E+29    2.5034E+29    1.8483E+29    1.1272E+29
   -1.6087E+02    2.8145E+01    2.2789E+02    3.2189E+07    7.7099E-01    2.8797E-01    2.7635E+28    9.7586E+28    3.3112E+29    9.0713E+29    1.2318E+30    7.1789E+29    1.7424E+29    1.6123E+28    1.5752E+28    5.0506E+28    1.5963E+29    4.5865E+29    1.0418E+30    1.3260E+30    6.5327E+29    1.2905E+29    1.3772E+28    3.7503E+28    8.6879E+28    1.6662E+29    2.3858E+29    2.4637E+29    1.8175E+29    1.1089E+29
   -1.6229E+02    2.3683E+01    2.2933E+02    3.1450E+07    7.6645E-01    2.8757E-01    2.7190E+28    9.5829E+28    3.2480E+29    8.9019E+29    1.2087E+30    7.0502E+29    1.7113E+29    1.5864E+28    1.5527E+28    4.9722E+28    1.5676E+29    4.5016E+29    1.0221E+30    1.3021E+30    6.4114E+29    1.2685E+29    1.3574E+28    3.6928E+28    8.5300E+28    1.6359E+29    2.3452E+29    2.4241E+29    1.7848E+29    1.0911E+29
   -1.6359E+02    1.9200E+01    2.3078E+02    3.0733E+07    7.6208E-01    2.8717E-01    2.6749E+28    9.4277E+28    3.1967E+29    8.7626E+29    1.1897E+30    6.9406E+29    1.6845E+29    1.5629E+28    1.5301E+28    4.8995E+28    1.5441E+29    4.4328E+29    1.0061E+30    1.2825E+30    6.3134E+29    1.2501E+29    1.3364E+28    3.6355E+28    8.4001E+28    1.6120E+29    2.3123E+29    2.3905E+29    1.7591E+29    1.0756E+29
   -1.6477E+02    1.4698E+01    2.3225E+02    3.0043E+07    7.5765E-01    2.8676E-01    2.6294E+28    9.2641E+28    3.1398E+29    8.6056E+29    1.1685E+30    6.8157E+29    1.6539E+29    1.5347E+28    1.5043E+28    4.8160E+28    1.5173E+29    4.3536E+29    9.8827E+29    1.2594E+30    6.1996E+29    1.2281E+29    1.3141E+28    3.5749E+28    8.2597E+28    1.5840E+29    2.2732E+29    2.3490E+29    1.7280E+29    1.0569E+29
   -1.6584E+02    1.0180E+01    2.3374E+02    2.9398E+07    7.5203E-01    2.8635E-01    2.5827E+28    9.0974E+28    3.0804E+29    8.4369E+29    1.1456E+30    6.6769E+29    1.6204E+29    1.5022E+28    1.4761E+28    4.7264E+28    1.4883E+29    4.2684E+29    9.6914E+29    1.2344E+30    6.0765E+29    1.2032E+29    1.2909E+28    3.5142E+28    8.1137E+28    1.5548E+29    2.2262E+29    2.3004E+29    1.6953E+29    1.0357E+29
   -1.6680E+02    5.6527E+00    2.3525E+02    2.8805E+07    7.4658E-01    2.8593E-01    2.5234E+28    8.9040E+28    3.0182E+29    8.2644E+29    1.1216E+30    6.5349E+29    1.5851E+29    1.4653E+28    1.4403E+28    4.6170E+28    1.4571E+29    4.1809E+29    9.4895E+29    1.2086E+30    5.9511E+29    1.1764E+29    1.2593E+28    3.4306E+28    7.9436E+28    1.5224E+29    2.1781E+29    2.2505E+29    1.6582E+29    1.0131E+29
   -1.6764E+02    1.1169E+00    2.3677E+02    2.8240E+07    7.4124E-01    2.8550E-01    2.4801E+28    8.7527E+28    2.9683E+29    8.1338E+29    1.1027E+30    6.4234E+29    1.5573E+29    1.4392E+28    1.4151E+28    4.5372E+28    1.4325E+29    4.1122E+29    9.3330E+29    1.1884E+30    5.8509E+29    1.1565E+29    1.2368E+28    3.3698E+28    7.8036E+28    1.4972E+29    2.1420E+29    2.2115E+29    1.6309E+29    9.9628E+28
   -1.6837E+02   -3.4205E+00    2.3832E+02    2.7683E+07    7.3599E-01    2.8507E-01    2.4269E+28    8.5634E+28    2.9027E+29    7.9537E+29    1.0782E+30    6.2834E+29    1.5228E+29    1.4078E+28    1.3852E+28    4.4412E+28    1.4014E+29    4.0213E+29    9.1253E+29    1.1625E+30    5.7220E+29    1.1314E+29    1.2110E+28    3.2993E+28    7.6374E+28    1.4646E+29    2.0957E+29    2.1670E+29    1.5959E+29    9.7505E+28
   -1.6899E+02   -7.9579E+00    2.3988E+02    2.7136E+07    7.3083E-01    2.8463E-01    2.3903E+28    8.4254E+28    2.8536E+29    7.8165E+29    1.0599E+30    6.1783E+29    1.4980E+29    1.3865E+28    1.3660E+28    4.3765E+28    1.3793E+29    3.9537E+29    8.9690E+29    1.1436E+30    5.6259E+29    1.1138E+29    1.1942E+28    3.2528E+28    7.5243E+28    1.4410E+29    2.0630E+29    2.1333E+29    1.5701E+29    9.6097E+28
   -1.6950E+02   -1.2491E+01    2.4145E+02    2.6590E+07    7.2569E-01    2.8419E-01    2.3557E+28    8.2882E+28    2.8043E+29    7.6830E+29    1.0425E+30    6.0753E+29    1.4732E+29    1.3658E+28    1.3496E+28    4.3166E+28    1.3576E+29    3.8883E+29    8.8196E+29    1.1243E+30    5.5333E+29    1.0968E+29    1.1798E+28    3.2091E+28    7.4074E+28    1.4191E+29    2.0325E+29    2.1019E+29    1.5467E+29    9.4655E+28
   -1.6990E+02   -1.7016E+01    2.4303E+02    2.6046E+07    7.2055E-01    2.8375E-01    2.3135E+28    8.1433E+28    2.7562E+29    7.5521E+29    1.0250E+30    5.9726E+29    1.4484E+29    1.3419E+28    1.3272E+28    4.2456E+28    1.3351E+29    3.8245E+29    8.6741E+29    1.1051E+30    5.4420E+29    1.0797E+29    1.1590E+28    3.1531E+28    7.2833E+28    1.3967E+29    2.0000E+29    2.0687E+29    1.5230E+29    9.3266E+28
   -1.7019E+02   -2.1532E+01    2.4462E+02    2.5501E+07    7.1551E-01    2.8330E-01    2.2802E+28    8.0180E+28    2.7118E+29    7.4264E+29    1.0075E+30    5.8693E+29    1.4238E+29    1.3187E+28    1.3081E+28    4.1831E+28    1.3144E+29    3.7611E+29    8.5274E+29    1.0865E+30    5.3501E+29    1.0614E+29    1.1433E+28    3.1104E+28    7.1817E+28    1.3752E+29    1.9681E+29    2.0343E+29    1.4977E+29    9.1638E+28
   -1.7037E+02   -2.6033E+01    2.4622E+02    2.4954E+07    7.1054E-01    2.8285E-01    2.2393E+28    7.8856E+28    2.6660E+29    7.2991E+29    9.8943E+29    5.7637E+29    1.3979E+29    1.2936E+28    1.2833E+28    4.1087E+28    1.2921E+29    3.6946E+29    8.3754E+29    1.0676E+30    5.2563E+29    1.0419E+29    1.1219E+28    3.0572E+28    7.0658E+28    1.3511E+29    1.9327E+29    1.9975E+29    1.4702E+29    8.9960E+28
   -1.7045E+02   -3.0520E+01    2.4783E+02    2.4404E+07    7.0563E-01    2.8239E-01    2.1929E+28    7.7283E+28    2.6155E+29    7.1618E+29    9.7023E+29    5.6480E+29    1.3685E+29    1.2648E+28    1.2556E+28    4.0218E+28    1.2667E+29    3.6241E+29    8.2149E+29    1.0474E+30    5.1514E+29    1.0203E+29    1.0974E+28    2.9903E+28    6.9236E+28    1.3249E+29    1.8944E+29    1.9600E+29    1.4411E+29    8.8160E+28
   -1.7043E+02   -3.4987E+01    2.4946E+02    2.3848E+07    7.0074E-01    2.8193E-01    2.1450E+28    7.5627E+28    2.5599E+29    7.0105E+29    9.4972E+29    5.5278E+29    1.3383E+29    1.2369E+28    1.2283E+28    3.9356E+28    1.2398E+29    3.5480E+29    8.0417E+29    1.0261E+30    5.0410E+29    9.9845E+28    1.0729E+28    2.9245E+28    6.7733E+28    1.2974E+29    1.8537E+29    1.9193E+29    1.4115E+29    8.6392E+28
   -1.7030E+02   -3.9433E+01    2.5109E+02    2.3281E+07    6.9587E-01    2.8147E-01    2.1170E+28    7.4601E+28    2.5256E+29    6.9149E+29    9.3669E+29    5.4523E+29    1.3201E+29    1.2197E+28    1.2126E+28    3.8850E+28    1.2238E+29    3.5014E+29    7.9321E+29    1.0122E+30    4.9733E+29    9.8545E+28    1.0593E+28    2.8871E+28    6.6883E+28    1.2812E+29    1.8304E+29    1.8944E+29    1.3932E+29    8.5280E+28
   -1.6975E+02   -4.8250E+01    2.5441E+02    2.2089E+07    6.8776E-01    2.8052E-01    2.0318E+28    7.1462E+28    2.4132E+29    6.6060E+29    8.9500E+29    5.2067E+29    1.2621E+29    1.1684E+28    1.1680E+28    3.7374E+28    1.1732E+29    3.3472E+29    7.5802E+29    9.6611E+29    4.7531E+29    9.4458E+28    1.0203E+28    2.7809E+28    6.4234E+28    1.2272E+29    1.7545E+29    1.8147E+29    1.3352E+29    8.1660E+28
   -1.6881E+02   -5.6945E+01    2.5778E+02    2.0838E+07    6.8015E-01    2.7957E-01    1.9655E+28    6.9010E+28    2.3293E+29    6.3804E+29    8.6401E+29    5.0249E+29    1.2184E+29    1.1285E+28    1.1331E+28    3.6191E+28    1.1350E+29    3.2359E+29    7.3209E+29    9.3317E+29    4.5941E+29    9.1401E+28    9.8955E+27    2.6931E+28    6.2208E+28    1.1896E+29    1.7008E+29    1.7582E+29    1.2924E+29    7.8942E+28
   -1.6749E+02   -6.5504E+01    2.6120E+02    1.9612E+07    6.7222E-01    2.7860E-01    1.8918E+28    6.6530E+28    2.2471E+29    6.1480E+29    8.3280E+29    4.8425E+29    1.1726E+29    1.0832E+28    1.0885E+28    3.4824E+28    1.0942E+29    3.1197E+29    7.0548E+29    9.0059E+29    4.4283E+29    8.8019E+28    9.5086E+27    2.5923E+28    6.0049E+28    1.1479E+29    1.6377E+29    1.6962E+29    1.2461E+29    7.6182E+28
   -1.6582E+02   -7.3911E+01    2.6469E+02    1.8434E+07    6.6405E-01    2.7762E-01    1.8141E+28    6.3811E+28    2.1554E+29    5.9031E+29    7.9958E+29    4.6468E+29    1.1245E+29    1.0387E+28    1.0437E+28    3.3378E+28    1.0493E+29    2.9958E+29    6.7785E+29    8.6420E+29    4.2510E+29    8.4677E+28    9.1126E+27    2.4831E+28    5.7520E+28    1.1021E+29    1.5739E+29    1.6284E+29    1.1989E+29    7.3389E+28
   -1.6381E+02   -8.2154E+01    2.6825E+02    1.7311E+07    6.5551E-01    2.7663E-01    1.7512E+28    6.1530E+28    2.0765E+29    5.6786E+29    7.7018E+29    4.4788E+29    1.0841E+29    1.0026E+28    1.0095E+28    3.2277E+28    1.0132E+29    2.8850E+29    6.5195E+29    8.3229E+29    4.0989E+29    8.1887E+28    8.8161E+27    2.4036E+28    5.5682E+28    1.0642E+29    1.5179E+29    1.5733E+29    1.1576E+29    7.0871E+28
   -1.6149E+02   -9.0220E+01    2.7188E+02    1.6244E+07    6.4681E-01    2.7562E-01    1.6938E+28    5.9325E+28    1.9959E+29    5.4631E+29    7.4038E+29    4.3095E+29    1.0440E+29    9.6857E+27    9.8120E+27    3.1269E+28    9.7708E+28    2.7777E+29    6.2700E+29    8.0047E+29    3.9456E+29    7.9077E+28    8.5715E+27    2.3320E+28    5.3812E+28    1.0283E+29    1.4672E+29    1.5194E+29    1.1155E+29    6.8356E+28
   -1.5886E+02   -9.8104E+01    2.7558E+02    1.5240E+07    6.3800E-01    2.7460E-01    1.6320E+28    5.7182E+28    1.9222E+29    5.2499E+29    7.1226E+29    4.1446E+29    1.0034E+29    9.3000E+27    9.4550E+27    3.0175E+28    9.4238E+28    2.6709E+29    6.0289E+29    7.6998E+29    3.7954E+29    7.6087E+28    8.2641E+27    2.2543E+28    5.2081E+28    9.9053E+28    1.4119E+29    1.4625E+29    1.0746E+29    6.5895E+28
   -1.5595E+02   -1.0580E+02    2.7933E+02    1.4348E+07    6.2902E-01    2.7359E-01    1.5640E+28    5.4874E+28    1.8462E+29    5.0462E+29    6.8411E+29    3.9767E+29    9.6200E+28    8.9060E+27    9.0509E+27    2.8899E+28    9.0411E+28    2.5671E+29    5.7927E+29    7.3929E+29    3.6428E+29    7.3042E+28    7.9074E+27    2.1568E+28    4.9906E+28    9.5239E+28    1.3558E+29    1.4032E+29    1.0335E+29    6.3314E+28
   -1.5278E+02   -1.1330E+02    2.8311E+02    1.3599E+07    6.1963E-01    2.7255E-01    1.5071E+28    5.2909E+28    1.7814E+29    4.8628E+29    6.5945E+29    3.8304E+29    9.2646E+28    8.5781E+27    8.7222E+27    2.7869E+28    8.7332E+28    2.4752E+29    5.5810E+29    7.1247E+29    3.5124E+29    7.0494E+28    7.6157E+27    2.0795E+28    4.8287E+28    9.1889E+28    1.3070E+29    1.3539E+29    9.9856E+28    6.1088E+28
   -1.4936E+02   -1.2061E+02    2.8695E+02    1.2907E+07    6.1128E-01    2.7149E-01    1.4582E+28    5.1052E+28    1.7154E+29    4.6814E+29    6.3460E+29    3.6888E+29    8.9251E+28    8.2628E+27    8.4699E+27    2.6986E+28    8.4256E+28    2.3852E+29    5.3740E+29    6.8616E+29    3.3826E+29    6.7983E+28    7.4006E+27    2.0169E+28    4.6701E+28    8.8923E+28    1.2637E+29    1.3081E+29    9.6238E+28    5.8912E+28
   -1.4571E+02   -1.2772E+02    2.9082E+02    1.2211E+07    6.0310E-01    2.7042E-01    1.4187E+28    4.9484E+28    1.6591E+29    4.5211E+29    6.1319E+29    3.5659E+29    8.6292E+28    8.0046E+27    8.2751E+27    2.6288E+28    8.1791E+28    2.3071E+29    5.1945E+29    6.6283E+29    3.2712E+29    6.5808E+28    7.2355E+27    1.9692E+28    4.5517E+28    8.6393E+28    1.2269E+29    1.2675E+29    9.3248E+28    5.7161E+28
   -1.4185E+02   -1.3462E+02    2.9474E+02    1.1497E+07    5.9511E-01    2.6932E-01    1.3675E+28    4.7732E+28    1.5964E+29    4.3474E+29    5.8953E+29    3.4263E+29    8.2871E+28    7.6774E+27    7.9828E+27    2.5384E+28    7.8776E+28    2.2204E+29    4.9931E+29    6.3682E+29    3.1428E+29    6.3311E+28    6.9868E+27    1.9053E+28    4.3948E+28    8.3450E+28    1.1822E+29    1.2196E+29    8.9834E+28    5.5022E+28
   -1.3778E+02   -1.4133E+02    2.9870E+02    1.0762E+07    5.8708E-01    2.6821E-01    1.3136E+28    4.5882E+28    1.5370E+29    4.1838E+29    5.6708E+29    3.2927E+29    7.9584E+28    7.3673E+27    7.6545E+27    2.4359E+28    7.5792E+28    2.1367E+29    4.8040E+29    6.1271E+29    3.0226E+29    6.0869E+28    6.6958E+27    1.8266E+28    4.2285E+28    8.0291E+28    1.1365E+29    1.1739E+29    8.6500E+28    5.2907E+28
   -1.3352E+02   -1.4784E+02    3.0271E+02    1.0038E+07    5.7940E-01    2.6709E-01    1.2632E+28    4.4126E+28    1.4773E+29    4.0212E+29    5.4448E+29    3.1607E+29    7.6384E+28    7.0731E+27    7.3595E+27    2.3417E+28    7.2886E+28    2.0540E+29    4.6167E+29    5.8866E+29    2.9031E+29    5.8467E+28    6.4368E+27    1.7562E+28    4.0705E+28    7.7246E+28    1.0934E+29    1.1288E+29    8.3072E+28    5.0825E+28
   -1.2909E+02   -1.5415E+02    3.0676E+02    9.4131E+06    5.7055E-01    2.6597E-01    1.2190E+28    4.2578E+28    1.4242E+29    3.8707E+29    5.2426E+29    3.0437E+29    7.3539E+28    6.8109E+27    7.1025E+27    2.2625E+28    7.0339E+28    1.9786E+29    4.4437E+29    5.6659E+29    2.7947E+29    5.6331E+28    6.2164E+27    1.6996E+28    3.9403E+28    7.4666E+28    1.0552E+29    1.0890E+29    8.0149E+28    4.9079E+28
   -1.2449E+02   -1.6026E+02    3.1087E+02    8.9492E+06    5.6130E-01    2.6482E-01    1.1782E+28    4.1104E+28    1.3733E+29    3.7262E+29    5.0496E+29    2.9312E+29    7.0835E+28    6.5625E+27    6.8813E+27    2.1901E+28    6.8030E+28    1.9071E+29    4.2778E+29    5.4532E+29    2.6924E+29    5.4305E+28    6.0283E+27    1.6485E+28    3.8322E+28    7.2315E+28    1.0205E+29    1.0512E+29    7.7407E+28    4.7342E+28
   -1.1974E+02   -1.6617E+02    3.1503E+02    8.5371E+06    5.5321E-01    2.6365E-01    1.1372E+28    3.9567E+28    1.3227E+29    3.5853E+29    4.8567E+29    2.8182E+29    6.8119E+28    6.3195E+27    6.6567E+27    2.1136E+28    6.5537E+28    1.8363E+29    4.1147E+29    5.2438E+29    2.5903E+29    5.2296E+28    5.8356E+27    1.5933E+28    3.7019E+28    6.9938E+28    9.8538E+28    1.0133E+29    7.4571E+28    4.5602E+28
   -1.1485E+02   -1.7188E+02    3.1925E+02    8.1209E+06    5.4536E-01    2.6247E-01    1.0833E+28    3.7801E+28    1.2670E+29    3.4349E+29    4.6519E+29    2.6990E+29    6.5183E+28    6.0357E+27    6.3263E+27    2.0138E+28    6.2641E+28    1.7588E+29    3.9424E+29    5.0250E+29    2.4807E+29    5.0041E+28    5.5426E+27    1.5159E+28    3.5344E+28    6.7034E+28    9.4329E+28    9.7046E+28    7.1457E+28    4.3690E+28
   -1.0983E+02   -1.7740E+02    3.2354E+02    7.6907E+06    5.3736E-01    2.6127E-01    1.0300E+28    3.5997E+28    1.2085E+29    3.2817E+29    4.4417E+29    2.5767E+29    6.2189E+28    5.7641E+27    5.9998E+27    1.9124E+28    5.9630E+28    1.6796E+29    3.7660E+29    4.7995E+29    2.3686E+29    4.7761E+28    5.2523E+27    1.4369E+28    3.3537E+28    6.3895E+28    8.9953E+28    9.2603E+28    6.8188E+28    4.1777E+28
   -1.0469E+02   -1.8272E+02    3.2789E+02    7.2557E+06    5.2963E-01    2.6006E-01    9.8465E+27    3.4430E+28    1.1566E+29    3.1436E+29    4.2549E+29    2.4680E+29    5.9580E+28    5.5255E+27    5.7302E+27    1.8272E+28    5.7017E+28    1.6080E+29    3.6067E+29    4.5975E+29    2.2686E+29    4.5730E+28    5.0145E+27    1.3718E+28    3.2030E+28    6.1125E+28    8.6123E+28    8.8735E+28    6.5347E+28    4.0010E+28
   -9.9450E+01   -1.8786E+02    3.3230E+02    6.8566E+06    5.2148E-01    2.5885E-01    9.4273E+27    3.2945E+28    1.1060E+29    3.0068E+29    4.0701E+29    2.3614E+29    5.7020E+28    5.2913E+27    5.4906E+27    1.7502E+28    5.4566E+28    1.5383E+29    3.4515E+29    4.3984E+29    2.1709E+29    4.3790E+28    4.8062E+27    1.3147E+28    3.0673E+28    5.8558E+28    8.2504E+28    8.4958E+28    6.2523E+28    3.8315E+28
   -9.4108E+01   -1.9282E+02    3.3678E+02    6.5223E+06    5.1284E-01    2.5760E-01    9.0545E+27    3.1598E+28    1.0594E+29    2.8783E+29    3.8982E+29    2.2622E+29    5.4636E+28    5.0677E+27    5.2847E+27    1.6825E+28    5.2358E+28    1.4734E+29    3.3053E+29    4.2121E+29    2.0794E+29    4.1970E+28    4.6288E+27    1.2656E+28    2.9510E+28    5.6241E+28    7.9193E+28    8.1433E+28    5.9923E+28    3.6736E+28
   -8.8677E+01   -1.9760E+02    3.4132E+02    6.2179E+06    5.0517E-01    2.5633E-01    8.7272E+27    3.0355E+28    1.0151E+29    2.7574E+29    3.7335E+29    2.1674E+29    5.2341E+28    4.8631E+27    5.1045E+27    1.6210E+28    5.0251E+28    1.4118E+29    3.1663E+29    4.0333E+29    1.9918E+29    4.0210E+28    4.4772E+27    1.2224E+28    2.8389E+28    5.4006E+28    7.6016E+28    7.8047E+28    5.7450E+28    3.5200E+28
   -8.3170E+01   -2.0221E+02    3.4592E+02    5.9096E+06    4.9759E-01    2.5505E-01    8.2925E+27    2.8914E+28    9.6846E+28    2.6313E+29    3.5622E+29    2.0667E+29    4.9880E+28    4.6259E+27    4.8429E+27    1.5411E+28    4.7896E+28    1.3469E+29    3.0214E+29    3.8494E+29    1.8998E+29    3.8325E+28    4.2444E+27    1.1606E+28    2.7033E+28    5.1479E+28    7.2479E+28    7.4446E+28    5.4796E+28    3.3599E+28
   -7.7588E+01   -2.0665E+02    3.5058E+02    5.5914E+06    4.9006E-01    2.5374E-01    7.8692E+27    2.7491E+28    9.2259E+28    2.5105E+29    3.3961E+29    1.9696E+29    4.7521E+28    4.4078E+27    4.5829E+27    1.4608E+28    4.5533E+28    1.2841E+29    2.8830E+29    3.6719E+29    1.8107E+29    3.6521E+28    4.0118E+27    1.0975E+28    2.5607E+28    4.8923E+28    6.8961E+28    7.0961E+28    5.2195E+28    3.2009E+28
   -7.1949E+01   -2.1093E+02    3.5530E+02    5.2722E+06    4.8256E-01    2.5243E-01    7.4736E+27    2.6137E+28    8.7796E+28    2.3911E+29    3.2327E+29    1.8749E+29    4.5239E+28    4.1972E+27    4.3457E+27    1.3862E+28    4.3268E+28    1.2221E+29    2.7455E+29    3.4980E+29    1.7239E+29    3.4748E+28    3.8035E+27    1.0404E+28    2.4284E+28    4.6454E+28    6.5558E+28    6.7526E+28    4.9647E+28    3.0483E+28
   -6.6253E+01   -2.1506E+02    3.6007E+02    4.9874E+06    4.7474E-01    2.5110E-01    7.1338E+27    2.4952E+28    8.3826E+28    2.2836E+29    3.0869E+29    1.7905E+29    4.3197E+28    4.0070E+27    4.1469E+27    1.3229E+28    4.1302E+28    1.1667E+29    2.6229E+29    3.3409E+29    1.6461E+29    3.3179E+28    3.6292E+27    9.9262E+27    2.3170E+28    4.4331E+28    6.2616E+28    6.4464E+28    4.7405E+28    2.9128E+28
   -6.0517E+01   -2.1903E+02    3.6487E+02    4.7484E+06    4.6651E-01    2.4974E-01    6.8459E+27    2.3925E+28    8.0313E+28    2.1878E+29    2.9578E+29    1.7153E+29    4.1363E+28    3.8353E+27    3.9838E+27    1.2703E+28    3.9616E+28    1.1179E+29    2.5137E+29    3.2005E+29    1.5767E+29    3.1799E+28    3.4864E+27    9.5361E+27    2.2250E+28    4.2532E+28    6.0089E+28    6.1784E+28    4.5451E+28    2.7939E+28
   -5.4737E+01   -2.2286E+02    3.6970E+02    4.5306E+06    4.5930E-01    2.4837E-01    6.5978E+27    2.3014E+28    7.7109E+28    2.0991E+29    2.8379E+29    1.6448E+29    3.9654E+28    3.6755E+27    3.8492E+27    1.2255E+28    3.8109E+28    1.0728E+29    2.4119E+29    3.0698E+29    1.5127E+29    3.0514E+28    3.3724E+27    9.2186E+27    2.1468E+28    4.0930E+28    5.7798E+28    5.9365E+28    4.3685E+28    2.6810E+28
   -4.8925E+01   -2.2654E+02    3.7457E+02    4.3112E+06    4.5223E-01    2.4699E-01    6.3558E+27    2.2113E+28    7.3877E+28    2.0093E+29    2.7151E+29    1.5735E+29    3.7951E+28    3.5183E+27    3.7143E+27    1.1805E+28    3.6568E+28    1.0270E+29    2.3084E+29    2.9383E+29    1.4479E+29    2.9194E+28    3.2602E+27    8.9102E+27    2.0670E+28    3.9278E+28    5.5404E+28    5.6865E+28    4.1802E+28    2.5659E+28
   -4.3080E+01   -2.3009E+02    3.7949E+02    4.0831E+06    4.4513E-01    2.4559E-01    6.0281E+27    2.1019E+28    7.0375E+28    1.9152E+29    2.5869E+29    1.4984E+29    3.6115E+28    3.3432E+27    3.5194E+27    1.1198E+28    3.4805E+28    9.7850E+28    2.2005E+29    2.8005E+29    1.3790E+29    2.7801E+28    3.0846E+27    8.4313E+27    1.9639E+28    3.7376E+28    5.2772E+28    5.4161E+28    3.9805E+28    2.4434E+28
   -3.7213E+01   -2.3349E+02    3.8446E+02    3.8592E+06    4.3844E-01    2.4420E-01    5.7161E+27    1.9962E+28    6.6949E+28    1.8249E+29    2.4635E+29    1.4267E+29    3.4382E+28    3.1840E+27    3.3289E+27    1.0608E+28    3.3046E+28    9.3156E+28    2.0971E+29    2.6681E+29    1.3127E+29    2.6459E+28    2.9148E+27    7.9693E+27    1.8577E+28    3.5478E+28    5.0164E+28    5.1550E+28    3.7883E+28    2.3265E+28
   -3.1322E+01   -2.3677E+02    3.8950E+02    3.6621E+06    4.3081E-01    2.4278E-01    5.4018E+27    1.8894E+28    6.3455E+28    1.7314E+29    2.3367E+29    1.3533E+29    3.2607E+28    3.0210E+27    3.1384E+27    1.0014E+28    3.1266E+28    8.8295E+28    1.9899E+29    2.5318E+29    1.2447E+29    2.5085E+28    2.7466E+27    7.5115E+27    1.7529E+28    3.3529E+28    4.7492E+28    4.8857E+28    3.5914E+28    2.2089E+28
   -2.5418E+01   -2.3991E+02    3.9463E+02    3.4827E+06    4.2347E-01    2.4133E-01    5.1079E+27    1.7875E+28    6.0063E+28    1.6397E+29    2.2128E+29    1.2811E+29    3.0873E+28    2.8609E+27    2.9646E+27    9.4639E+27    2.9570E+28    8.3566E+28    1.8848E+29    2.3979E+29    1.1788E+29    2.3743E+28    2.5937E+27    7.0929E+27    1.6558E+28    3.1692E+28    4.4944E+28    4.6229E+28    3.4006E+28    2.0901E+28
   -1.9501E+01   -2.4294E+02    3.9990E+02    3.3086E+06    4.1647E-01    2.3986E-01    4.7925E+27    1.6770E+28    5.6342E+28    1.5385E+29    2.0762E+29    1.2018E+29    2.8959E+28    2.6837E+27    2.7821E+27    8.8813E+27    2.7746E+28    7.8392E+28    1.7691E+29    2.2497E+29    1.1060E+29    2.2290E+28    2.4342E+27    6.6565E+27    1.5535E+28    2.9729E+28    4.2194E+28    4.3372E+28    3.1911E+28    1.9604E+28
   -1.3577E+01   -2.4585E+02    4.0536E+02    3.1258E+06    4.0951E-01    2.3837E-01    4.4780E+27    1.5648E+28    5.2520E+28    1.4340E+29    1.9354E+29    1.1201E+29    2.6985E+28    2.4992E+27    2.6029E+27    8.3026E+27    2.5898E+28    7.3075E+28    1.6491E+29    2.0966E+29    1.0308E+29    2.0777E+28    2.2778E+27    6.2279E+27    1.4521E+28    2.7757E+28    3.9384E+28    4.0454E+28    2.9758E+28    1.8270E+28
   -7.6477E+00   -2.4867E+02    4.1099E+02    2.9350E+06    4.0250E-01    2.3686E-01    4.1934E+27    1.4634E+28    4.9023E+28    1.3375E+29    1.8041E+29    1.0439E+29    2.5146E+28    2.3266E+27    2.4441E+27    7.7825E+27    2.4217E+28    6.8164E+28    1.5376E+29    1.9546E+29    9.6106E+28    1.9365E+28    2.1409E+27    5.8497E+27    1.3621E+28    2.5964E+28    3.6803E+28    3.7770E+28    2.7749E+28    1.7038E+28
   -1.7184E+00   -2.5138E+02    4.1669E+02    2.7635E+06    3.9540E-01    2.3533E-01    3.9998E+27    1.3931E+28    4.6562E+28    1.2686E+29    1.7108E+29    9.8958E+28    2.3832E+28    2.2027E+27    2.3323E+27    7.4223E+27    2.3028E+28    6.4651E+28    1.4576E+29    1.8534E+29    9.1088E+28    1.8344E+28    2.0470E+27    5.5975E+27    1.3002E+28    2.4686E+28    3.4939E+28    3.5847E+28    2.6322E+28    1.6159E+28
    4.2107E+00   -2.5401E+02    4.2242E+02    2.6145E+06    3.8770E-01    2.3376E-01    3.7907E+27    1.3210E+28    4.4201E+28    1.2050E+29    1.6240E+29    9.3898E+28    2.2600E+28    2.0878E+27    2.2093E+27    7.0313E+27    2.1849E+28    6.1386E+28    1.3846E+29    1.7604E+29    8.6435E+28    1.7402E+28    1.9378E+27    5.2953E+27    1.2321E+28    2.3422E+28    3.3169E+28    3.4040E+28    2.4984E+28    1.5345E+28
    1.0135E+01   -2.5655E+02    4.2817E+02    2.4749E+06    3.8072E-01    2.3217E-01    3.5877E+27    1.2525E+28    4.1980E+28    1.1462E+29    1.5443E+29    8.9262E+28    2.1479E+28    1.9855E+27    2.0873E+27    6.6539E+27    2.0721E+28    5.8361E+28    1.3176E+29    1.6747E+29    8.2183E+28    1.6551E+28    1.8285E+27    4.9980E+27    1.1640E+28    2.2208E+28    3.1509E+28    3.2365E+28    2.3761E+28    1.4602E+28
    1.6053E+01   -2.5899E+02    4.3395E+02    2.3373E+06    3.7413E-01    2.3059E-01    3.3984E+27    1.1884E+28    3.9894E+28    1.0905E+29    1.4690E+29    8.4900E+28    2.0433E+28    1.8900E+27    1.9722E+27    6.2962E+27    1.9657E+28    5.5476E+28    1.2540E+29    1.5935E+29    7.8176E+28    1.5747E+28    1.7257E+27    4.7192E+27    1.1008E+28    2.1043E+28    2.9922E+28    3.0752E+28    2.2587E+28    1.3879E+28
    2.1964E+01   -2.6135E+02    4.3978E+02    2.1968E+06    3.6774E-01    2.2899E-01    3.2083E+27    1.1233E+28    3.7745E+28    1.0325E+29    1.3909E+29    8.0361E+28    1.9345E+28    1.7903E+27    1.8590E+27    5.9394E+27    1.8572E+28    5.2484E+28    1.1877E+29    1.5088E+29    7.4004E+28    1.4903E+28    1.6263E+27    4.4468E+27    1.0377E+28    1.9861E+28    2.8287E+28    2.9080E+28    2.1387E+28    1.3125E+28
    2.7865E+01   -2.6363E+02    4.4567E+02    2.0681E+06    3.6154E-01    2.2738E-01    3.0318E+27    1.0619E+28    3.5694E+28    9.7682E+28    1.3162E+29    7.6011E+28    1.8298E+28    1.6933E+27    1.7552E+27    5.6097E+27    1.7552E+28    4.9627E+28    1.1238E+29    1.4275E+29    7.0008E+28    1.4083E+28    1.5350E+27    4.1971E+27    9.7975E+27    1.8760E+28    2.6745E+28    2.7489E+28    2.0255E+28    1.2410E+28
    3.3754E+01   -2.6583E+02    4.5167E+02    1.9512E+06    3.5435E-01    2.2570E-01    2.8481E+27    9.9745E+27    3.3523E+28    9.1766E+28    1.2360E+29    7.1387E+28    1.7184E+28    1.5900E+27    1.6492E+27    5.2711E+27    1.6489E+28    4.6611E+28    1.0556E+29    1.3409E+29    6.5764E+28    1.3227E+28    1.4425E+27    3.9439E+27    9.2037E+27    1.7620E+28    2.5126E+28    2.5829E+28    1.9013E+28    1.1665E+28
    3.9630E+01   -2.6796E+02    4.5784E+02    1.8391E+06    3.4779E-01    2.2399E-01    2.6539E+27    9.2844E+27    3.1179E+28    8.5339E+28    1.1491E+29    6.6365E+28    1.5969E+28    1.4771E+27    1.5382E+27    4.9139E+27    1.5353E+28    4.3351E+28    9.8137E+28    1.2468E+29    6.1134E+28    1.2299E+28    1.3455E+27    3.6788E+27    8.5797E+27    1.6409E+28    2.3380E+28    2.4043E+28    1.7676E+28    1.0849E+28
    4.5495E+01   -2.7002E+02    4.6413E+02    1.7276E+06    3.4137E-01    2.2224E-01    2.5006E+27    8.7352E+27    2.9288E+28    8.0105E+28    1.0782E+29    6.2248E+28    1.4969E+28    1.3838E+27    1.4524E+27    4.6336E+27    1.4443E+28    4.0706E+28    9.2045E+28    1.1699E+29    5.7339E+28    1.1539E+28    1.2718E+27    3.4751E+27    8.0917E+27    1.5446E+28    2.1970E+28    2.2602E+28    1.6596E+28    1.0189E+28
    5.1341E+01   -2.7201E+02    4.7046E+02    1.6165E+06    3.3525E-01    2.2048E-01    2.3872E+27    8.3218E+27    2.7845E+28    7.6055E+28    1.0228E+29    5.9027E+28    1.4186E+28    1.3101E+27    1.3884E+27    4.4228E+27    1.3750E+28    3.8655E+28    8.7299E+28    1.1101E+29    5.4369E+28    1.0938E+28    1.2176E+27    3.3269E+27    7.7331E+27    1.4711E+28    2.0873E+28    2.1476E+28    1.5749E+28    9.6685E+27
    5.7168E+01   -2.7394E+02    4.7682E+02    1.5147E+06    3.2937E-01    2.1868E-01    2.2667E+27    7.9080E+27    2.6454E+28    7.2176E+28    9.7023E+28    5.5966E+28    1.3441E+28    1.2382E+27    1.3181E+27    4.2013E+27    1.3067E+28    3.6680E+28    8.2783E+28    1.0532E+29    5.1541E+28    1.0363E+28    1.1565E+27    3.1634E+27    7.3650E+27    1.3978E+28    1.9803E+28    2.0392E+28    1.4942E+28    9.1709E+27
    6.2977E+01   -2.7580E+02    4.8319E+02    1.4215E+06    3.2271E-01    2.1682E-01    2.1613E+27    7.5386E+27    2.5214E+28    6.8818E+28    9.2481E+28    5.3324E+28    1.2804E+28    1.1804E+27    1.2565E+27    4.0051E+27    1.2451E+28    3.4977E+28    7.8932E+28    1.0042E+29    4.9115E+28    9.8794E+27    1.1024E+27    3.0149E+27    7.0096E+27    1.3322E+28    1.8875E+28    1.9444E+28    1.4250E+28    8.7512E+27
    6.8769E+01   -2.7760E+02    4.8957E+02    1.3344E+06    3.1670E-01    2.1491E-01    2.0508E+27    7.1588E+27    2.3976E+28    6.5524E+28    8.8057E+28    5.0761E+28    1.2190E+28    1.1253E+27    1.1914E+27    3.7988E+27    1.1830E+28    3.3295E+28    7.5173E+28    9.5625E+28    4.6775E+28    9.4105E+27    1.0440E+27    2.8528E+27    6.6391E+27    1.2650E+28    1.7956E+28    1.8508E+28    1.3575E+28    8.3310E+27
    7.4540E+01   -2.7933E+02    4.9596E+02    1.2479E+06    3.1098E-01    2.1297E-01    1.9473E+27    6.8081E+27    2.2839E+28    6.2482E+28    8.3980E+28    4.8410E+28    1.1628E+28    1.0741E+27    1.1293E+27    3.6055E+27    1.1253E+28    3.1729E+28    7.1707E+28    9.1213E+28    4.4611E+28    8.9739E+27    9.8865E+26    2.7016E+27    6.2959E+27    1.2022E+28    1.7098E+28    1.7638E+28    1.2948E+28    7.9411E+27
