   -4.7645E+01   -8.8147E+01    1.2445E+02    2.0083E+08    1.2363E+00    3.2354E-01    1.2110E+29    4.2632E+29    1.4504E+30    3.9913E+30    5.5213E+30    3.2863E+30    8.1044E+29    7.5835E+28    6.9764E+28    2.2227E+29    7.0032E+29    2.0185E+30    4.6002E+30    5.9250E+30    2.9440E+30    5.8184E+29    6.0931E+28    1.6561E+29    3.8190E+29    7.2408E+29    1.0342E+30    1.0707E+30    7.8219E+29    4.7217E+29
   -4.2072E+01   -9.0958E+01    1.2490E+02    1.9770E+08    1.2318E+00    3.2366E-01    1.1571E+29    4.0875E+29    1.3932E+30    3.8270E+30    5.3082E+30    3.1405E+30    7.7315E+29    7.2345E+28    6.6339E+28    2.1209E+29    6.7113E+29    1.9361E+30    4.4087E+30    5.6739E+30    2.8175E+30    5.5510E+29    5.7887E+28    1.5764E+29    3.6494E+29    6.9252E+29    9.8948E+29    1.0235E+30    7.5085E+29    4.5281E+29
   -3.6315E+01   -9.3414E+01    1.2536E+02    1.9451E+08    1.2272E+00    3.2379E-01    1.1546E+29    4.0738E+29    1.3872E+30    3.8157E+30    5.2785E+30    3.1314E+30    7.6939E+29    7.1967E+28    6.6299E+28    2.1175E+29    6.6867E+29    1.9282E+30    4.3923E+30    5.6438E+30    2.8058E+30    5.5333E+29    5.7871E+28    1.5751E+29    3.6394E+29    6.9097E+29    9.8650E+29    1.0204E+30    7.4783E+29    4.5113E+29
   -3.0396E+01   -9.5506E+01    1.2583E+02    1.9128E+08    1.2225E+00    3.2393E-01    1.1530E+29    4.0605E+29    1.3807E+30    3.7986E+30    5.2473E+30    3.1166E+30    7.6845E+29    7.1756E+28    6.6331E+28    2.1150E+29    6.6637E+29    1.9207E+30    4.3706E+30    5.6343E+30    2.7919E+30    5.5258E+29    5.7892E+28    1.5739E+29    3.6304E+29    6.8938E+29    9.8305E+29    1.0202E+30    7.4500E+29    4.5011E+29
   -2.4342E+01   -9.7224E+01    1.2629E+02    1.8816E+08    1.2180E+00    3.2406E-01    1.1478E+29    4.0498E+29    1.3782E+30    3.7860E+30    5.2438E+30    3.1082E+30    7.6475E+29    7.1535E+28    6.5975E+28    2.1071E+29    6.6512E+29    1.9147E+30    4.3597E+30    5.6084E+30    2.7883E+30    5.5000E+29    5.7610E+28    1.5690E+29    3.6301E+29    6.8809E+29    9.8239E+29    1.0149E+30    7.4371E+29    4.4897E+29
   -1.8181E+01   -9.8559E+01    1.2675E+02    1.8508E+08    1.2135E+00    3.2419E-01    1.1426E+29    4.0317E+29    1.3722E+30    3.7727E+30    5.2236E+30    3.0989E+30    7.6141E+29    7.1245E+28    6.5717E+28    2.0987E+29    6.6224E+29    1.9075E+30    4.3472E+30    5.5843E+30    2.7803E+30    5.4829E+29    5.7380E+28    1.5626E+29    3.6141E+29    6.8646E+29    9.8006E+29    1.0120E+30    7.4206E+29    4.4766E+29
   -1.1943E+01   -9.9507E+01    1.2722E+02    1.8199E+08    1.2089E+00    3.2431E-01    1.1396E+29    4.0134E+29    1.3654E+30    3.7542E+30    5.1908E+30    3.0791E+30    7.5871E+29    7.0969E+28    6.5661E+28    2.0922E+29    6.5936E+29    1.8987E+30    4.3196E+30    5.5714E+30    2.7601E+30    5.4667E+29    5.7335E+28    1.5583E+29    3.6018E+29    6.8458E+29    9.7538E+29    1.0110E+30    7.3805E+29    4.4616E+29
   -5.6600E+00   -1.0006E+02    1.2769E+02    1.7894E+08    1.2044E+00    3.2444E-01    1.1349E+29    4.0016E+29    1.3606E+30    3.7373E+30    5.1742E+30    3.0665E+30    7.5528E+29    7.0672E+28    6.5364E+28    2.0855E+29    6.5718E+29    1.8912E+30    4.3017E+30    5.5384E+30    2.7536E+30    5.4429E+29    5.7113E+28    1.5553E+29    3.5960E+29    6.8335E+29    9.7350E+29    1.0064E+30    7.3588E+29    4.4412E+29
    6.4468E-01   -1.0023E+02    1.2816E+02    1.7599E+08    1.2002E+00    3.2455E-01    1.1246E+29    3.9695E+29    1.3528E+30    3.7174E+30    5.1429E+30    3.0519E+30    7.4946E+29    6.9965E+28    6.4715E+28    2.0660E+29    6.5302E+29    1.8794E+30    4.2819E+30    5.4987E+30    2.7384E+30    5.4038E+29    5.6494E+28    1.5388E+29    3.5729E+29    6.7916E+29    9.6770E+29    9.9889E+29    7.3233E+29    4.4171E+29
    6.9460E+00   -1.0001E+02    1.2862E+02    1.7317E+08    1.1965E+00    3.2465E-01    1.1240E+29    3.9611E+29    1.3485E+30    3.7054E+30    5.1255E+30    3.0391E+30    7.4821E+29    7.0052E+28    6.4802E+28    2.0650E+29    6.5122E+29    1.8751E+30    4.2625E+30    5.4975E+30    2.7277E+30    5.3983E+29    5.6611E+28    1.5398E+29    3.5659E+29    6.7933E+29    9.6615E+29    1.0002E+30    7.3021E+29    4.4121E+29
    1.3222E+01   -9.9391E+01    1.2910E+02    1.7025E+08    1.1926E+00    3.2475E-01    1.1180E+29    3.9360E+29    1.3394E+30    3.6807E+30    5.0964E+30    3.0185E+30    7.4311E+29    6.9653E+28    6.4486E+28    2.0536E+29    6.4705E+29    1.8632E+30    4.2343E+30    5.4601E+30    2.7122E+30    5.3624E+29    5.6360E+28    1.5322E+29    3.5455E+29    6.7579E+29    9.6199E+29    9.9432E+29    7.2666E+29    4.3832E+29
    1.9445E+01   -9.8388E+01    1.2957E+02    1.6747E+08    1.1888E+00    3.2484E-01    1.1081E+29    3.9102E+29    1.3337E+30    3.6674E+30    5.0729E+30    3.0094E+30    7.3962E+29    6.9039E+28    6.3804E+28    2.0361E+29    6.4349E+29    1.8549E+30    4.2222E+30    5.4269E+30    2.7024E+30    5.3381E+29    5.5717E+28    1.5172E+29    3.5244E+29    6.7323E+29    9.5787E+29    9.8913E+29    7.2430E+29    4.3669E+29
    2.5593E+01   -9.7000E+01    1.3005E+02    1.6470E+08    1.1850E+00    3.2494E-01    1.1019E+29    3.8867E+29    1.3245E+30    3.6449E+30    5.0405E+30    2.9887E+30    7.3514E+29    6.8717E+28    6.3487E+28    2.0254E+29    6.3932E+29    1.8440E+30    4.1937E+30    5.4016E+30    2.6842E+30    5.3079E+29    5.5456E+28    1.5099E+29    3.5015E+29    6.7013E+29    9.5256E+29    9.8514E+29    7.1982E+29    4.3467E+29
    3.1637E+01   -9.5231E+01    1.3054E+02    1.6193E+08    1.1810E+00    3.2502E-01    1.0985E+29    3.8670E+29    1.3164E+30    3.6244E+30    5.0176E+30    2.9702E+30    7.3085E+29    6.8525E+28    6.3369E+28    2.0178E+29    6.3598E+29    1.8350E+30    4.1669E+30    5.3737E+30    2.6705E+30    5.2792E+29    5.5352E+28    1.5049E+29    3.4857E+29    6.6824E+29    9.5070E+29    9.8090E+29    7.1721E+29    4.3224E+29
    3.7549E+01   -9.3092E+01    1.3103E+02    1.5922E+08    1.1770E+00    3.2511E-01    1.0885E+29    3.8407E+29    1.3090E+30    3.6061E+30    4.9884E+30    2.9576E+30    7.2743E+29    6.7981E+28    6.2710E+28    2.0013E+29    6.3212E+29    1.8235E+30    4.1490E+30    5.3412E+30    2.6578E+30    5.2508E+29    5.4783E+28    1.4922E+29    3.4654E+29    6.6389E+29    9.4417E+29    9.7536E+29    7.1360E+29    4.3028E+29
    4.3310E+01   -9.0589E+01    1.3153E+02    1.5651E+08    1.1730E+00    3.2519E-01    1.0806E+29    3.8128E+29    1.2997E+30    3.5842E+30    4.9570E+30    2.9398E+30    7.2308E+29    6.7617E+28    6.2277E+28    1.9872E+29    6.2758E+29    1.8118E+30    4.1220E+30    5.3129E+30    2.6417E+30    5.2224E+29    5.4398E+28    1.4813E+29    3.4387E+29    6.5993E+29    9.3875E+29    9.7113E+29    7.0924E+29    4.2779E+29
    4.8895E+01   -8.7734E+01    1.3204E+02    1.5379E+08    1.1689E+00    3.2528E-01    1.0769E+29    3.7922E+29    1.2916E+30    3.5625E+30    4.9327E+30    2.9217E+30    7.1875E+29    6.7295E+28    6.2171E+28    1.9797E+29    6.2407E+29    1.8013E+30    4.0993E+30    5.2834E+30    2.6289E+30    5.1945E+29    5.4294E+28    1.4761E+29    3.4207E+29    6.5667E+29    9.3670E+29    9.6645E+29    7.0656E+29    4.2595E+29
    5.4277E+01   -8.4544E+01    1.3256E+02    1.5108E+08    1.1646E+00    3.2536E-01    1.0696E+29    3.7688E+29    1.2830E+30    3.5391E+30    4.9004E+30    2.9045E+30    7.1436E+29    6.6890E+28    6.1696E+28    1.9672E+29    6.1983E+29    1.7887E+30    4.0723E+30    5.2493E+30    2.6130E+30    5.1608E+29    5.3921E+28    1.4682E+29    3.3996E+29    6.5261E+29    9.2983E+29    9.6062E+29    7.0241E+29    4.2336E+29
    5.9446E+01   -8.1028E+01    1.3309E+02    1.4837E+08    1.1603E+00    3.2544E-01    1.0586E+29    3.7345E+29    1.2733E+30    3.5148E+30    4.8658E+30    2.8848E+30    7.0926E+29    6.6302E+28    6.0999E+28    1.9466E+29    6.1483E+29    1.7758E+30    4.0422E+30    5.2162E+30    2.5941E+30    5.1253E+29    5.3258E+28    1.4508E+29    3.3703E+29    6.4791E+29    9.2244E+29    9.5507E+29    6.9692E+29    4.2033E+29
    6.4382E+01   -7.7201E+01    1.3363E+02    1.4567E+08    1.1559E+00    3.2553E-01    1.0554E+29    3.7168E+29    1.2651E+30    3.4932E+30    4.8378E+30    2.8676E+30    7.0546E+29    6.6059E+28    6.0936E+28    1.9412E+29    6.1140E+29    1.7650E+30    4.0184E+30    5.1859E+30    2.5808E+30    5.1022E+29    5.3241E+28    1.4487E+29    3.3539E+29    6.4467E+29    9.1927E+29    9.4978E+29    6.9402E+29    4.1886E+29
    6.9066E+01   -7.3080E+01    1.3418E+02    1.4298E+08    1.1514E+00    3.2561E-01    1.0493E+29    3.6915E+29    1.2563E+30    3.4699E+30    4.8082E+30    2.8482E+30    7.0076E+29    6.5679E+28    6.0622E+28    1.9295E+29    6.0746E+29    1.7529E+30    3.9939E+30    5.1496E+30    2.5646E+30    5.0658E+29    5.2980E+28    1.4403E+29    3.3341E+29    6.4060E+29    9.1355E+29    9.4406E+29    6.9073E+29    4.1594E+29
    7.3482E+01   -6.8685E+01    1.3474E+02    1.4031E+08    1.1468E+00    3.2568E-01    1.0374E+29    3.6577E+29    1.2464E+30    3.4429E+30    4.7710E+30    2.8287E+30    6.9549E+29    6.5044E+28    5.9834E+28    1.9083E+29    6.0234E+29    1.7388E+30    3.9585E+30    5.1153E+30    2.5457E+30    5.0284E+29    5.2260E+28    1.4234E+29    3.3062E+29    6.3544E+29    9.0506E+29    9.3709E+29    6.8449E+29    4.1302E+29
    7.7609E+01   -6.4039E+01    1.3531E+02    1.3766E+08    1.1422E+00    3.2575E-01    1.0297E+29    3.6310E+29    1.2367E+30    3.4177E+30    4.7350E+30    2.8074E+30    6.9051E+29    6.4595E+28    5.9409E+28    1.8951E+29    5.9785E+29    1.7258E+30    3.9301E+30    5.0789E+30    2.5272E+30    4.9949E+29    5.1892E+28    1.4136E+29    3.2819E+29    6.3096E+29    8.9960E+29    9.3013E+29    6.7941E+29    4.1060E+29
    8.1443E+01   -5.9154E+01    1.3588E+02    1.3510E+08    1.1375E+00    3.2582E-01    1.0264E+29    3.6130E+29    1.2292E+30    3.3987E+30    4.7112E+30    2.7898E+30    6.8685E+29    6.4453E+28    5.9325E+28    1.8888E+29    5.9460E+29    1.7162E+30    3.9107E+30    5.0467E+30    2.5140E+30    4.9651E+29    5.1810E+28    1.4095E+29    3.2653E+29    6.2808E+29    8.9549E+29    9.2622E+29    6.7733E+29    4.0796E+29
    8.4971E+01   -5.4050E+01    1.3645E+02    1.3261E+08    1.1329E+00    3.2587E-01    1.0177E+29    3.5874E+29    1.2212E+30    3.3762E+30    4.6772E+30    2.7738E+30    6.8214E+29    6.3836E+28    5.8739E+28    1.8733E+29    5.9063E+29    1.7043E+30    3.8823E+30    5.0161E+30    2.4973E+30    4.9322E+29    5.1321E+28    1.3982E+29    3.2461E+29    6.2371E+29    8.8916E+29    9.1937E+29    6.7208E+29    4.0557E+29
    8.8180E+01   -4.8751E+01    1.3702E+02    1.3020E+08    1.1284E+00    3.2592E-01    1.0100E+29    3.5599E+29    1.2123E+30    3.3526E+30    4.6446E+30    2.7549E+30    6.7748E+29    6.3339E+28    5.8306E+28    1.8592E+29    5.8619E+29    1.6921E+30    3.8549E+30    4.9854E+30    2.4808E+30    4.9017E+29    5.0923E+28    1.3871E+29    3.2202E+29    6.1920E+29    8.8350E+29    9.1368E+29    6.6679E+29    4.0350E+29
    9.1063E+01   -4.3272E+01    1.3759E+02    1.2788E+08    1.1239E+00    3.2595E-01    1.0070E+29    3.5431E+29    1.2051E+30    3.3330E+30    4.6198E+30    2.7368E+30    6.7339E+29    6.3170E+28    5.8232E+28    1.8539E+29    5.8325E+29    1.6826E+30    3.8340E+30    4.9523E+30    2.4651E+30    4.8697E+29    5.0879E+28    1.3843E+29    3.2068E+29    6.1647E+29    8.7892E+29    9.0944E+29    6.6483E+29    4.0061E+29
    9.3612E+01   -3.7637E+01    1.3816E+02    1.2564E+08    1.1194E+00    3.2598E-01    1.0002E+29    3.5197E+29    1.1964E+30    3.3101E+30    4.5876E+30    2.7182E+30    6.6877E+29    6.2708E+28    5.7824E+28    1.8418E+29    5.7903E+29    1.6704E+30    3.8056E+30    4.9191E+30    2.4487E+30    4.8367E+29    5.0543E+28    1.3763E+29    3.1843E+29    6.1214E+29    8.7287E+29    9.0297E+29    6.6054E+29    3.9794E+29
    9.5822E+01   -3.1865E+01    1.3872E+02    1.2353E+08    1.1150E+00    3.2599E-01    9.8998E+28    3.4898E+29    1.1885E+30    3.2889E+30    4.5551E+30    2.7019E+30    6.6427E+29    6.2160E+28    5.7148E+28    1.8229E+29    5.7482E+29    1.6588E+30    3.7824E+30    4.8921E+30    2.4335E+30    4.8051E+29    4.9902E+28    1.3600E+29    3.1589E+29    6.0746E+29    8.6753E+29    8.9748E+29    6.5448E+29    3.9584E+29
    9.7688E+01   -2.5979E+01    1.3928E+02    1.2151E+08    1.1108E+00    3.2599E-01    9.8518E+28    3.4697E+29    1.1801E+30    3.2660E+30    4.5253E+30    2.6813E+30    6.5959E+29    6.1826E+28    5.6930E+28    1.8148E+29    5.7112E+29    1.6476E+30    3.7563E+30    4.8546E+30    2.4157E+30    4.7705E+29    4.9744E+28    1.3552E+29    3.1402E+29    6.0394E+29    8.6165E+29    8.9201E+29    6.5151E+29    3.9282E+29
    9.9207E+01   -1.9997E+01    1.3983E+02    1.1962E+08    1.1067E+00    3.2598E-01    9.8155E+28    3.4515E+29    1.1731E+30    3.2481E+30    4.5011E+30    2.6646E+30    6.5567E+29    6.1515E+28    5.6789E+28    1.8072E+29    5.6813E+29    1.6384E+30    3.7322E+30    4.8267E+30    2.4032E+30    4.7415E+29    4.9620E+28    1.3499E+29    3.1252E+29    6.0079E+29    8.5702E+29    8.8677E+29    6.4935E+29    3.9055E+29
    1.0038E+02   -1.3947E+01    1.4037E+02    1.1788E+08    1.1028E+00    3.2594E-01    9.7123E+28    3.4224E+29    1.1646E+30    3.2237E+30    4.4639E+30    2.6455E+30    6.5032E+29    6.0903E+28    5.6090E+28    1.7886E+29    5.6357E+29    1.6250E+30    3.7061E+30    4.7934E+30    2.3841E+30    4.7041E+29    4.9006E+28    1.3354E+29    3.1003E+29    5.9555E+29    8.5035E+29    8.8038E+29    6.4242E+29    3.8815E+29
    1.0120E+02   -7.8398E+00    1.4091E+02    1.1622E+08    1.0991E+00    3.2589E-01    9.6360E+28    3.3953E+29    1.1554E+30    3.1991E+30    4.4283E+30    2.6243E+30    6.4510E+29    6.0430E+28    5.5667E+28    1.7748E+29    5.5914E+29    1.6124E+30    3.6791E+30    4.7559E+30    2.3650E+30    4.6681E+29    4.8630E+28    1.3249E+29    3.0748E+29    5.9103E+29    8.4425E+29    8.7411E+29    6.3701E+29    3.8504E+29
    1.0167E+02   -1.7032E+00    1.4144E+02    1.1470E+08    1.0958E+00    3.2582E-01    9.5991E+28    3.3762E+29    1.1476E+30    3.1784E+30    4.4023E+30    2.6046E+30    6.4063E+29    6.0040E+28    5.5530E+28    1.7675E+29    5.5575E+29    1.6025E+30    3.6517E+30    4.7219E+30    2.3502E+30    4.6366E+29    4.8508E+28    1.3199E+29    3.0566E+29    5.8773E+29    8.3891E+29    8.6822E+29    6.3592E+29    3.8262E+29
    1.0179E+02    4.4432E+00    1.4196E+02    1.1330E+08    1.0926E+00    3.2574E-01    9.5303E+28    3.3550E+29    1.1400E+30    3.1562E+30    4.3691E+30    2.5866E+30    6.3577E+29    5.9580E+28    5.5075E+28    1.7551E+29    5.5192E+29    1.5908E+30    3.6261E+30    4.6897E+30    2.3330E+30    4.6025E+29    4.8143E+28    1.3116E+29    3.0369E+29    5.8341E+29    8.3256E+29    8.6251E+29    6.3027E+29    3.8042E+29
    1.0156E+02    1.0579E+01    1.4249E+02    1.1194E+08    1.0896E+00    3.2564E-01    9.4035E+28    3.3141E+29    1.1281E+30    3.1236E+30    4.3223E+30    2.5588E+30    6.2859E+29    5.8816E+28    5.4274E+28    1.7317E+29    5.4581E+29    1.5737E+30    3.5925E+30    4.6430E+30    2.3070E+30    4.5520E+29    4.7392E+28    1.2920E+29    3.0004E+29    5.7697E+29    8.2428E+29    8.5337E+29    6.2202E+29    3.7633E+29
    1.0098E+02    1.6684E+01    1.4301E+02    1.1068E+08    1.0867E+00    3.2553E-01    9.3664E+28    3.2983E+29    1.1210E+30    3.1039E+30    4.2973E+30    2.5414E+30    6.2441E+29    5.8481E+28    5.4121E+28    1.7250E+29    5.4266E+29    1.5643E+30    3.5665E+30    4.6108E+30    2.2922E+30    4.5220E+29    4.7292E+28    1.2883E+29    2.9841E+29    5.7363E+29    8.1898E+29    8.4839E+29    6.2073E+29    3.7410E+29
    1.0006E+02    2.2738E+01    1.4353E+02    1.0950E+08    1.0840E+00    3.2540E-01    9.3083E+28    3.2723E+29    1.1117E+30    3.0789E+30    4.2593E+30    2.5191E+30    6.1904E+29    5.8014E+28    5.3818E+28    1.7131E+29    5.3837E+29    1.5510E+30    3.5351E+30    4.5701E+30    2.2733E+30    4.4845E+29    4.7031E+28    1.2799E+29    2.9619E+29    5.6887E+29    8.1247E+29    8.4124E+29    6.1540E+29    3.7095E+29
    9.8805E+01    2.8712E+01    1.4407E+02    1.0832E+08    1.0812E+00    3.2526E-01    9.1583E+28    3.2278E+29    1.0981E+30    3.0398E+30    4.2042E+30    2.4877E+30    6.1076E+29    5.7123E+28    5.2857E+28    1.6859E+29    5.3136E+29    1.5312E+30    3.4926E+30    4.5149E+30    2.2433E+30    4.4247E+29    4.6182E+28    1.2582E+29    2.9220E+29    5.6125E+29    8.0194E+29    8.3066E+29    6.0613E+29    3.6645E+29
    9.7210E+01    3.4589E+01    1.4460E+02    1.0720E+08    1.0786E+00    3.2511E-01    9.0994E+28    3.2068E+29    1.0911E+30    3.0201E+30    4.1782E+30    2.4711E+30    6.0657E+29    5.6745E+28    5.2512E+28    1.6752E+29    5.2793E+29    1.5218E+30    3.4710E+30    4.4858E+30    2.2280E+30    4.3953E+29    4.5870E+28    1.2499E+29    2.9018E+29    5.5791E+29    7.9670E+29    8.2565E+29    6.0294E+29    3.6410E+29
    9.5153E+01    4.0702E+01    1.4519E+02    1.0594E+08    1.0756E+00    3.2495E-01    9.0225E+28    3.1721E+29    1.0775E+30    2.9842E+30    4.1261E+30    2.4388E+30    5.9902E+29    5.6116E+28    5.2146E+28    1.6601E+29    5.2176E+29    1.5030E+30    3.4258E+30    4.4272E+30    2.2010E+30    4.3424E+29    4.5570E+28    1.2399E+29    2.8689E+29    5.5104E+29    7.8734E+29    8.1535E+29    5.9680E+29    3.5956E+29
    9.2731E+01    4.6653E+01    1.4578E+02    1.0471E+08    1.0726E+00    3.2479E-01    8.9365E+28    3.1471E+29    1.0692E+30    2.9588E+30    4.0915E+30    2.4189E+30    5.9385E+29    5.5572E+28    5.1593E+28    1.6451E+29    5.1754E+29    1.4905E+30    3.3980E+30    4.3937E+30    2.1829E+30    4.3066E+29    4.5094E+28    1.2288E+29    2.8465E+29    5.4646E+29    7.8083E+29    8.0888E+29    5.9132E+29    3.5695E+29
    8.9957E+01    5.2415E+01    1.4639E+02    1.0340E+08    1.0695E+00    3.2463E-01    8.8131E+28    3.1067E+29    1.0571E+30    2.9261E+30    4.0454E+30    2.3924E+30    5.8685E+29    5.4842E+28    5.0832E+28    1.6222E+29    5.1144E+29    1.4746E+30    3.3638E+30    4.3455E+30    2.1576E+30    4.2550E+29    4.4384E+28    1.2097E+29    2.8098E+29    5.4070E+29    7.7197E+29    7.9985E+29    5.8367E+29    3.5295E+29
    8.6842E+01    5.7965E+01    1.4701E+02    1.0205E+08    1.0663E+00    3.2449E-01    8.7708E+28    3.0876E+29    1.0488E+30    2.9039E+30    4.0159E+30    2.3722E+30    5.8260E+29    5.4518E+28    5.0658E+28    1.6147E+29    5.0782E+29    1.4628E+30    3.3353E+30    4.3108E+30    2.1419E+30    4.2269E+29    4.4263E+28    1.2057E+29    2.7920E+29    5.3637E+29    7.6668E+29    7.9406E+29    5.8146E+29    3.5035E+29
    8.3403E+01    6.3283E+01    1.4764E+02    1.0065E+08    1.0630E+00    3.2434E-01    8.7215E+28    3.0657E+29    1.0407E+30    2.8816E+30    3.9823E+30    2.3538E+30    5.7796E+29    5.4153E+28    5.0421E+28    1.6052E+29    5.0416E+29    1.4513E+30    3.3086E+30    4.2780E+30    2.1261E+30    4.1911E+29    4.4074E+28    1.1994E+29    2.7738E+29    5.3232E+29    7.6104E+29    7.8859E+29    5.7640E+29    3.4777E+29
    7.9654E+01    6.8350E+01    1.4829E+02    9.9167E+07    1.0595E+00    3.2422E-01    8.6030E+28    3.0312E+29    1.0307E+30    2.8523E+30    3.9440E+30    2.3315E+30    5.7201E+29    5.3423E+28    4.9666E+28    1.5843E+29    4.9909E+29    1.4375E+30    3.2791E+30    4.2361E+30    2.1041E+30    4.1506E+29    4.3383E+28    1.1822E+29    2.7450E+29    5.2762E+29    7.5346E+29    7.8057E+29    5.7020E+29    3.4469E+29
    7.5615E+01    7.3150E+01    1.4896E+02    9.7591E+07    1.0559E+00    3.2410E-01    8.5242E+28    3.0030E+29    1.0209E+30    2.8265E+30    3.9103E+30    2.3102E+30    5.6704E+29    5.2999E+28    4.9223E+28    1.5700E+29    4.9447E+29    1.4242E+30    3.2486E+30    4.1977E+30    2.0845E+30    4.1143E+29    4.2994E+28    1.1714E+29    2.7193E+29    5.2277E+29    7.4688E+29    7.7353E+29    5.6650E+29    3.4163E+29
    7.1305E+01    7.7668E+01    1.4964E+02    9.5965E+07    1.0521E+00    3.2400E-01    8.5015E+28    2.9877E+29    1.0139E+30    2.8078E+30    3.8819E+30    2.2934E+30    5.6322E+29    5.2784E+28    4.9176E+28    1.5657E+29    4.9155E+29    1.4142E+30    3.2243E+30    4.1697E+30    2.0727E+30    4.0875E+29    4.2976E+28    1.1700E+29    2.7065E+29    5.1940E+29    7.4266E+29    7.6961E+29    5.6252E+29    3.3946E+29
    6.6743E+01    8.1892E+01    1.5033E+02    9.4295E+07    1.0483E+00    3.2391E-01    8.4200E+28    2.9638E+29    1.0063E+30    2.7853E+30    3.8511E+30    2.2760E+30    5.5878E+29    5.2252E+28    4.8680E+28    1.5517E+29    4.8784E+29    1.4037E+30    3.2018E+30    4.1383E+30    2.0569E+30    4.0567E+29    4.2546E+28    1.1595E+29    2.6879E+29    5.1604E+29    7.3738E+29    7.6336E+29    5.5799E+29    3.3702E+29
    6.1949E+01    8.5815E+01    1.5103E+02    9.2590E+07    1.0443E+00    3.2383E-01    8.3317E+28    2.9339E+29    9.9728E+29    2.7627E+30    3.8208E+30    2.2576E+30    5.5390E+29    5.1716E+28    4.8140E+28    1.5354E+29    4.8325E+29    1.3920E+30    3.1762E+30    4.1058E+30    2.0383E+30    4.0213E+29    4.2032E+28    1.1457E+29    2.6590E+29    5.1156E+29    7.3120E+29    7.5700E+29    5.5376E+29    3.3436E+29
    5.6944E+01    8.9429E+01    1.5175E+02    9.0830E+07    1.0402E+00    3.2376E-01    8.2842E+28    2.9144E+29    9.8897E+29    2.7392E+30    3.7877E+30    2.2374E+30    5.4945E+29    5.1412E+28    4.7957E+28    1.5278E+29    4.7975E+29    1.3801E+30    3.1477E+30    4.0697E+30    2.0227E+30    3.9918E+29    4.1902E+28    1.1418E+29    2.6445E+29    5.0788E+29    7.2572E+29    7.5147E+29    5.4962E+29    3.3154E+29
    5.1747E+01    9.2728E+01    1.5247E+02    8.9075E+07    1.0360E+00    3.2369E-01    8.2610E+28    2.9002E+29    9.8290E+29    2.7215E+30    3.7633E+30    2.2243E+30    5.4582E+29    5.1146E+28    4.7880E+28    1.5230E+29    4.7729E+29    1.3717E+30    3.1281E+30    4.0470E+30    2.0111E+30    3.9653E+29    4.1867E+28    1.1397E+29    2.6344E+29    5.0562E+29    7.2249E+29    7.4758E+29    5.4620E+29    3.2965E+29
    4.6378E+01    9.5709E+01    1.5319E+02    8.7347E+07    1.0319E+00    3.2363E-01    8.1622E+28    2.8716E+29    9.7516E+29    2.7013E+30    3.7359E+30    2.2075E+30    5.4166E+29    5.0610E+28    4.7244E+28    1.5057E+29    4.7315E+29    1.3608E+30    3.1062E+30    4.0165E+30    1.9946E+30    3.9351E+29    4.1276E+28    1.1250E+29    2.6088E+29    5.0114E+29    7.1658E+29    7.4139E+29    5.4211E+29    3.2726E+29
    4.0858E+01    9.8366E+01    1.5392E+02    8.5620E+07    1.0277E+00    3.2356E-01    8.0910E+28    2.8466E+29    9.6641E+29    2.6785E+30    3.7049E+30    2.1878E+30    5.3691E+29    5.0190E+28    4.6850E+28    1.4932E+29    4.6906E+29    1.3487E+30    3.0794E+30    3.9814E+30    1.9777E+30    3.9055E+29    4.0921E+28    1.1155E+29    2.5866E+29    4.9688E+29    7.1070E+29    7.3529E+29    5.3847E+29    3.2478E+29
    3.5203E+01    1.0070E+02    1.5466E+02    8.3912E+07    1.0235E+00    3.2349E-01    8.0586E+28    2.8293E+29    9.5867E+29    2.6551E+30    3.6722E+30    2.1694E+30    5.3226E+29    4.9828E+28    4.6750E+28    1.4873E+29    4.6593E+29    1.3382E+30    3.0530E+30    3.9507E+30    1.9637E+30    3.8715E+29    4.0867E+28    1.1130E+29    2.5743E+29    4.9402E+29    7.0620E+29    7.3045E+29    5.3406E+29    3.2239E+29
    2.9435E+01    1.0271E+02    1.5540E+02    8.2260E+07    1.0193E+00    3.2342E-01    7.9864E+28    2.8055E+29    9.5077E+29    2.6335E+30    3.6415E+30    2.1515E+30    5.2786E+29    4.9384E+28    4.6329E+28    1.4748E+29    4.6210E+29    1.3271E+30    3.0289E+30    3.9177E+30    1.9469E+30    3.8409E+29    4.0497E+28    1.1039E+29    2.5539E+29    4.9008E+29    7.0064E+29    7.2445E+29    5.2961E+29    3.2005E+29
    2.3571E+01    1.0439E+02    1.5614E+02    8.0659E+07    1.0152E+00    3.2334E-01    7.8953E+28    2.7766E+29    9.4207E+29    2.6118E+30    3.6131E+30    2.1318E+30    5.2287E+29    4.8862E+28    4.5781E+28    1.4581E+29    4.5785E+29    1.3149E+30    3.0034E+30    3.8834E+30    1.9283E+30    3.8079E+29    3.9978E+28    1.0897E+29    2.5276E+29    4.8525E+29    6.9443E+29    7.1848E+29    5.2633E+29    3.1724E+29
    1.7630E+01    1.0573E+02    1.5688E+02    7.9089E+07    1.0111E+00    3.2326E-01    7.8484E+28    2.7587E+29    9.3546E+29    2.5929E+30    3.5862E+30    2.1163E+30    5.1923E+29    4.8533E+28    4.5537E+28    1.4501E+29    4.5487E+29    1.3060E+30    2.9818E+30    3.8574E+30    1.9175E+30    3.7814E+29    3.9780E+28    1.0842E+29    2.5134E+29    4.8256E+29    6.9011E+29    7.1425E+29    5.2244E+29    3.1499E+29
    1.1631E+01    1.0675E+02    1.5762E+02    7.7605E+07    1.0071E+00    3.2316E-01    7.8155E+28    2.7401E+29    9.2740E+29    2.5699E+30    3.5527E+30    2.0985E+30    5.1454E+29    4.8183E+28    4.5403E+28    1.4431E+29    4.5138E+29    1.2947E+30    2.9573E+30    3.8225E+30    1.9006E+30    3.7482E+29    3.9690E+28    1.0808E+29    2.4979E+29    4.7882E+29    6.8534E+29    7.0788E+29    5.1766E+29    3.1269E+29
    5.5933E+00    1.0744E+02    1.5836E+02    7.6189E+07    1.0032E+00    3.2306E-01    7.7193E+28    2.7121E+29    9.1904E+29    2.5465E+30    3.5205E+30    2.0783E+30    5.0941E+29    4.7576E+28    4.4823E+28    1.4269E+29    4.4722E+29    1.2826E+30    2.9292E+30    3.7885E+30    1.8825E+30    3.7133E+29    3.9165E+28    1.0677E+29    2.4744E+29    4.7428E+29    6.7867E+29    7.0170E+29    5.1331E+29    3.1012E+29
   -4.6202E-01    1.0779E+02    1.5910E+02    7.4821E+07    9.9927E-01    3.2295E-01    7.6421E+28    2.6860E+29    9.1101E+29    2.5267E+30    3.4937E+30    2.0595E+30    5.0468E+29    4.7107E+28    4.4354E+28    1.4132E+29    4.4332E+29    1.2723E+30    2.9052E+30    3.7573E+30    1.8659E+30    3.6834E+29    3.8716E+28    1.0562E+29    2.4505E+29    4.7083E+29    6.7315E+29    6.9655E+29    5.1045E+29    3.0747E+29
   -6.5171E+00    1.0781E+02    1.5984E+02    7.3530E+07    9.9516E-01    3.2284E-01    7.5997E+28    2.6691E+29    9.0394E+29    2.5054E+30    3.4634E+30    2.0435E+30    5.0085E+29    4.6811E+28    4.4183E+28    1.4058E+29    4.4026E+29    1.2620E+30    2.8824E+30    3.7276E+30    1.8528E+30    3.6547E+29    3.8589E+28    1.0519E+29    2.4373E+29    4.6720E+29    6.6889E+29    6.9104E+29    5.0584E+29    3.0524E+29
   -1.2553E+01    1.0750E+02    1.6059E+02    7.2279E+07    9.9102E-01    3.2272E-01    7.5571E+28    2.6480E+29    8.9538E+29    2.4815E+30    3.4292E+30    2.0239E+30    4.9612E+29    4.6424E+28    4.3986E+28    1.3973E+29    4.3648E+29    1.2498E+30    2.8552E+30    3.6903E+30    1.8343E+30    3.6211E+29    3.8450E+28    1.0471E+29    2.4193E+29    4.6311E+29    6.6315E+29    6.8459E+29    5.0102E+29    3.0273E+29
   -1.8550E+01    1.0685E+02    1.6134E+02    7.1057E+07    9.8696E-01    3.2260E-01    7.4685E+28    2.6224E+29    8.8840E+29    2.4625E+30    3.4052E+30    2.0079E+30    4.9196E+29    4.5917E+28    4.3446E+28    1.3826E+29    4.3296E+29    1.2405E+30    2.8331E+30    3.6640E+30    1.8209E+30    3.5930E+29    3.7936E+28    1.0344E+29    2.3977E+29    4.5993E+29    6.5784E+29    6.7989E+29    4.9829E+29    3.0041E+29
   -2.4490E+01    1.0588E+02    1.6209E+02    6.9884E+07    9.8305E-01    3.2248E-01    7.3980E+28    2.5982E+29    8.8012E+29    2.4409E+30    3.3754E+30    1.9884E+30    4.8729E+29    4.5476E+28    4.3056E+28    1.3705E+29    4.2904E+29    1.2293E+30    2.8080E+30    3.6324E+30    1.8052E+30    3.5631E+29    3.7578E+28    1.0249E+29    2.3749E+29    4.5572E+29    6.5231E+29    6.7473E+29    4.9435E+29    2.9754E+29
   -3.0351E+01    1.0459E+02    1.6285E+02    6.8723E+07    9.7923E-01    3.2235E-01    7.3596E+28    2.5809E+29    8.7284E+29    2.4191E+30    3.3438E+30    1.9717E+30    4.8291E+29    4.5123E+28    4.2893E+28    1.3636E+29    4.2620E+29    1.2189E+30    2.7842E+30    3.5994E+30    1.7891E+30    3.5311E+29    3.7464E+28    1.0213E+29    2.3643E+29    4.5253E+29    6.4783E+29    6.6861E+29    4.8972E+29    2.9539E+29
   -3.6115E+01    1.0297E+02    1.6362E+02    6.7536E+07    9.7540E-01    3.2223E-01    7.3158E+28    2.5632E+29    8.6633E+29    2.4009E+30    3.3180E+30    1.9568E+30    4.7941E+29    4.4784E+28    4.2661E+28    1.3557E+29    4.2332E+29    1.2099E+30    2.7632E+30    3.5713E+30    1.7758E+30    3.5069E+29    3.7273E+28    1.0162E+29    2.3505E+29    4.4974E+29    6.4354E+29    6.6387E+29    4.8624E+29    2.9367E+29
   -4.1766E+01    1.0105E+02    1.6440E+02    6.6356E+07    9.7152E-01    3.2210E-01    7.2064E+28    2.5297E+29    8.5655E+29    2.3756E+30    3.2836E+30    1.9342E+30    4.7384E+29    4.4214E+28    4.1999E+28    1.3366E+29    4.1855E+29    1.1972E+30    2.7344E+30    3.5349E+30    1.7564E+30    3.4700E+29    3.6652E+28    9.9996E+28    2.3211E+29    4.4494E+29    6.3673E+29    6.5794E+29    4.8202E+29    2.9003E+29
   -4.7282E+01    9.8818E+01    1.6519E+02    6.5152E+07    9.6757E-01    3.2198E-01    7.1516E+28    2.5096E+29    8.4964E+29    2.3571E+30    3.2574E+30    1.9186E+30    4.7002E+29    4.3864E+28    4.1703E+28    1.3266E+29    4.1541E+29    1.1883E+30    2.7141E+30    3.5083E+30    1.7435E+30    3.4456E+29    3.6393E+28    9.9259E+28    2.3044E+29    4.4205E+29    6.3258E+29    6.5298E+29    4.7852E+29    2.8794E+29
   -5.2647E+01    9.6292E+01    1.6598E+02    6.3953E+07    9.6362E-01    3.2187E-01    7.1411E+28    2.5009E+29    8.4475E+29    2.3415E+30    3.2370E+30    1.9083E+30    4.6732E+29    4.3659E+28    4.1718E+28    1.3254E+29    4.1360E+29    1.1810E+30    2.6964E+30    3.4871E+30    1.7340E+30    3.4262E+29    3.6435E+28    9.9378E+28    2.3004E+29    4.4015E+29    6.2953E+29    6.4985E+29    4.7561E+29    2.8695E+29
   -5.7847E+01    9.3481E+01    1.6679E+02    6.2717E+07    9.5963E-01    3.2176E-01    7.0664E+28    2.4757E+29    8.3643E+29    2.3189E+30    3.2057E+30    1.8893E+30    4.6273E+29    4.3194E+28    4.1289E+28    1.3119E+29    4.0968E+29    1.1696E+30    2.6694E+30    3.4532E+30    1.7178E+30    3.3944E+29    3.6066E+28    9.8382E+28    2.2797E+29    4.3630E+29    6.2357E+29    6.4408E+29    4.7180E+29    2.8450E+29
   -6.2866E+01    9.0394E+01    1.6761E+02    6.1458E+07    9.5562E-01    3.2166E-01    6.9850E+28    2.4492E+29    8.2813E+29    2.2988E+30    3.1812E+30    1.8716E+30    4.5839E+29    4.2750E+28    4.0816E+28    1.2974E+29    4.0555E+29    1.1589E+30    2.6488E+30    3.4277E+30    1.7043E+30    3.3699E+29    3.5616E+28    9.7162E+28    2.2541E+29    4.3196E+29    6.1937E+29    6.3975E+29    4.6881E+29    2.8179E+29
   -6.7692E+01    8.7045E+01    1.6845E+02    6.0163E+07    9.5145E-01    3.2156E-01    6.9248E+28    2.4267E+29    8.2024E+29    2.2758E+30    3.1515E+30    1.8552E+30    4.5407E+29    4.2364E+28    4.0489E+28    1.2870E+29    4.0204E+29    1.1479E+30    2.6227E+30    3.3945E+30    1.6891E+30    3.3426E+29    3.5334E+28    9.6420E+28    2.2368E+29    4.2852E+29    6.1358E+29    6.3415E+29    4.6487E+29    2.7957E+29
   -7.2310E+01    8.3447E+01    1.6929E+02    5.8873E+07    9.4726E-01    3.2147E-01    6.9125E+28    2.4176E+29    8.1535E+29    2.2637E+30    3.1313E+30    1.8467E+30    4.5213E+29    4.2235E+28    4.0492E+28    1.2842E+29    4.0001E+29    1.1421E+30    2.6071E+30    3.3720E+30    1.6803E+30    3.3322E+29    3.5368E+28    9.6410E+28    2.2291E+29    4.2738E+29    6.1133E+29    6.3028E+29    4.6227E+29    2.7939E+29
   -7.6710E+01    7.9615E+01    1.7015E+02    5.7556E+07    9.4300E-01    3.2138E-01    6.8431E+28    2.3945E+29    8.0747E+29    2.2408E+30    3.1017E+30    1.8285E+30    4.4774E+29    4.1812E+28    4.0109E+28    1.2726E+29    3.9655E+29    1.1304E+30    2.5810E+30    3.3411E+30    1.6641E+30    3.3042E+29    3.5035E+28    9.5551E+28    2.2131E+29    4.2318E+29    6.0565E+29    6.2529E+29    4.5841E+29    2.7684E+29
   -8.0884E+01    7.5559E+01    1.7102E+02    5.6232E+07    9.3877E-01    3.2130E-01    6.7559E+28    2.3667E+29    7.9994E+29    2.2204E+30    3.0763E+30    1.8121E+30    4.4361E+29    4.1411E+28    3.9585E+28    1.2570E+29    3.9261E+29    1.1208E+30    2.5588E+30    3.3129E+30    1.6509E+30    3.2805E+29    3.4539E+28    9.4213E+28    2.1880E+29    4.2018E+29    5.9998E+29    6.1974E+29    4.5566E+29    2.7430E+29
   -8.4824E+01    7.1297E+01    1.7190E+02    5.4912E+07    9.3451E-01    3.2122E-01    6.7136E+28    2.3488E+29    7.9283E+29    2.2016E+30    3.0494E+30    1.7982E+30    4.3972E+29    4.1102E+28    3.9390E+28    1.2494E+29    3.8961E+29    1.1113E+30    2.5374E+30    3.2845E+30    1.6369E+30    3.2547E+29    3.4384E+28    9.3720E+28    2.1733E+29    4.1701E+29    5.9610E+29    6.1520E+29    4.5167E+29    2.7247E+29
   -8.8522E+01    6.6840E+01    1.7279E+02    5.3601E+07    9.3019E-01    3.2114E-01    6.6886E+28    2.3371E+29    7.8761E+29    2.1837E+30    3.0261E+30    1.7846E+30    4.3670E+29    4.0844E+28    3.9289E+28    1.2460E+29    3.8769E+29    1.1023E+30    2.5164E+30    3.2598E+30    1.6257E+30    3.2328E+29    3.4314E+28    9.3663E+28    2.1702E+29    4.1424E+29    5.9215E+29    6.1140E+29    4.4868E+29    2.7129E+29
   -9.1974E+01    6.2204E+01    1.7368E+02    5.2320E+07    9.2599E-01    3.2106E-01    6.6350E+28    2.3183E+29    7.8139E+29    2.1678E+30    3.0033E+30    1.7706E+30    4.3344E+29    4.0518E+28    3.9002E+28    1.2356E+29    3.8474E+29    1.0944E+30    2.4980E+30    3.2361E+30    1.6134E+30    3.2120E+29    3.4070E+28    9.2873E+28    2.1546E+29    4.1176E+29    5.8831E+29    6.0720E+29    4.4587E+29    2.6917E+29
   -9.5173E+01    5.7403E+01    1.7458E+02    5.1055E+07    9.2186E-01    3.2098E-01    6.5546E+28    2.2938E+29    7.7326E+29    2.1464E+30    2.9762E+30    1.7531E+30    4.2875E+29    4.0069E+28    3.8521E+28    1.2230E+29    3.8104E+29    1.0832E+30    2.4749E+30    3.2066E+30    1.5986E+30    3.1825E+29    3.3617E+28    9.1842E+28    2.1333E+29    4.0739E+29    5.8310E+29    6.0213E+29    4.4202E+29    2.6623E+29
   -9.8115E+01    5.2452E+01    1.7549E+02    4.9822E+07    9.1774E-01    3.2089E-01    6.5063E+28    2.2732E+29    7.6633E+29    2.1262E+30    2.9482E+30    1.7379E+30    4.2478E+29    3.9690E+28    3.8272E+28    1.2134E+29    3.7776E+29    1.0736E+30    2.4512E+30    3.1767E+30    1.5841E+30    3.1554E+29    3.3413E+28    9.1160E+28    2.1170E+29    4.0458E+29    5.7812E+29    5.9685E+29    4.3813E+29    2.6480E+29
   -1.0080E+02    4.7361E+01    1.7640E+02    4.8652E+07    9.1349E-01    3.2081E-01    6.4880E+28    2.2634E+29    7.6042E+29    2.1121E+30    2.9244E+30    1.7243E+30    4.2200E+29    3.9471E+28    3.8243E+28    1.2106E+29    3.7535E+29    1.0658E+30    2.4338E+30    3.1531E+30    1.5722E+30    3.1338E+29    3.3414E+28    9.1173E+28    2.1077E+29    4.0235E+29    5.7561E+29    5.9366E+29    4.3489E+29    2.6290E+29
   -1.0322E+02    4.2147E+01    1.7731E+02    4.7551E+07    9.0882E-01    3.2071E-01    6.4329E+28    2.2463E+29    7.5491E+29    2.0944E+30    2.9012E+30    1.7095E+30    4.1838E+29    3.9095E+28    3.7918E+28    1.2013E+29    3.7301E+29    1.0572E+30    2.4137E+30    3.1279E+30    1.5597E+30    3.1101E+29    3.3133E+28    9.0486E+28    2.0987E+29    3.9965E+29    5.7096E+29    5.8920E+29    4.3201E+29    2.6068E+29
   -1.0538E+02    3.6824E+01    1.7822E+02    4.6533E+07    9.0364E-01    3.2061E-01    6.3609E+28    2.2212E+29    7.4683E+29    2.0740E+30    2.8737E+30    1.6936E+30    4.1383E+29    3.8643E+28    3.7504E+28    1.1879E+29    3.6883E+29    1.0472E+30    2.3899E+30    3.0978E+30    1.5452E+30    3.0802E+29    3.2751E+28    8.9369E+28    2.0720E+29    3.9600E+29    5.6524E+29    5.8317E+29    4.2813E+29    2.5847E+29
   -1.0727E+02    3.1402E+01    1.7913E+02    4.5587E+07    8.9869E-01    3.2050E-01    6.3082E+28    2.2020E+29    7.4028E+29    2.0569E+30    2.8502E+30    1.6798E+30    4.1041E+29    3.8324E+28    3.7212E+28    1.1783E+29    3.6585E+29    1.0385E+30    2.3702E+30    3.0721E+30    1.5327E+30    3.0544E+29    3.2493E+28    8.8653E+28    2.0560E+29    3.9309E+29    5.6139E+29    5.7919E+29    4.2494E+29    2.5687E+29
   -1.0890E+02    2.5895E+01    1.8004E+02    4.4710E+07    8.9400E-01    3.2038E-01    6.2892E+28    2.1895E+29    7.3478E+29    2.0387E+30    2.8232E+30    1.6636E+30    4.0678E+29    3.8006E+28    3.7169E+28    1.1744E+29    3.6346E+29    1.0299E+30    2.3492E+30    3.0454E+30    1.5190E+30    3.0280E+29    3.2502E+28    8.8591E+28    2.0482E+29    3.9075E+29    5.5743E+29    5.7521E+29    4.2134E+29    2.5449E+29
   -1.1027E+02    2.0315E+01    1.8096E+02    4.3870E+07    8.8959E-01    3.2024E-01    6.2164E+28    2.1662E+29    7.2610E+29    2.0147E+30    2.7897E+30    1.6436E+30    4.0190E+29    3.7536E+28    3.6740E+28    1.1621E+29    3.5953E+29    1.0176E+30    2.3209E+30    3.0096E+30    1.5013E+30    2.9945E+29    3.2129E+28    8.7702E+28    2.0279E+29    3.8649E+29    5.5120E+29    5.6867E+29    4.1663E+29    2.5144E+29
   -1.1137E+02    1.4676E+01    1.8187E+02    4.3069E+07    8.8546E-01    3.2009E-01    6.1440E+28    2.1416E+29    7.1967E+29    1.9967E+30    2.7672E+30    1.6296E+30    3.9790E+29    3.7137E+28    3.6298E+28    1.1484E+29    3.5642E+29    1.0084E+30    2.3005E+30    2.9835E+30    1.4884E+30    2.9676E+29    3.1709E+28    8.6506E+28    2.0095E+29    3.8271E+29    5.4629E+29    5.6382E+29    4.1348E+29    2.4976E+29
   -1.1220E+02    8.9916E+00    1.8279E+02    4.2285E+07    8.8141E-01    3.1992E-01    6.0778E+28    2.1180E+29    7.1143E+29    1.9742E+30    2.7345E+30    1.6106E+30    3.9325E+29    3.6684E+28    3.5932E+28    1.1363E+29    3.5221E+29    9.9729E+29    2.2735E+30    2.9482E+30    1.4705E+30    2.9339E+29    3.1391E+28    8.5622E+28    1.9859E+29    3.7918E+29    5.4046E+29    5.5763E+29    4.0885E+29    2.4734E+29
   -1.1277E+02    3.2707E+00    1.8372E+02    4.1528E+07    8.7742E-01    3.1974E-01    6.0300E+28    2.0985E+29    7.0316E+29    1.9505E+30    2.6990E+30    1.5893E+30    3.8844E+29    3.6261E+28    3.5673E+28    1.1273E+29    3.4882E+29    9.8516E+29    2.2460E+30    2.9130E+30    1.4526E+30    2.8988E+29    3.1198E+28    8.5126E+28    1.9726E+29    3.7499E+29    5.3464E+29    5.5154E+29    4.0362E+29    2.4397E+29
   -1.1307E+02   -2.4707E+00    1.8465E+02    4.0796E+07    8.7354E-01    3.1955E-01    5.9801E+28    2.0797E+29    6.9647E+29    1.9305E+30    2.6714E+30    1.5725E+30    3.8427E+29    3.5878E+28    3.5387E+28    1.1181E+29    3.4558E+29    9.7517E+29    2.2219E+30    2.8823E+30    1.4376E+30    2.8707E+29    3.0962E+28    8.4502E+28    1.9568E+29    3.7163E+29    5.2926E+29    5.4601E+29    3.9986E+29    2.4143E+29
   -1.1311E+02   -8.2222E+00    1.8559E+02    4.0085E+07    8.6979E-01    3.1933E-01    5.8766E+28    2.0462E+29    6.8614E+29    1.9034E+30    2.6347E+30    1.5510E+30    3.7830E+29    3.5274E+28    3.4752E+28    1.0991E+29    3.4028E+29    9.6154E+29    2.1911E+30    2.8412E+30    1.4171E+30    2.8268E+29    3.0377E+28    8.2926E+28    1.9236E+29    3.6638E+29    5.2186E+29    5.3834E+29    3.9454E+29    2.3851E+29
   -1.1288E+02   -1.3970E+01    1.8654E+02    3.9389E+07    8.6614E-01    3.1910E-01    5.8026E+28    2.0201E+29    6.7752E+29    1.8793E+30    2.6010E+30    1.5309E+30    3.7333E+29    3.4801E+28    3.4320E+28    1.0853E+29    3.3615E+29    9.4930E+29    2.1633E+30    2.8053E+30    1.3983E+30    2.7902E+29    2.9994E+28    8.1860E+28    1.9008E+29    3.6172E+29    5.1551E+29    5.3194E+29    3.8966E+29    2.3585E+29
   -1.1239E+02   -1.9698E+01    1.8750E+02    3.8716E+07    8.6260E-01    3.1886E-01    5.7508E+28    1.9995E+29    6.6943E+29    1.8556E+30    2.5658E+30    1.5097E+30    3.6845E+29    3.4365E+28    3.4042E+28    1.0752E+29    3.3221E+29    9.3709E+29    2.1347E+30    2.7687E+30    1.3803E+30    2.7555E+29    2.9780E+28    8.1253E+28    1.8821E+29    3.5771E+29    5.0940E+29    5.2554E+29    3.8447E+29    2.3239E+29
   -1.1163E+02   -2.5394E+01    1.8848E+02    3.8042E+07    8.5904E-01    3.1860E-01    5.6889E+28    1.9758E+29    6.6031E+29    1.8294E+30    2.5302E+30    1.4876E+30    3.6315E+29    3.3889E+28    3.3688E+28    1.0633E+29    3.2792E+29    9.2407E+29    2.1043E+30    2.7296E+30    1.3609E+30    2.7171E+29    2.9495E+28    8.0485E+28    1.8604E+29    3.5313E+29    5.0248E+29    5.1840E+29    3.7948E+29    2.2907E+29
   -1.1061E+02   -3.1044E+01    1.8946E+02    3.7400E+07    8.5560E-01    3.1833E-01    5.5997E+28    1.9477E+29    6.5214E+29    1.8066E+30    2.4990E+30    1.4700E+30    3.5817E+29    3.3382E+28    3.3127E+28    1.0471E+29    3.2363E+29    9.1290E+29    2.0780E+30    2.6960E+30    1.3435E+30    2.6798E+29    2.8980E+28    7.9118E+28    1.8340E+29    3.4875E+29    4.9598E+29    5.1196E+29    3.7506E+29    2.2679E+29
   -1.0933E+02   -3.6632E+01    1.9047E+02    3.6747E+07    8.5213E-01    3.1805E-01    5.4980E+28    1.9139E+29    6.4091E+29    1.7757E+30    2.4562E+30    1.4443E+30    3.5194E+29    3.2798E+28    3.2505E+28    1.0283E+29    3.1797E+29    8.9733E+29    2.0431E+30    2.6497E+30    1.3202E+30    2.6345E+29    2.8420E+28    7.7643E+28    1.8005E+29    3.4290E+29    4.8763E+29    5.0342E+29    3.6867E+29    2.2326E+29
   -1.0780E+02   -4.2145E+01    1.9148E+02    3.6121E+07    8.4883E-01    3.1776E-01    5.4463E+28    1.8954E+29    6.3399E+29    1.7555E+30    2.4262E+30    1.4266E+30    3.4763E+29    3.2396E+28    3.2219E+28    1.0188E+29    3.1483E+29    8.8701E+29    2.0185E+30    2.6178E+30    1.3044E+30    2.6051E+29    2.8189E+28    7.7037E+28    1.7869E+29    3.3928E+29    4.8238E+29    4.9779E+29    3.6438E+29    2.2043E+29
   -1.0601E+02   -4.7568E+01    1.9252E+02    3.5481E+07    8.4550E-01    3.1746E-01    5.3879E+28    1.8716E+29    6.2491E+29    1.7287E+30    2.3883E+30    1.4036E+30    3.4237E+29    3.1938E+28    3.1870E+28    1.0074E+29    3.1043E+29    8.7353E+29    1.9872E+30    2.5767E+30    1.2844E+30    2.5652E+29    2.7926E+28    7.6368E+28    1.7654E+29    3.3450E+29    4.7525E+29    4.9022E+29    3.5904E+29    2.1687E+29
   -1.0398E+02   -5.2887E+01    1.9356E+02    3.4865E+07    8.4227E-01    3.1715E-01    5.2952E+28    1.8436E+29    6.1674E+29    1.7065E+30    2.3583E+30    1.3860E+30    3.3751E+29    3.1443E+28    3.1298E+28    9.9067E+28    3.0634E+29    8.6259E+29    1.9619E+30    2.5446E+30    1.2673E+30    2.5294E+29    2.7387E+28    7.4936E+28    1.7407E+29    3.3025E+29    4.6925E+29    4.8422E+29    3.5464E+29    2.1458E+29
   -1.0172E+02   -5.8087E+01    1.9463E+02    3.4249E+07    8.3902E-01    3.1683E-01    5.1890E+28    1.8078E+29    6.0524E+29    1.6755E+30    2.3146E+30    1.3601E+30    3.3112E+29    3.0845E+28    3.0644E+28    9.7107E+28    3.0061E+29    8.4676E+29    1.9264E+30    2.4978E+30    1.2440E+30    2.4828E+29    2.6802E+28    7.3370E+28    1.7067E+29    3.2403E+29    4.6062E+29    4.7542E+29    3.4797E+29    2.1089E+29
   -9.9216E+01   -6.3151E+01    1.9571E+02    3.3638E+07    8.3583E-01    3.1652E-01    5.1339E+28    1.7883E+29    5.9864E+29    1.6564E+30    2.2871E+30    1.3442E+30    3.2727E+29    3.0496E+28    3.0346E+28    9.6087E+28    2.9741E+29    8.3726E+29    1.9037E+30    2.4691E+30    1.2296E+30    2.4566E+29    2.6549E+28    7.2653E+28    1.6907E+29    3.2070E+29    4.5564E+29    4.7028E+29    3.4409E+29    2.0843E+29
   -9.6491E+01   -6.8067E+01    1.9682E+02    3.3033E+07    8.3271E-01    3.1620E-01    5.0716E+28    1.7636E+29    5.8964E+29    1.6301E+30    2.2505E+30    1.3217E+30    3.2206E+29    3.0028E+28    2.9976E+28    9.4849E+28    2.9311E+29    8.2394E+29    1.8725E+30    2.4283E+30    1.2097E+30    2.4157E+29    2.6264E+28    7.1869E+28    1.6706E+29    3.1613E+29    4.4869E+29    4.6286E+29    3.3900E+29    2.0472E+29
   -9.3551E+01   -7.2821E+01    1.9795E+02    3.2440E+07    8.2802E-01    3.1588E-01    4.9856E+28    1.7355E+29    5.8109E+29    1.6062E+30    2.2174E+30    1.3025E+30    3.1705E+29    2.9529E+28    2.9460E+28    9.3269E+28    2.8874E+29    8.1198E+29    1.8448E+30    2.3927E+30    1.1914E+30    2.3782E+29    2.5798E+28    7.0616E+28    1.6459E+29    3.1172E+29    4.4223E+29    4.5632E+29    3.3420E+29    2.0209E+29
   -9.0403E+01   -7.7402E+01    1.9909E+02    3.1872E+07    8.2298E-01    3.1557E-01    4.9036E+28    1.7083E+29    5.7333E+29    1.5850E+30    2.1884E+30    1.2854E+30    3.1274E+29    2.9120E+28    2.8956E+28    9.1748E+28    2.8456E+29    8.0154E+29    1.8213E+30    2.3620E+30    1.1764E+30    2.3485E+29    2.5328E+28    6.9324E+28    1.6192E+29    3.0774E+29    4.3653E+29    4.5044E+29    3.2969E+29    1.9984E+29
   -8.7061E+01   -8.1797E+01    2.0026E+02    3.1322E+07    8.1797E-01    3.1526E-01    4.8197E+28    1.6795E+29    5.6403E+29    1.5595E+30    2.1527E+30    1.2644E+30    3.0767E+29    2.8654E+28    2.8458E+28    9.0184E+28    2.7982E+29    7.8873E+29    1.7918E+30    2.3241E+30    1.1572E+30    2.3129E+29    2.4888E+28    6.8120E+28    1.5918E+29    3.0297E+29    4.2971E+29    4.4343E+29    3.2429E+29    1.9662E+29
   -8.3533E+01   -8.6001E+01    2.0145E+02    3.0782E+07    8.1317E-01    3.1496E-01    4.7673E+28    1.6595E+29    5.5690E+29    1.5391E+30    2.1242E+30    1.2472E+30    3.0349E+29    2.8286E+28    2.8170E+28    8.9183E+28    2.7631E+29    7.7839E+29    1.7679E+30    2.2931E+30    1.1416E+30    2.2802E+29    2.4658E+28    6.7473E+28    1.5744E+29    2.9953E+29    4.2452E+29    4.3790E+29    3.2045E+29    1.9387E+29
   -7.9834E+01   -9.0002E+01    2.0266E+02    3.0236E+07    8.0851E-01    3.1466E-01    4.7150E+28    1.6396E+29    5.4944E+29    1.5185E+30    2.0957E+30    1.2304E+30    2.9963E+29    2.7925E+28    2.7861E+28    8.8193E+28    2.7260E+29    7.6765E+29    1.7436E+30    2.2617E+30    1.1268E+30    2.2485E+29    2.4417E+28    6.6852E+28    1.5552E+29    2.9582E+29    4.1890E+29    4.3218E+29    3.1644E+29    1.9121E+29
   -7.5974E+01   -9.3795E+01    2.0389E+02    2.9675E+07    8.0388E-01    3.1437E-01    4.6225E+28    1.6103E+29    5.4092E+29    1.4962E+30    2.0656E+30    1.2130E+30    2.9504E+29    2.7483E+28    2.7311E+28    8.6496E+28    2.6821E+29    7.5649E+29    1.7185E+30    2.2298E+30    1.1105E+30    2.2160E+29    2.3897E+28    6.5394E+28    1.5272E+29    2.9135E+29    4.1287E+29    4.2592E+29    3.1172E+29    1.8894E+29
   -7.1966E+01   -9.7374E+01    2.0513E+02    2.9101E+07    7.9930E-01    3.1409E-01    4.5561E+28    1.5877E+29    5.3363E+29    1.4776E+30    2.0400E+30    1.1981E+30    2.9141E+29    2.7150E+28    2.6894E+28    8.5257E+28    2.6452E+29    7.4704E+29    1.6975E+30    2.2029E+30    1.0971E+30    2.1924E+29    2.3518E+28    6.4385E+28    1.5039E+29    2.8762E+29    4.0780E+29    4.2097E+29    3.0780E+29    1.8669E+29
   -6.7822E+01   -1.0074E+02    2.0640E+02    2.8499E+07    7.9445E-01    3.1382E-01    4.4876E+28    1.5629E+29    5.2507E+29    1.4543E+30    2.0085E+30    1.1792E+30    2.8698E+29    2.6747E+28    2.6496E+28    8.3962E+28    2.6031E+29    7.3524E+29    1.6708E+30    2.1686E+30    1.0798E+30    2.1582E+29    2.3178E+28    6.3441E+28    1.4807E+29    2.8324E+29    4.0170E+29    4.1450E+29    3.0326E+29    1.8374E+29
   -6.3553E+01   -1.0388E+02    2.0768E+02    2.7882E+07    7.8962E-01    3.1356E-01    4.4524E+28    1.5487E+29    5.1969E+29    1.4388E+30    1.9877E+30    1.1666E+30    2.8413E+29    2.6474E+28    2.6299E+28    8.3242E+28    2.5779E+29    7.2712E+29    1.6525E+30    2.1460E+30    1.0693E+30    2.1329E+29    2.3033E+28    6.3011E+28    1.4699E+29    2.8053E+29    3.9755E+29    4.1043E+29    3.0040E+29    1.8175E+29
   -5.9173E+01   -1.0681E+02    2.0897E+02    2.7259E+07    7.8488E-01    3.1330E-01    4.3957E+28    1.5289E+29    5.1282E+29    1.4199E+30    1.9622E+30    1.1523E+30    2.8056E+29    2.6148E+28    2.5958E+28    8.2181E+28    2.5437E+29    7.1755E+29    1.6309E+30    2.1188E+30    1.0559E+30    2.1051E+29    2.2738E+28    6.2230E+28    1.4505E+29    2.7691E+29    3.9237E+29    4.0509E+29    2.9656E+29    1.7960E+29
   -5.4691E+01   -1.0951E+02    2.1028E+02    2.6613E+07    7.8017E-01    3.1305E-01    4.3145E+28    1.5031E+29    5.0494E+29    1.3998E+30    1.9349E+30    1.1364E+30    2.7654E+29    2.5776E+28    2.5466E+28    8.0696E+28    2.5031E+29    7.0740E+29    1.6085E+30    2.0893E+30    1.0411E+30    2.0777E+29    2.2272E+28    6.0962E+28    1.4240E+29    2.7283E+29    3.8695E+29    3.9935E+29    2.9230E+29    1.7710E+29
   -5.0120E+01   -1.1200E+02    2.1161E+02    2.5963E+07    7.7540E-01    3.1280E-01    4.2400E+28    1.4774E+29    4.9660E+29    1.3780E+30    1.9045E+30    1.1189E+30    2.7241E+29    2.5389E+28    2.5016E+28    7.9293E+28    2.4612E+29    6.9630E+29    1.5837E+30    2.0576E+30    1.0250E+30    2.0483E+29    2.1868E+28    5.9840E+28    1.3985E+29    2.6849E+29    3.8101E+29    3.9335E+29    2.8767E+29    1.7429E+29
   -4.5465E+01   -1.1428E+02    2.1295E+02    2.5318E+07    7.7071E-01    3.1256E-01    4.1868E+28    1.4590E+29    4.9024E+29    1.3606E+30    1.8815E+30    1.1049E+30    2.6912E+29    2.5092E+28    2.4691E+28    7.8279E+28    2.4301E+29    6.8724E+29    1.5637E+30    2.0315E+30    1.0126E+30    2.0212E+29    2.1581E+28    5.9090E+28    1.3817E+29    2.6510E+29    3.7622E+29    3.8848E+29    2.8450E+29    1.7211E+29
   -4.0738E+01   -1.1634E+02    2.1430E+02    2.4676E+07    7.6626E-01    3.1232E-01    4.1504E+28    1.4444E+29    4.8474E+29    1.3445E+30    1.8597E+30    1.0926E+30    2.6618E+29    2.4818E+28    2.4463E+28    7.7556E+28    2.4037E+29    6.7900E+29    1.5447E+30    2.0087E+30    1.0016E+30    1.9965E+29    2.1410E+28    5.8661E+28    1.3696E+29    2.6220E+29    3.7176E+29    3.8382E+29    2.8117E+29    1.7014E+29
   -3.5947E+01   -1.1819E+02    2.1567E+02    2.4049E+07    7.6195E-01    3.1208E-01    4.0848E+28    1.4222E+29    4.7731E+29    1.3238E+30    1.8315E+30    1.0763E+30    2.6211E+29    2.4437E+28    2.4075E+28    7.6337E+28    2.3666E+29    6.6866E+29    1.5210E+30    1.9781E+30    9.8655E+29    1.9659E+29    2.1069E+28    5.7735E+28    1.3486E+29    2.5828E+29    3.6615E+29    3.7785E+29    2.7681E+29    1.6765E+29
   -3.1099E+01   -1.1983E+02    2.1705E+02    2.3449E+07    7.5720E-01    3.1184E-01    4.0102E+28    1.3985E+29    4.7007E+29    1.3057E+30    1.8064E+30    1.0614E+30    2.5856E+29    2.4098E+28    2.3624E+28    7.4992E+28    2.3293E+29    6.5922E+29    1.5009E+30    1.9510E+30    9.7323E+29    1.9416E+29    2.0643E+28    5.6589E+28    1.3241E+29    2.5433E+29    3.6112E+29    3.7281E+29    2.7298E+29    1.6522E+29
   -2.6202E+01   -1.2126E+02    2.1845E+02    2.2877E+07    7.5052E-01    3.1160E-01    3.9416E+28    1.3751E+29    4.6240E+29    1.2858E+30    1.7797E+30    1.0455E+30    2.5467E+29    2.3745E+28    2.3213E+28    7.3731E+28    2.2910E+29    6.4902E+29    1.4781E+30    1.9216E+30    9.5807E+29    1.9127E+29    2.0275E+28    5.5584E+28    1.3007E+29    2.5027E+29    3.5560E+29    3.6738E+29    2.6932E+29    1.6274E+29
   -2.1262E+01   -1.2249E+02    2.1987E+02    2.2343E+07    7.4446E-01    3.1135E-01    3.8785E+28    1.3529E+29    4.5493E+29    1.2653E+30    1.7513E+30    1.0287E+30    2.5079E+29    2.3379E+28    2.2835E+28    7.2524E+28    2.2537E+29    6.3848E+29    1.4545E+30    1.8914E+30    9.4356E+29    1.8822E+29    1.9940E+28    5.4677E+28    1.2797E+29    2.4615E+29    3.4992E+29    3.6145E+29    2.6493E+29    1.6013E+29
   -1.6291E+01   -1.2352E+02    2.2130E+02    2.1844E+07    7.3879E-01    3.1110E-01    3.8364E+28    1.3367E+29    4.4896E+29    1.2476E+30    1.7269E+30    1.0151E+30    2.4739E+29    2.3052E+28    2.2584E+28    7.1703E+28    2.2250E+29    6.2955E+29    1.4339E+30    1.8651E+30    9.3114E+29    1.8542E+29    1.9751E+28    5.4165E+28    1.2660E+29    2.4294E+29    3.4515E+29    3.5616E+29    2.6117E+29    1.5811E+29
   -1.1292E+01   -1.2435E+02    2.2276E+02    2.1350E+07    7.3319E-01    3.1084E-01    3.7662E+28    1.3126E+29    4.4079E+29    1.2250E+30    1.6958E+30    9.9696E+29    2.4309E+29    2.2648E+28    2.2156E+28    7.0390E+28    2.1844E+29    6.1790E+29    1.4080E+30    1.8312E+30    9.1458E+29    1.8220E+29    1.9377E+28    5.3186E+28    1.2434E+29    2.3841E+29    3.3885E+29    3.4959E+29    2.5642E+29    1.5517E+29
   -6.2738E+00   -1.2497E+02    2.2424E+02    2.0851E+07    7.2773E-01    3.1057E-01    3.6902E+28    1.2877E+29    4.3318E+29    1.2058E+30    1.6692E+30    9.8105E+29    2.3918E+29    2.2284E+28    2.1703E+28    6.8987E+28    2.1453E+29    6.0788E+29    1.3862E+30    1.8028E+30    8.9977E+29    1.7942E+29    1.8951E+28    5.1997E+28    1.2180E+29    2.3427E+29    3.3346E+29    3.4432E+29    2.5246E+29    1.5265E+29
   -1.2428E+00   -1.2539E+02    2.2574E+02    2.0347E+07    7.2240E-01    3.1030E-01    3.6181E+28    1.2640E+29    4.2556E+29    1.1859E+30    1.6423E+30    9.6447E+29    2.3535E+29    2.1938E+28    2.1266E+28    6.7673E+28    2.1068E+29    5.9763E+29    1.3635E+30    1.7738E+30    8.8487E+29    1.7652E+29    1.8549E+28    5.0930E+28    1.1943E+29    2.3015E+29    3.2789E+29    3.3865E+29    2.4860E+29    1.5013E+29
    3.7938E+00   -1.2562E+02    2.2726E+02    1.9841E+07    7.1703E-01    3.1003E-01    3.5561E+28    1.2419E+29    4.1808E+29    1.1654E+30    1.6137E+30    9.4804E+29    2.3128E+29    2.1587E+28    2.0900E+28    6.6493E+28    2.0697E+29    5.8705E+29    1.3399E+30    1.7428E+30    8.7018E+29    1.7348E+29    1.8232E+28    5.0046E+28    1.1732E+29    2.2606E+29    3.2223E+29    3.3277E+29    2.4429E+29    1.4756E+29
    8.8277E+00   -1.2566E+02    2.2880E+02    1.9335E+07    7.1165E-01    3.0974E-01    3.5031E+28    1.2223E+29    4.1110E+29    1.1453E+30    1.5860E+30    9.3210E+29    2.2742E+29    2.1227E+28    2.0578E+28    6.5441E+28    2.0355E+29    5.7678E+29    1.3168E+30    1.7129E+30    8.5536E+29    1.7050E+29    1.7968E+28    4.9319E+28    1.1555E+29    2.2224E+29    3.1666E+29    3.2685E+29    2.3996E+29    1.4519E+29
    1.3854E+01   -1.2551E+02    2.3035E+02    1.8829E+07    7.0649E-01    3.0944E-01    3.4530E+28    1.2055E+29    4.0506E+29    1.1280E+30    1.5619E+30    9.1820E+29    2.2413E+29    2.0919E+28    2.0279E+28    6.4533E+28    2.0055E+29    5.6788E+29    1.2969E+30    1.6870E+30    8.4266E+29    1.6795E+29    1.7717E+28    4.8691E+28    1.1397E+29    2.1889E+29    3.1188E+29    3.2199E+29    2.3635E+29    1.4291E+29
    1.8863E+01   -1.2517E+02    2.3191E+02    1.8327E+07    7.0144E-01    3.0913E-01    3.3863E+28    1.1829E+29    3.9813E+29    1.1104E+30    1.5374E+30    9.0329E+29    2.2036E+29    2.0590E+28    1.9885E+28    6.3285E+28    1.9700E+29    5.5873E+29    1.2768E+30    1.6609E+30    8.2898E+29    1.6528E+29    1.7351E+28    4.7648E+28    1.1169E+29    2.1514E+29    3.0693E+29    3.1684E+29    2.3275E+29    1.4072E+29
    2.3848E+01   -1.2465E+02    2.3350E+02    1.7824E+07    6.9634E-01    3.0880E-01    3.3046E+28    1.1553E+29    3.8930E+29    1.0870E+30    1.5052E+30    8.8379E+29    2.1572E+29    2.0163E+28    1.9393E+28    6.1768E+28    1.9256E+29    5.4679E+29    1.2501E+30    1.6260E+30    8.1193E+29    1.6176E+29    1.6903E+28    4.6420E+28    1.0895E+29    2.1034E+29    3.0033E+29    3.1018E+29    2.2799E+29    1.3760E+29
    3.3717E+01   -1.2304E+02    2.3671E+02    1.6831E+07    6.8722E-01    3.0813E-01    3.1771E+28    1.1104E+29    3.7390E+29    1.0440E+30    1.4453E+30    8.4874E+29    2.0703E+29    1.9365E+28    1.8637E+28    5.9351E+28    1.8489E+29    5.2473E+29    1.2005E+30    1.5611E+30    7.7923E+29    1.5525E+29    1.6255E+28    4.4640E+28    1.0467E+29    2.0182E+29    2.8841E+29    2.9778E+29    2.1896E+29    1.3236E+29
    4.3393E+01   -1.2072E+02    2.3998E+02    1.5870E+07    6.7834E-01    3.0742E-01    3.0678E+28    1.0721E+29    3.6105E+29    1.0085E+30    1.3957E+30    8.1936E+29    1.9992E+29    1.8708E+28    1.7981E+28    5.7273E+28    1.7848E+29    5.0640E+29    1.1596E+30    1.5079E+30    7.5255E+29    1.4989E+29    1.5690E+28    4.3094E+28    1.0108E+29    1.9475E+29    2.7842E+29    2.8748E+29    2.1149E+29    1.2774E+29
    5.2819E+01   -1.1770E+02    2.4332E+02    1.4952E+07    6.6927E-01    3.0667E-01    2.9424E+28    1.0305E+29    3.4762E+29    9.7265E+29    1.3467E+30    7.9086E+29    1.9276E+29    1.8072E+28    1.7245E+28    5.4983E+28    1.7175E+29    4.8822E+29    1.1189E+30    1.4550E+30    7.2634E+29    1.4464E+29    1.5019E+28    4.1243E+28    9.6946E+28    1.8742E+29    2.6856E+29    2.7741E+29    2.0402E+29    1.2347E+29
    6.1938E+01   -1.1401E+02    2.4673E+02    1.4080E+07    6.5996E-01    3.0588E-01    2.8540E+28    9.9762E+28    3.3599E+29    9.3999E+29    1.2997E+30    7.6341E+29    1.8628E+29    1.7464E+28    1.6720E+28    5.3259E+28    1.6601E+29    4.7127E+29    1.0808E+30    1.4055E+30    7.0164E+29    1.3966E+29    1.4589E+28    4.0058E+28    9.3932E+28    1.8114E+29    2.5943E+29    2.6787E+29    1.9690E+29    1.1912E+29
    7.0695E+01   -1.0969E+02    2.5020E+02    1.3257E+07    6.5043E-01    3.0506E-01    2.7430E+28    9.6036E+28    3.2387E+29    9.0714E+29    1.2549E+30    7.3662E+29    1.7968E+29    1.6855E+28    1.6061E+28    5.1213E+28    1.5994E+29    4.5457E+29    1.0434E+30    1.3568E+30    6.7735E+29    1.3477E+29    1.3995E+28    3.8442E+28    9.0319E+28    1.7453E+29    2.5034E+29    2.5855E+29    1.9011E+29    1.1494E+29
    7.9038E+01   -1.0477E+02    2.5373E+02    1.2481E+07    6.4090E-01    3.0422E-01    2.6410E+28    9.2539E+28    3.1239E+29    8.7587E+29    1.2120E+30    7.1186E+29    1.7346E+29    1.6293E+28    1.5460E+28    4.9324E+28    1.5422E+29    4.3884E+29    1.0083E+30    1.3105E+30    6.5418E+29    1.3018E+29    1.3458E+28    3.6959E+28    8.6921E+28    1.6830E+29    2.4186E+29    2.4975E+29    1.8364E+29    1.1135E+29
    8.6933E+01   -9.9307E+01    2.5733E+02    1.1756E+07    6.3134E-01    3.0335E-01    2.5566E+28    8.9519E+28    3.0168E+29    8.4533E+29    1.1692E+30    6.8575E+29    1.6748E+29    1.5707E+28    1.4953E+28    4.7711E+28    1.4893E+29    4.2299E+29    9.7225E+29    1.2651E+30    6.3085E+29    1.2554E+29    1.3040E+28    3.5855E+28    8.4192E+28    1.6246E+29    2.3321E+29    2.4084E+29    1.7723E+29    1.0705E+29
    9.4352E+01   -9.3350E+01    2.6098E+02    1.1081E+07    6.2165E-01    3.0245E-01    2.4574E+28    8.6116E+28    2.9065E+29    8.1555E+29    1.1277E+30    6.6247E+29    1.6144E+29    1.5165E+28    1.4368E+28    4.5858E+28    1.4341E+29    4.0805E+29    9.3884E+29    1.2206E+30    6.0891E+29    1.2112E+29    1.2512E+28    3.4378E+28    8.0849E+28    1.5651E+29    2.2517E+29    2.3241E+29    1.7087E+29    1.0367E+29
    1.0127E+02   -8.6949E+01    2.6467E+02    1.0446E+07    6.1290E-01    3.0152E-01    2.3688E+28    8.3080E+28    2.8057E+29    7.8869E+29    1.0886E+30    6.3998E+29    1.5614E+29    1.4654E+28    1.3850E+28    4.4222E+28    1.3840E+29    3.9411E+29    9.0759E+29    1.1797E+30    5.8811E+29    1.1718E+29    1.2052E+28    3.3112E+28    7.7927E+28    1.5106E+29    2.1760E+29    2.2486E+29    1.6501E+29    1.0019E+29
    1.0769E+02   -8.0145E+01    2.6840E+02    9.8231E+06    6.0448E-01    3.0055E-01    2.2977E+28    8.0537E+28    2.7160E+29    7.6188E+29    1.0542E+30    6.1906E+29    1.5061E+29    1.4161E+28    1.3422E+28    4.2861E+28    1.3398E+29    3.8082E+29    8.7656E+29    1.1408E+30    5.6960E+29    1.1300E+29    1.1701E+28    3.2178E+28    7.5660E+28    1.4614E+29    2.1028E+29    2.1710E+29    1.5978E+29    9.6741E+28
    1.1359E+02   -7.2981E+01    2.7219E+02    9.1975E+06    5.9623E-01    2.9955E-01    2.2066E+28    7.7374E+28    2.6126E+29    7.3493E+29    1.0147E+30    5.9552E+29    1.4522E+29    1.3660E+28    1.2887E+28    4.1158E+28    1.2882E+29    3.6676E+29    8.4535E+29    1.0988E+30    5.4788E+29    1.0898E+29    1.1220E+28    3.0833E+28    7.2549E+28    1.4058E+29    2.0262E+29    2.0943E+29    1.5381E+29    9.3350E+28
    1.1898E+02   -6.5494E+01    2.7602E+02    8.5872E+06    5.8838E-01    2.9851E-01    2.1277E+28    7.4639E+28    2.5215E+29    7.0964E+29    9.8086E+29    5.7463E+29    1.4010E+29    1.3198E+28    1.2427E+28    3.9702E+28    1.2433E+29    3.5413E+29    8.1628E+29    1.0630E+30    5.2892E+29    1.0532E+29    1.0814E+28    2.9711E+28    6.9944E+28    1.3566E+29    1.9562E+29    2.0247E+29    1.4880E+29    9.0190E+28
    1.2384E+02   -5.7724E+01    2.7991E+02    8.0119E+06    5.8102E-01    2.9743E-01    2.0579E+28    7.2168E+28    2.4349E+29    6.8424E+29    9.4429E+29    5.5473E+29    1.3527E+29    1.2700E+28    1.2010E+28    3.8376E+28    1.2005E+29    3.4138E+29    7.8722E+29    1.0226E+30    5.1021E+29    1.0145E+29    1.0468E+28    2.8794E+28    6.7745E+28    1.3101E+29    1.8870E+29    1.9490E+29    1.4324E+29    8.6995E+28
    1.2818E+02   -4.9704E+01    2.8386E+02    7.5097E+06    5.7342E-01    2.9632E-01    1.9778E+28    6.9359E+28    2.3418E+29    6.5895E+29    9.0991E+29    5.3341E+29    1.3004E+29    1.2234E+28    1.1541E+28    3.6871E+28    1.1544E+29    3.2861E+29    7.5772E+29    9.8665E+29    4.9072E+29    9.7701E+28    1.0051E+28    2.7622E+28    6.5009E+28    1.2598E+29    1.8159E+29    1.8796E+29    1.3802E+29    8.3798E+28
    1.3198E+02   -4.1461E+01    2.8788E+02    7.0887E+06    5.6299E-01    2.9518E-01    1.9010E+28    6.6716E+28    2.2540E+29    6.3431E+29    8.7647E+29    5.1442E+29    1.2529E+29    1.1770E+28    1.1098E+28    3.5469E+28    1.1112E+29    3.1656E+29    7.2890E+29    9.4980E+29    4.7339E+29    9.4180E+28    9.6582E+27    2.6535E+28    6.2499E+28    1.2131E+29    1.7483E+29    1.8112E+29    1.3318E+29    8.0887E+28
    1.3526E+02   -3.3032E+01    2.9197E+02    6.7302E+06    5.5438E-01    2.9400E-01    1.8363E+28    6.4371E+28    2.1717E+29    6.1131E+29    8.4280E+29    4.9405E+29    1.2034E+29    1.1327E+28    1.0712E+28    3.4231E+28    1.0706E+29    3.0453E+29    7.0186E+29    9.1438E+29    4.5487E+29    9.0426E+28    9.3369E+27    2.5675E+28    6.0358E+28    1.1686E+29    1.6832E+29    1.7454E+29    1.2801E+29    7.7726E+28
    1.3800E+02   -2.4458E+01    2.9611E+02    6.3812E+06    5.4613E-01    2.9280E-01    1.7700E+28    6.2067E+28    2.0945E+29    5.8942E+29    8.1325E+29    4.7643E+29    1.1600E+29    1.0909E+28    1.0325E+28    3.3001E+28    1.0325E+29    2.9372E+29    6.7657E+29    8.8238E+29    4.3884E+29    8.7268E+28    8.9975E+27    2.4743E+28    5.8201E+28    1.1273E+29    1.6228E+29    1.6839E+29    1.2367E+29    7.4996E+28
    1.4023E+02   -1.5779E+01    3.0031E+02    6.0349E+06    5.3833E-01    2.9156E-01    1.6976E+28    5.9567E+28    2.0115E+29    5.6667E+29    7.8104E+29    4.5774E+29    1.1152E+29    1.0503E+28    9.9109E+27    3.1680E+28    9.9211E+28    2.8236E+29    6.5114E+29    8.4713E+29    4.2161E+29    8.3976E+28    8.6255E+27    2.3705E+28    5.5827E+28    1.0829E+29    1.5626E+29    1.6197E+29    1.1897E+29    7.2256E+28
    1.4194E+02   -7.0159E+00    3.0457E+02    5.6963E+06    5.3082E-01    2.9030E-01    1.6402E+28    5.7482E+28    1.9386E+29    5.4575E+29    7.5230E+29    4.4072E+29    1.0731E+29    1.0101E+28    9.5735E+27    3.0592E+28    9.5658E+28    2.7197E+29    6.2645E+29    8.1658E+29    4.0612E+29    8.0828E+28    8.3413E+27    2.2933E+28    5.3928E+28    1.0446E+29    1.5047E+29    1.5613E+29    1.1461E+29    6.9575E+28
    1.4314E+02    1.7855E+00    3.0887E+02    5.3847E+06    5.2368E-01    2.8900E-01    1.5805E+28    5.5441E+28    1.8703E+29    5.2591E+29    7.2509E+29    4.2445E+29    1.0332E+29    9.7148E+27    9.2200E+27    2.9482E+28    9.2275E+28    2.6215E+29    6.0337E+29    7.8637E+29    3.9129E+29    7.7856E+28    8.0340E+27    2.2108E+28    5.2087E+28    1.0077E+29    1.4504E+29    1.5043E+29    1.1062E+29    6.7044E+28
    1.4384E+02    1.0591E+01    3.1323E+02    5.1093E+06    5.1474E-01    2.8768E-01    1.5175E+28    5.3213E+28    1.7948E+29    5.0530E+29    6.9632E+29    4.0769E+29    9.9215E+28    9.3391E+27    8.8641E+27    2.8328E+28    8.8635E+28    2.5188E+29    5.7993E+29    7.5587E+29    3.7589E+29    7.4860E+28    7.7157E+27    2.1212E+28    4.9953E+28    9.6774E+28    1.3943E+29    1.4476E+29    1.0631E+29    6.4542E+28
    1.4406E+02    1.9371E+01    3.1762E+02    4.8661E+06    5.0680E-01    2.8633E-01    1.4649E+28    5.1342E+28    1.7307E+29    4.8705E+29    6.7104E+29    3.9279E+29    9.5566E+28    9.0025E+27    8.5604E+27    2.7354E+28    8.5522E+28    2.4291E+29    5.5879E+29    7.2857E+29    3.6224E+29    7.2189E+28    7.4520E+27    2.0490E+28    4.8226E+28    9.3435E+28    1.3450E+29    1.3966E+29    1.0258E+29    6.2319E+28
    1.4380E+02    2.8098E+01    3.2207E+02    4.6313E+06    4.9943E-01    2.8495E-01    1.4096E+28    4.9410E+28    1.6647E+29    4.6794E+29    6.4462E+29    3.7695E+29    9.1709E+28    8.6162E+27    8.2328E+27    2.6322E+28    8.2269E+28    2.3334E+29    5.3724E+29    6.9947E+29    3.4787E+29    6.9278E+28    7.1736E+27    1.9746E+28    4.6483E+28    8.9853E+28    1.2939E+29    1.3412E+29    9.8710E+28    5.9819E+28
    1.4307E+02    3.6738E+01    3.2656E+02    4.3985E+06    4.9212E-01    2.8355E-01    1.3589E+28    4.7604E+28    1.6027E+29    4.5059E+29    6.2047E+29    3.6286E+29    8.8258E+28    8.3047E+27    7.9431E+27    2.5385E+28    7.9254E+28    2.2482E+29    5.1703E+29    6.7340E+29    3.3495E+29    6.6755E+28    6.9209E+27    1.9044E+28    4.4769E+28    8.6625E+28    1.2464E+29    1.2924E+29    9.5121E+28    5.7695E+28
    1.4189E+02    4.5271E+01    3.3111E+02    4.1708E+06    4.8523E-01    2.8212E-01    1.3034E+28    4.5657E+28    1.5382E+29    4.3262E+29    5.9565E+29    3.4833E+29    8.4684E+28    7.9752E+27    7.6321E+27    2.4383E+28    7.6154E+28    2.1599E+29    4.9639E+29    6.4681E+29    3.2153E+29    6.4208E+28    6.6423E+27    1.8262E+28    4.2973E+28    8.3251E+28    1.1982E+29    1.2440E+29    9.1435E+28    5.5548E+28
    1.4026E+02    5.3656E+01    3.3571E+02    3.9542E+06    4.7855E-01    2.8068E-01    1.2590E+28    4.4054E+28    1.4819E+29    4.1614E+29    5.7305E+29    3.3488E+29    8.1434E+28    7.6683E+27    7.3717E+27    2.3547E+28    7.3422E+28    2.0786E+29    4.7773E+29    6.2192E+29    3.0940E+29    6.1773E+28    6.4225E+27    1.7673E+28    4.1539E+28    8.0281E+28    1.1541E+29    1.1968E+29    8.8144E+28    5.3457E+28
    1.3821E+02    6.1875E+01    3.4037E+02    3.7598E+06    4.7025E-01    2.7922E-01    1.2074E+28    4.2279E+28    1.4230E+29    3.9951E+29    5.4946E+29    3.2091E+29    7.7991E+28    7.3321E+27    7.0741E+27    2.2610E+28    7.0548E+28    1.9957E+29    4.5823E+29    5.9641E+29    2.9668E+29    5.9196E+28    6.1594E+27    1.6962E+28    3.9945E+28    7.7166E+28    1.1080E+29    1.1482E+29    8.4573E+28    5.1285E+28
    1.3574E+02    6.9892E+01    3.4509E+02    3.5821E+06    4.6270E-01    2.7774E-01    1.1629E+28    4.0660E+28    1.3671E+29    3.8382E+29    5.2812E+29    3.0854E+29    7.4983E+28    7.0622E+27    6.8259E+27    2.1789E+28    6.7928E+28    1.9198E+29    4.4058E+29    5.7334E+29    2.8535E+29    5.7064E+28    5.9423E+27    1.6348E+28    3.8465E+28    7.4289E+28    1.0675E+29    1.1062E+29    8.1475E+28    4.9471E+28
    1.3288E+02    7.7694E+01    3.4988E+02    3.4084E+06    4.5558E-01    2.7625E-01    1.1151E+28    3.9001E+28    1.3117E+29    3.6824E+29    5.0676E+29    2.9593E+29    7.1906E+28    6.7753E+27    6.5570E+27    2.0937E+28    6.5280E+28    1.8453E+29    4.2290E+29    5.4987E+29    2.7390E+29    5.4931E+28    5.7034E+27    1.5698E+28    3.6984E+28    7.1629E+28    1.0271E+29    1.0629E+29    7.8454E+28    4.7584E+28
    1.2964E+02    8.5255E+01    3.5474E+02    3.2318E+06    4.4864E-01    2.7474E-01    1.0738E+28    3.7519E+28    1.2590E+29    3.5325E+29    4.8634E+29    2.8419E+29    6.9027E+28    6.5012E+27    6.3168E+27    2.0158E+28    6.2705E+28    1.7695E+29    4.0544E+29    5.2763E+29    2.6305E+29    5.2822E+28    5.5005E+27    1.5146E+28    3.5593E+28    6.8724E+28    9.8552E+28    1.0212E+29    7.5392E+28    4.5813E+28
    1.2605E+02    9.2564E+01    3.5967E+02    3.0555E+06    4.4185E-01    2.7321E-01    1.0281E+28    3.5946E+28    1.2078E+29    3.3865E+29    4.6598E+29    2.7225E+29    6.6058E+28    6.2210E+27    6.0480E+27    1.9314E+28    6.0176E+28    1.6978E+29    3.8869E+29    5.0583E+29    2.5203E+29    5.0626E+28    5.2640E+27    1.4505E+28    3.4193E+28    6.6081E+28    9.4642E+28    9.8016E+28    7.2293E+28    4.4003E+28
    1.2214E+02    9.9598E+01    3.6467E+02    2.8866E+06    4.3518E-01    2.7167E-01    9.8953E+27    3.4538E+28    1.1567E+29    3.2424E+29    4.4655E+29    2.6084E+29    6.3307E+28    5.9703E+27    5.8339E+27    1.8614E+28    5.7768E+28    1.6266E+29    3.7233E+29    4.8425E+29    2.4153E+29    4.8684E+28    5.0797E+27    1.3999E+28    3.2864E+28    6.3358E+28    9.0807E+28    9.4076E+28    6.9508E+28    4.2261E+28
    1.1792E+02    1.0636E+02    3.6975E+02    2.7349E+06    4.2709E-01    2.7012E-01    9.4813E+27    3.3082E+28    1.1091E+29    3.1075E+29    4.2765E+29    2.4983E+29    6.0641E+28    5.7226E+27    5.6012E+27    1.7861E+28    5.5473E+28    1.5605E+29    3.5672E+29    4.6390E+29    2.3150E+29    4.6722E+28    4.8740E+27    1.3424E+28    3.1598E+28    6.0952E+28    8.7251E+28    9.0335E+28    6.6669E+28    4.0561E+28
    1.1342E+02    1.1282E+02    3.7491E+02    2.5936E+06    4.1984E-01    2.6856E-01    9.1130E+27    3.1751E+28    1.0616E+29    2.9709E+29    4.0883E+29    2.3889E+29    5.7947E+28    5.4641E+27    5.3879E+27    1.7174E+28    5.3185E+28    1.4927E+29    3.4107E+29    4.4357E+29    2.2131E+29    4.4703E+28    4.6933E+27    1.2938E+28    3.0374E+28    5.8409E+28    8.3532E+28    8.6492E+28    6.3807E+28    3.8893E+28
    1.0866E+02    1.1899E+02    3.8016E+02    2.4528E+06    4.1286E-01    2.6697E-01    8.7115E+27    3.0321E+28    1.0148E+29    2.8377E+29    3.9027E+29    2.2787E+29    5.5233E+28    5.2037E+27    5.1579E+27    1.6412E+28    5.0850E+28    1.4268E+29    3.2590E+29    4.2347E+29    2.1123E+29    4.2647E+28    4.4928E+27    1.2362E+28    2.9070E+28    5.5945E+28    7.9942E+28    8.2655E+28    6.0965E+28    3.7153E+28
    1.0367E+02    1.2487E+02    3.8549E+02    2.3128E+06    4.0606E-01    2.6538E-01    8.3637E+27    2.9095E+28    9.7090E+28    2.7122E+29    3.7293E+29    2.1778E+29    5.2792E+28    4.9753E+27    4.9605E+27    1.5790E+28    4.8781E+28    1.3651E+29    3.1142E+29    4.0465E+29    2.0190E+29    4.0856E+28    4.3230E+27    1.1918E+28    2.7961E+28    5.3655E+28    7.6589E+28    7.9189E+28    5.8378E+28    3.5611E+28
    9.8472E+01    1.3047E+02    3.9088E+02    2.1756E+06    3.9965E-01    2.6377E-01    8.0515E+27    2.7955E+28    9.3150E+28    2.6007E+29    3.5744E+29    2.0876E+29    5.0596E+28    4.7725E+27    4.7869E+27    1.5222E+28    4.6893E+28    1.3104E+29    2.9861E+29    3.8797E+29    1.9354E+29    3.9231E+28    4.1725E+27    1.1500E+28    2.6920E+28    5.1650E+28    7.3702E+28    7.6159E+28    5.6057E+28    3.4217E+28
    9.3095E+01    1.3580E+02    3.9633E+02    2.0525E+06    3.9209E-01    2.6216E-01    7.7350E+27    2.6842E+28    8.9277E+28    2.4888E+29    3.4192E+29    1.9966E+29    4.8364E+28    4.5614E+27    4.6056E+27    1.4633E+28    4.5042E+28    1.2551E+29    2.8574E+29    3.7098E+29    1.8506E+29    3.7542E+28    4.0161E+27    1.1071E+28    2.5950E+28    4.9645E+28    7.0689E+28    7.2959E+28    5.3687E+28    3.2814E+28
    8.7552E+01    1.4086E+02    4.0184E+02    1.9426E+06    3.8492E-01    2.6054E-01    7.4209E+27    2.5746E+28    8.5547E+28    2.3812E+29    3.2694E+29    1.9074E+29    4.6173E+28    4.3483E+27    4.4214E+27    1.4054E+28    4.3183E+28    1.2017E+29    2.7325E+29    3.5469E+29    1.7687E+29    3.5890E+28    3.8587E+27    1.0654E+28    2.4944E+28    4.7643E+28    6.7708E+28    6.9838E+28    5.1398E+28    3.1396E+28
    8.1860E+01    1.4566E+02    4.0741E+02    1.8364E+06    3.7834E-01    2.5891E-01    7.1296E+27    2.4682E+28    8.1950E+28    2.2780E+29    3.1248E+29    1.8226E+29    4.4100E+28    4.1527E+27    4.2501E+27    1.3488E+28    4.1404E+28    1.1503E+29    2.6137E+29    3.3904E+29    1.6902E+29    3.4310E+28    3.7124E+27    1.0241E+28    2.3980E+28    4.5756E+28    6.4897E+28    6.6884E+28    4.9158E+28    3.0060E+28
    7.6035E+01    1.5019E+02    4.1303E+02    1.7311E+06    3.7191E-01    2.5727E-01    6.8691E+27    2.3736E+28    7.8629E+28    2.1830E+29    2.9932E+29    1.7462E+29    4.2251E+28    3.9803E+27    4.0976E+27    1.2995E+28    3.9790E+28    1.1035E+29    2.5046E+29    3.2479E+29    1.6192E+29    3.2905E+28    3.5841E+27    9.8893E+27    2.3114E+28    4.4000E+28    6.2357E+28    6.4194E+28    4.7180E+28    2.8877E+28
    7.0086E+01    1.5447E+02    4.1871E+02    1.6283E+06    3.6590E-01    2.5564E-01    6.5956E+27    2.2790E+28    7.5324E+28    2.0896E+29    2.8644E+29    1.6701E+29    4.0407E+28    3.8083E+27    3.9353E+27    1.2490E+28    3.8183E+28    1.0570E+29    2.3966E+29    3.1069E+29    1.5488E+29    3.1497E+28    3.4438E+27    9.5215E+27    2.2241E+28    4.2266E+28    5.9819E+28    6.1530E+28    4.5223E+28    2.7680E+28
    6.4028E+01    1.5848E+02    4.2446E+02    1.5329E+06    3.5929E-01    2.5399E-01    6.3030E+27    2.1816E+28    7.2066E+28    1.9961E+29    2.7335E+29    1.5930E+29    3.8532E+28    3.6318E+27    3.7585E+27    1.1938E+28    3.6533E+28    1.0102E+29    2.2884E+29    2.9658E+29    1.4780E+29    3.0058E+28    3.2920E+27    9.1149E+27    2.1346E+28    4.0514E+28    5.7208E+28    5.8801E+28    4.3167E+28    2.6420E+28
    5.7868E+01    1.6224E+02    4.3029E+02    1.4491E+06    3.5241E-01    2.5234E-01    5.9890E+27    2.0759E+28    6.8780E+28    1.9023E+29    2.6035E+29    1.5165E+29    3.6663E+28    3.4516E+27    3.5662E+27    1.1339E+28    3.4832E+28    9.6286E+28    2.1811E+29    2.8257E+29    1.4069E+29    2.8601E+28    3.1229E+27    8.6527E+27    2.0382E+28    3.8668E+28    5.4519E+28    5.5998E+28    4.1099E+28    2.5160E+28
    5.1617E+01    1.6572E+02    4.3622E+02    1.3675E+06    3.4604E-01    2.5068E-01    5.6887E+27    1.9722E+28    6.5414E+28    1.8092E+29    2.4756E+29    1.4416E+29    3.4844E+28    3.2818E+27    3.3858E+27    1.0768E+28    3.3099E+28    9.1584E+28    2.0742E+29    2.6863E+29    1.3372E+29    2.7189E+28    2.9645E+27    8.2135E+27    1.9362E+28    3.6814E+28    5.1857E+28    5.3245E+28    3.9090E+28    2.3942E+28
    4.5281E+01    1.6895E+02    4.4227E+02    1.2859E+06    3.3989E-01    2.4901E-01    5.3961E+27    1.8704E+28    6.2018E+28    1.7160E+29    2.3478E+29    1.3669E+29    3.3055E+28    3.1140E+27    3.2125E+27    1.0216E+28    3.1389E+28    8.6873E+28    1.9671E+29    2.5478E+29    1.2681E+29    2.5804E+28    2.8129E+27    7.7934E+27    1.8364E+28    3.4944E+28    4.9232E+28    5.0544E+28    3.7100E+28    2.2705E+28
    3.8887E+01    1.7194E+02    4.4838E+02    1.2063E+06    3.3404E-01    2.4734E-01    5.1526E+27    1.7847E+28    5.9149E+28    1.6376E+29    2.2400E+29    1.3038E+29    3.1535E+28    2.9718E+27    3.0705E+27    9.7584E+27    2.9956E+28    8.2930E+28    1.8777E+29    2.4313E+29    1.2100E+29    2.4626E+28    2.6879E+27    7.4423E+27    1.7519E+28    3.3391E+28    4.7037E+28    4.8289E+28    3.5408E+28    2.1664E+28
    3.2448E+01    1.7471E+02    4.5454E+02    1.1325E+06    3.2793E-01    2.4567E-01    4.9170E+27    1.7026E+28    5.6416E+28    1.5620E+29    2.1356E+29    1.2428E+29    3.0050E+28    2.8294E+27    2.9284E+27    9.3076E+27    2.8569E+28    7.9105E+28    1.7912E+29    2.3185E+29    1.1533E+29    2.3469E+28    2.5645E+27    7.1006E+27    1.6710E+28    3.1856E+28    4.4861E+28    4.6040E+28    3.3752E+28    2.0657E+28
    2.5972E+01    1.7727E+02    4.6075E+02    1.0664E+06    3.2163E-01    2.4400E-01    4.6768E+27    1.6213E+28    5.3761E+28    1.4886E+29    2.0343E+29    1.1829E+29    2.8578E+28    2.6867E+27    2.7816E+27    8.8489E+27    2.7200E+28    7.5380E+28    1.7072E+29    2.2087E+29    1.0978E+29    2.2320E+28    2.4357E+27    6.7478E+27    1.5901E+28    3.0350E+28    4.2723E+28    4.3825E+28    3.2146E+28    1.9678E+28
    1.9466E+01    1.7961E+02    4.6701E+02    1.0031E+06    3.1569E-01    2.4232E-01    4.4563E+27    1.5455E+28    5.1269E+28    1.4205E+29    1.9402E+29    1.1272E+29    2.7218E+28    2.5575E+27    2.6484E+27    8.4286E+27    2.5926E+28    7.1917E+28    1.6291E+29    2.1068E+29    1.0464E+29    2.1275E+28    2.3186E+27    6.4235E+27    1.5141E+28    2.8940E+28    4.0740E+28    4.1797E+28    3.0673E+28    1.8758E+28
    1.2944E+01    1.8174E+02    4.7332E+02    9.4123E+05    3.1010E-01    2.4065E-01    4.2480E+27    1.4732E+28    4.8864E+28    1.3541E+29    1.8485E+29    1.0739E+29    2.5926E+28    2.4353E+27    2.5246E+27    8.0350E+27    2.4713E+28    6.8554E+28    1.5532E+29    2.0082E+29    9.9703E+28    2.0264E+28    2.2102E+27    6.1229E+27    1.4431E+28    2.7578E+28    3.8844E+28    3.9844E+28    2.9219E+28    1.7879E+28
    6.4097E+00    1.8366E+02    4.7969E+02    8.8230E+05    3.0493E-01    2.3898E-01    4.0555E+27    1.4056E+28    4.6573E+28    1.2907E+29    1.7616E+29    1.0232E+29    2.4710E+28    2.3212E+27    2.4121E+27    7.6748E+27    2.3574E+28    6.5354E+28    1.4806E+29    1.9141E+29    9.5019E+28    1.9317E+28    2.1120E+27    5.8513E+27    1.3771E+28    2.6295E+28    3.7061E+28    3.8002E+28    2.7855E+28    1.7039E+28
   -1.2546E-01    1.8536E+02    4.8613E+02    8.2773E+05    2.9936E-01    2.3731E-01    3.8615E+27    1.3376E+28    4.4316E+28    1.2286E+29    1.6764E+29    9.7350E+28    2.3498E+28    2.2078E+27    2.2984E+27    7.3081E+27    2.2444E+28    6.2204E+28    1.4097E+29    1.8217E+29    9.0396E+28    1.8378E+28    2.0121E+27    5.5696E+27    1.3109E+28    2.5028E+28    3.5305E+28    3.6183E+28    2.6525E+28    1.6231E+28
   -6.6560E+00    1.8686E+02    4.9263E+02    7.7783E+05    2.9333E-01    2.3563E-01    3.6736E+27    1.2733E+28    4.2181E+28    1.1694E+29    1.5947E+29    9.2562E+28    2.2338E+28    2.0969E+27    2.1841E+27    6.9507E+27    2.1352E+28    5.9176E+28    1.3419E+29    1.7336E+29    8.5973E+28    1.7475E+28    1.9127E+27    5.2993E+27    1.2473E+28    2.3804E+28    3.3580E+28    3.4424E+28    2.5225E+28    1.5428E+28
   -1.3176E+01    1.8814E+02    4.9923E+02    7.3031E+05    2.8788E-01    2.3395E-01    3.4722E+27    1.2043E+28    3.9939E+28    1.1078E+29    1.5099E+29    8.7598E+28    2.1124E+28    1.9817E+27    2.0619E+27    6.5650E+27    2.0198E+28    5.6034E+28    1.2714E+29    1.6419E+29    8.1372E+28    1.6527E+28    1.8051E+27    5.0005E+27    1.1785E+28    2.2517E+28    3.1779E+28    3.2571E+28    2.3875E+28    1.4606E+28
