   -3.0886E+01    7.8989E+01    1.4218E+02    6.5027E+07    1.0050E+00    3.3652E-01    1.2010E+29    4.1812E+29    1.4082E+30    3.9495E+30    5.5752E+30    3.3449E+30    8.3090E+29    7.8482E+28    7.1660E+28    2.2644E+29    7.0131E+29    1.9956E+30    4.5797E+30    6.0130E+30    3.0493E+30    6.0789E+29    6.2409E+28    1.7092E+29    3.9840E+29    7.6614E+29    1.0953E+30    1.1253E+30    8.1934E+29    4.9375E+29
   -3.6642E+01    7.6537E+01    1.4235E+02    6.4740E+07    1.0040E+00    3.3649E-01    1.1586E+29    4.0360E+29    1.3589E+30    3.8073E+30    5.3716E+30    3.2192E+30    7.9788E+29    7.5227E+28    6.8925E+28    2.1795E+29    6.7517E+29    1.9223E+30    4.4121E+30    5.7855E+30    2.9303E+30    5.8375E+29    6.0047E+28    1.6442E+29    3.8263E+29    7.3576E+29    1.0524E+30    1.0817E+30    7.8876E+29    4.7574E+29
   -4.2214E+01    7.3656E+01    1.4253E+02    6.4422E+07    1.0029E+00    3.3647E-01    1.1499E+29    4.0148E+29    1.3538E+30    3.7984E+30    5.3458E+30    3.2062E+30    7.9470E+29    7.4966E+28    6.8436E+28    2.1665E+29    6.7318E+29    1.9156E+30    4.3984E+30    5.7730E+30    2.9189E+30    5.8190E+29    5.9495E+28    1.6310E+29    3.8127E+29    7.3289E+29    1.0488E+30    1.0803E+30    7.8508E+29    4.7462E+29
   -4.7565E+01    7.0353E+01    1.4270E+02    6.4099E+07    1.0018E+00    3.3645E-01    1.1555E+29    4.0252E+29    1.3550E+30    3.7989E+30    5.3571E+30    3.2094E+30    7.9532E+29    7.5057E+28    6.8775E+28    2.1744E+29    6.7356E+29    1.9175E+30    4.3996E+30    5.7710E+30    2.9229E+30    5.8217E+29    5.9914E+28    1.6403E+29    3.8180E+29    7.3426E+29    1.0499E+30    1.0796E+30    7.8691E+29    4.7467E+29
   -5.2651E+01    6.6645E+01    1.4288E+02    6.3712E+07    1.0005E+00    3.3644E-01    1.1523E+29    4.0158E+29    1.3522E+30    3.7929E+30    5.3466E+30    3.2047E+30    7.9458E+29    7.4926E+28    6.8578E+28    2.1692E+29    6.7230E+29    1.9137E+30    4.3933E+30    5.7601E+30    2.9182E+30    5.8151E+29    5.9721E+28    1.6358E+29    3.8103E+29    7.3281E+29    1.0483E+30    1.0773E+30    7.8545E+29    4.7394E+29
   -5.7436E+01    6.2553E+01    1.4307E+02    6.3255E+07    9.9892E-01    3.3644E-01    1.1479E+29    4.0027E+29    1.3501E+30    3.7874E+30    5.3343E+30    3.1974E+30    7.9283E+29    7.4807E+28    6.8362E+28    2.1620E+29    6.7156E+29    1.9107E+30    4.3861E+30    5.7576E+30    2.9117E+30    5.8081E+29    5.9454E+28    1.6279E+29    3.8061E+29    7.3193E+29    1.0470E+30    1.0779E+30    7.8415E+29    4.7368E+29
   -6.1884E+01    5.8104E+01    1.4327E+02    6.2727E+07    9.9710E-01    3.3645E-01    1.1513E+29    4.0120E+29    1.3491E+30    3.7804E+30    5.3347E+30    3.1971E+30    7.9274E+29    7.4842E+28    6.8564E+28    2.1695E+29    6.7140E+29    1.9092E+30    4.3818E+30    5.7475E+30    2.9124E+30    5.8034E+29    5.9737E+28    1.6380E+29    3.8104E+29    7.3205E+29    1.0471E+30    1.0763E+30    7.8445E+29    4.7301E+29
   -6.5965E+01    5.3329E+01    1.4347E+02    6.2143E+07    9.9511E-01    3.3648E-01    1.1495E+29    4.0055E+29    1.3493E+30    3.7849E+30    5.3346E+30    3.1985E+30    7.9325E+29    7.4903E+28    6.8501E+28    2.1651E+29    6.7164E+29    1.9100E+30    4.3838E+30    5.7482E+30    2.9137E+30    5.8107E+29    5.9629E+28    1.6324E+29    3.8112E+29    7.3282E+29    1.0477E+30    1.0778E+30    7.8465E+29    4.7355E+29
   -6.9657E+01    4.8258E+01    1.4369E+02    6.1466E+07    9.9282E-01    3.3652E-01    1.1462E+29    3.9922E+29    1.3456E+30    3.7748E+30    5.3208E+30    3.1893E+30    7.9143E+29    7.4802E+28    6.8407E+28    2.1596E+29    6.6958E+29    1.9056E+30    4.3729E+30    5.7412E+30    2.9066E+30    5.8002E+29    5.9518E+28    1.6274E+29    3.7967E+29    7.3167E+29    1.0459E+30    1.0759E+30    7.8316E+29    4.7276E+29
   -7.2945E+01    4.2919E+01    1.4390E+02    6.0771E+07    9.9047E-01    3.3657E-01    1.1512E+29    4.0092E+29    1.3488E+30    3.7772E+30    5.3347E+30    3.1985E+30    7.9389E+29    7.4997E+28    6.8636E+28    2.1698E+29    6.7236E+29    1.9086E+30    4.3822E+30    5.7477E+30    2.9144E+30    5.8134E+29    5.9788E+28    1.6387E+29    3.8243E+29    7.3323E+29    1.0490E+30    1.0774E+30    7.8554E+29    4.7331E+29
   -7.5816E+01    3.7341E+01    1.4412E+02    6.0030E+07    9.8797E-01    3.3663E-01    1.1478E+29    3.9990E+29    1.3459E+30    3.7757E+30    5.3234E+30    3.1933E+30    7.9253E+29    7.4936E+28    6.8520E+28    2.1657E+29    6.7066E+29    1.9058E+30    4.3752E+30    5.7436E+30    2.9109E+30    5.8107E+29    5.9633E+28    1.6336E+29    3.8096E+29    7.3258E+29    1.0479E+30    1.0781E+30    7.8418E+29    4.7346E+29
   -7.8259E+01    3.1558E+01    1.4433E+02    5.9303E+07    9.8553E-01    3.3669E-01    1.1492E+29    4.0029E+29    1.3467E+30    3.7792E+30    5.3291E+30    3.1959E+30    7.9339E+29    7.5057E+28    6.8632E+28    2.1688E+29    6.7150E+29    1.9084E+30    4.3791E+30    5.7493E+30    2.9137E+30    5.8180E+29    5.9726E+28    1.6362E+29    3.8159E+29    7.3458E+29    1.0499E+30    1.0792E+30    7.8509E+29    4.7391E+29
   -8.0267E+01    2.5594E+01    1.4454E+02    5.8578E+07    9.8309E-01    3.3676E-01    1.1512E+29    4.0069E+29    1.3473E+30    3.7716E+30    5.3284E+30    3.1971E+30    7.9363E+29    7.5070E+28    6.8752E+28    2.1720E+29    6.7177E+29    1.9069E+30    4.3775E+30    5.7418E+30    2.9142E+30    5.8200E+29    5.9887E+28    1.6415E+29    3.8254E+29    7.3434E+29    1.0497E+30    1.0772E+30    7.8562E+29    4.7371E+29
   -8.1834E+01    1.9484E+01    1.4475E+02    5.7875E+07    9.8070E-01    3.3682E-01    1.1460E+29    3.9918E+29    1.3432E+30    3.7699E+30    5.3167E+30    3.1890E+30    7.9221E+29    7.4978E+28    6.8504E+28    2.1642E+29    6.7051E+29    1.9030E+30    4.3685E+30    5.7389E+30    2.9078E+30    5.8114E+29    5.9591E+28    1.6326E+29    3.8148E+29    7.3298E+29    1.0483E+30    1.0779E+30    7.8395E+29    4.7339E+29
   -8.2955E+01    1.3262E+01    1.4494E+02    5.7251E+07    9.7857E-01    3.3687E-01    1.1493E+29    3.9999E+29    1.3450E+30    3.7722E+30    5.3231E+30    3.1932E+30    7.9241E+29    7.5040E+28    6.8675E+28    2.1695E+29    6.7134E+29    1.9053E+30    4.3714E+30    5.7401E+30    2.9113E+30    5.8138E+29    5.9788E+28    1.6382E+29    3.8235E+29    7.3452E+29    1.0498E+30    1.0788E+30    7.8519E+29    4.7378E+29
   -8.3629E+01    6.9508E+00    1.4512E+02    5.6693E+07    9.7668E-01    3.3691E-01    1.1493E+29    3.9993E+29    1.3439E+30    3.7668E+30    5.3158E+30    3.1900E+30    7.9176E+29    7.4961E+28    6.8659E+28    2.1701E+29    6.7077E+29    1.9025E+30    4.3669E+30    5.7269E+30    2.9080E+30    5.8098E+29    5.9801E+28    1.6404E+29    3.8232E+29    7.3396E+29    1.0487E+30    1.0759E+30    7.8443E+29    4.7323E+29
   -8.3853E+01    5.8231E-01    1.4529E+02    5.6223E+07    9.7506E-01    3.3693E-01    1.1436E+29    3.9817E+29    1.3398E+30    3.7601E+30    5.3050E+30    3.1776E+30    7.8956E+29    7.4768E+28    6.8377E+28    2.1595E+29    6.6902E+29    1.8982E+30    4.3565E+30    5.7223E+30    2.8982E+30    5.7958E+29    5.9475E+28    1.6293E+29    3.8097E+29    7.3184E+29    1.0466E+30    1.0754E+30    7.8249E+29    4.7235E+29
   -8.3629E+01   -5.8073E+00    1.4544E+02    5.5877E+07    9.7383E-01    3.3694E-01    1.1464E+29    3.9853E+29    1.3393E+30    3.7548E+30    5.2982E+30    3.1779E+30    7.8850E+29    7.4684E+28    6.8489E+28    2.1630E+29    6.6858E+29    1.8964E+30    4.3526E+30    5.7090E+30    2.8973E+30    5.7875E+29    5.9657E+28    1.6347E+29    3.8108E+29    7.3183E+29    1.0460E+30    1.0732E+30    7.8199E+29    4.7170E+29
   -8.2953E+01   -1.2200E+01    1.4559E+02    5.5621E+07    9.7286E-01    3.3693E-01    1.1401E+29    3.9663E+29    1.3335E+30    3.7401E+30    5.2715E+30    3.1623E+30    7.8457E+29    7.4278E+28    6.8089E+28    2.1514E+29    6.6548E+29    1.8877E+30    4.3326E+30    5.6845E+30    2.8822E+30    5.7600E+29    5.9291E+28    1.6253E+29    3.7923E+29    7.2831E+29    1.0410E+30    1.0689E+30    7.7799E+29    4.6974E+29
   -8.1828E+01   -1.8560E+01    1.4572E+02    5.5507E+07    9.7234E-01    3.3689E-01    1.1352E+29    3.9534E+29    1.3302E+30    3.7302E+30    5.2630E+30    3.1505E+30    7.8214E+29    7.4055E+28    6.7867E+28    2.1435E+29    6.6371E+29    1.8829E+30    4.3211E+30    5.6755E+30    2.8738E+30    5.7437E+29    5.9039E+28    1.6172E+29    3.7787E+29    7.2590E+29    1.0378E+30    1.0669E+30    7.7643E+29    4.6867E+29
   -8.0253E+01   -2.4851E+01    1.4585E+02    5.5492E+07    9.7212E-01    3.3683E-01    1.1335E+29    3.9435E+29    1.3242E+30    3.7101E+30    5.2348E+30    3.1393E+30    7.7843E+29    7.3674E+28    6.7646E+28    2.1383E+29    6.6072E+29    1.8740E+30    4.3007E+30    5.6372E+30    2.8607E+30    5.7166E+29    5.8938E+28    1.6167E+29    3.7658E+29    7.2284E+29    1.0325E+30    1.0589E+30    7.7304E+29    4.6624E+29
   -7.8232E+01   -3.1037E+01    1.4599E+02    5.5547E+07    9.7208E-01    3.3675E-01    1.1221E+29    3.9078E+29    1.3149E+30    3.6872E+30    5.1941E+30    3.1130E+30    7.7179E+29    7.2996E+28    6.6955E+28    2.1165E+29    6.5564E+29    1.8600E+30    4.2695E+30    5.6039E+30    2.8372E+30    5.6695E+29    5.8277E+28    1.5972E+29    3.7320E+29    7.1648E+29    1.0250E+30    1.0535E+30    7.6641E+29    4.6306E+29
   -7.5772E+01   -3.7070E+01    1.4613E+02    5.5684E+07    9.7227E-01    3.3664E-01    1.1165E+29    3.8872E+29    1.3078E+30    3.6664E+30    5.1670E+30    3.0942E+30    7.6682E+29    7.2540E+28    6.6605E+28    2.1051E+29    6.5199E+29    1.8499E+30    4.2452E+30    5.5715E+30    2.8200E+30    5.6333E+29    5.7968E+28    1.5882E+29    3.7090E+29    7.1219E+29    1.0188E+30    1.0476E+30    7.6233E+29    4.6042E+29
   -7.2878E+01   -4.2918E+01    1.4628E+02    5.5874E+07    9.7261E-01    3.3652E-01    1.1110E+29    3.8706E+29    1.2999E+30    3.6414E+30    5.1323E+30    3.0753E+30    7.6192E+29    7.2013E+28    6.6215E+28    2.0950E+29    6.4786E+29    1.8381E+30    4.2182E+30    5.5263E+30    2.8020E+30    5.5968E+29    5.7680E+28    1.5829E+29    3.6878E+29    7.0784E+29    1.0114E+30    1.0376E+30    7.5737E+29    4.5718E+29
   -6.9560E+01   -4.8538E+01    1.4646E+02    5.6055E+07    9.7289E-01    3.3639E-01    1.0979E+29    3.8251E+29    1.2874E+30    3.6107E+30    5.0836E+30    3.0413E+30    7.5393E+29    7.1255E+28    6.5478E+28    2.0700E+29    6.4170E+29    1.8209E+30    4.1787E+30    5.4824E+30    2.7717E+30    5.5394E+29    5.6969E+28    1.5609E+29    3.6475E+29    7.0022E+29    1.0019E+30    1.0303E+30    7.4970E+29    4.5295E+29
   -6.5836E+01   -5.3879E+01    1.4667E+02    5.6196E+07    9.7302E-01    3.3625E-01    1.0908E+29    3.7980E+29    1.2775E+30    3.5791E+30    5.0406E+30    3.0175E+30    7.4709E+29    7.0618E+28    6.4977E+28    2.0545E+29    6.3620E+29    1.8057E+30    4.1418E+30    5.4315E+30    2.7495E+30    5.4888E+29    5.6586E+28    1.5504E+29    3.6161E+29    6.9433E+29    9.9245E+29    1.0209E+30    7.4379E+29    4.4893E+29
   -6.1723E+01   -5.8902E+01    1.4691E+02    5.6263E+07    9.7287E-01    3.3611E-01    1.0828E+29    3.7711E+29    1.2680E+30    3.5526E+30    5.0022E+30    2.9951E+30    7.4156E+29    7.0049E+28    6.4469E+28    2.0396E+29    6.3136E+29    1.7915E+30    4.1108E+30    5.3853E+30    2.7285E+30    5.4493E+29    5.6154E+28    1.5398E+29    3.5887E+29    6.8869E+29    9.8453E+29    1.0118E+30    7.3785E+29    4.4567E+29
   -5.7251E+01   -6.3559E+01    1.4720E+02    5.6189E+07    9.7223E-01    3.3598E-01    1.0690E+29    3.7274E+29    1.2544E+30    3.5178E+30    4.9512E+30    2.9599E+30    7.3352E+29    6.9317E+28    6.3696E+28    2.0149E+29    6.2497E+29    1.7737E+30    4.0705E+30    5.3375E+30    2.6972E+30    5.3920E+29    5.5396E+28    1.5184E+29    3.5491E+29    6.8119E+29    9.7536E+29    1.0031E+30    7.3013E+29    4.4105E+29
   -5.2448E+01   -6.7814E+01    1.4753E+02    5.5962E+07    9.7110E-01    3.3587E-01    1.0651E+29    3.7082E+29    1.2465E+30    3.4905E+30    4.9174E+30    2.9427E+30    7.2839E+29    6.8790E+28    6.3432E+28    2.0063E+29    6.2075E+29    1.7611E+30    4.0403E+30    5.2944E+30    2.6810E+30    5.3539E+29    5.5260E+28    1.5150E+29    3.5286E+29    6.7710E+29    9.6823E+29    9.9495E+29    7.2568E+29    4.3778E+29
   -4.7352E+01   -7.1634E+01    1.4791E+02    5.5543E+07    9.6935E-01    3.3578E-01    1.0552E+29    3.6743E+29    1.2356E+30    3.4630E+30    4.8734E+30    2.9184E+30    7.2257E+29    6.8272E+28    6.2862E+28    1.9878E+29    6.1546E+29    1.7464E+30    4.0068E+30    5.2511E+30    2.6593E+30    5.3131E+29    5.4737E+28    1.4999E+29    3.4978E+29    6.7147E+29    9.6025E+29    9.8784E+29    7.1932E+29    4.3467E+29
   -4.2000E+01   -7.4995E+01    1.4832E+02    5.4951E+07    9.6703E-01    3.3572E-01    1.0485E+29    3.6523E+29    1.2291E+30    3.4456E+30    4.8522E+30    2.9009E+30    7.1920E+29    6.8010E+28    6.2518E+28    1.9767E+29    6.1269E+29    1.7382E+30    3.9873E+30    5.2307E+30    2.6453E+30    5.2898E+29    5.4385E+28    1.4903E+29    3.4823E+29    6.6867E+29    9.5608E+29    9.8349E+29    7.1607E+29    4.3235E+29
   -3.6438E+01   -7.7878E+01    1.4878E+02    5.4147E+07    9.6399E-01    3.3569E-01    1.0448E+29    3.6365E+29    1.2209E+30    3.4187E+30    4.8182E+30    2.8859E+30    7.1484E+29    6.7560E+28    6.2293E+28    1.9699E+29    6.0890E+29    1.7261E+30    3.9591E+30    5.1871E+30    2.6297E+30    5.2572E+29    5.4274E+28    1.4888E+29    3.4681E+29    6.6522E+29    9.5032E+29    9.7562E+29    7.1182E+29    4.2950E+29
   -3.0696E+01   -8.0281E+01    1.4926E+02    5.3194E+07    9.6049E-01    3.3568E-01    1.0407E+29    3.6211E+29    1.2170E+30    3.4093E+30    4.8007E+30    2.8758E+30    7.1277E+29    6.7397E+28    6.2106E+28    1.9625E+29    6.0725E+29    1.7210E+30    3.9462E+30    5.1782E+30    2.6216E+30    5.2444E+29    5.4082E+28    1.4818E+29    3.4595E+29    6.6370E+29    9.4843E+29    9.7520E+29    7.0947E+29    4.2869E+29
   -2.4817E+01   -8.2198E+01    1.4977E+02    5.2085E+07    9.5650E-01    3.3570E-01    1.0357E+29    3.6029E+29    1.2107E+30    3.3929E+30    4.7855E+30    2.8625E+30    7.0997E+29    6.7221E+28    6.1897E+28    1.9542E+29    6.0445E+29    1.7130E+30    3.9281E+30    5.1575E+30    2.6110E+30    5.2243E+29    5.3868E+28    1.4754E+29    3.4444E+29    6.6155E+29    9.4493E+29    9.7148E+29    7.0758E+29    4.2666E+29
   -1.8834E+01   -8.3634E+01    1.5028E+02    5.0896E+07    9.5225E-01    3.3574E-01    1.0388E+29    3.6119E+29    1.2120E+30    3.3930E+30    4.7810E+30    2.8660E+30    7.1087E+29    6.7261E+28    6.2025E+28    1.9599E+29    6.0533E+29    1.7131E+30    3.9291E+30    5.1480E+30    2.6137E+30    5.2304E+29    5.4054E+28    1.4832E+29    3.4598E+29    6.6274E+29    9.4601E+29    9.7088E+29    7.0774E+29    4.2713E+29
   -1.2779E+01   -8.4597E+01    1.5081E+02    4.9620E+07    9.4767E-01    3.3580E-01    1.0329E+29    3.5944E+29    1.2062E+30    3.3780E+30    4.7632E+30    2.8526E+30    7.0803E+29    6.7093E+28    6.1704E+28    1.9504E+29    6.0289E+29    1.7062E+30    3.9114E+30    5.1364E+30    2.6026E+30    5.2135E+29    5.3749E+28    1.4750E+29    3.4469E+29    6.6103E+29    9.4336E+29    9.6865E+29    7.0520E+29    4.2571E+29
   -6.6794E+00   -8.5093E+01    1.5133E+02    4.8329E+07    9.4300E-01    3.3587E-01    1.0323E+29    3.5939E+29    1.2065E+30    3.3769E+30    4.7673E+30    2.8536E+30    7.0771E+29    6.7160E+28    6.1685E+28    1.9512E+29    6.0339E+29    1.7069E+30    3.9111E+30    5.1386E+30    2.6058E+30    5.2158E+29    5.3700E+28    1.4757E+29    3.4535E+29    6.6228E+29    9.4472E+29    9.7013E+29    7.0654E+29    4.2585E+29
   -5.5966E-01   -8.5131E+01    1.5184E+02    4.7046E+07    9.3836E-01    3.3595E-01    1.0338E+29    3.5993E+29    1.2071E+30    3.3803E+30    4.7595E+30    2.8561E+30    7.0972E+29    6.7241E+28    6.1737E+28    1.9543E+29    6.0406E+29    1.7064E+30    3.9130E+30    5.1293E+30    2.6062E+30    5.2247E+29    5.3816E+28    1.4809E+29    3.4673E+29    6.6284E+29    9.4542E+29    9.7012E+29    7.0633E+29    4.2642E+29
    5.5476E+00   -8.4719E+01    1.5236E+02    4.5759E+07    9.3362E-01    3.3603E-01    1.0258E+29    3.5736E+29    1.2013E+30    3.3621E+30    4.7463E+30    2.8418E+30    7.0559E+29    6.6979E+28    6.1304E+28    1.9401E+29    6.0116E+29    1.6994E+30    3.8951E+30    5.1176E+30    2.5963E+30    5.2000E+29    5.3385E+28    1.4676E+29    3.4500E+29    6.6104E+29    9.4229E+29    9.6753E+29    7.0398E+29    4.2454E+29
    1.1620E+01   -8.3864E+01    1.5287E+02    4.4515E+07    9.2895E-01    3.3610E-01    1.0229E+29    3.5629E+29    1.1996E+30    3.3547E+30    4.7387E+30    2.8395E+30    7.0459E+29    6.6892E+28    6.1131E+28    1.9342E+29    5.9979E+29    1.6968E+30    3.8886E+30    5.1069E+30    2.5936E+30    5.1942E+29    5.3220E+28    1.4627E+29    3.4435E+29    6.6096E+29    9.4153E+29    9.6581E+29    7.0361E+29    4.2414E+29
    1.8005E+01   -8.2478E+01    1.5340E+02    4.3261E+07    9.2422E-01    3.3618E-01    1.0209E+29    3.5559E+29    1.1967E+30    3.3500E+30    4.7159E+30    2.8290E+30    7.0345E+29    6.6821E+28    6.0963E+28    1.9300E+29    5.9798E+29    1.6914E+30    3.8765E+30    5.0959E+30    2.5828E+30    5.1834E+29    5.3125E+28    1.4619E+29    3.4384E+29    6.5999E+29    9.3935E+29    9.6444E+29    7.0081E+29    4.2323E+29
    2.4285E+01   -8.0608E+01    1.5393E+02    4.2062E+07    9.1963E-01    3.3625E-01    1.0123E+29    3.5276E+29    1.1897E+30    3.3297E+30    4.7023E+30    2.8199E+30    6.9903E+29    6.6396E+28    6.0508E+28    1.9145E+29    5.9408E+29    1.6835E+30    3.8561E+30    5.0689E+30    2.5762E+30    5.1550E+29    5.2668E+28    1.4471E+29    3.4101E+29    6.5728E+29    9.3525E+29    9.5973E+29    6.9904E+29    4.2150E+29
    3.0422E+01   -7.8264E+01    1.5446E+02    4.0935E+07    9.1517E-01    3.3631E-01    1.0083E+29    3.5112E+29    1.1835E+30    3.3175E+30    4.6780E+30    2.8042E+30    6.9640E+29    6.6226E+28    6.0236E+28    1.9057E+29    5.9092E+29    1.6748E+30    3.8387E+30    5.0422E+30    2.5624E+30    5.1354E+29    5.2469E+28    1.4417E+29    3.3936E+29    6.5434E+29    9.3127E+29    9.5531E+29    6.9582E+29    4.1977E+29
    3.6380E+01   -7.5458E+01    1.5500E+02    3.9860E+07    9.1036E-01    3.3636E-01    1.0007E+29    3.4857E+29    1.1751E+30    3.2948E+30    4.6475E+30    2.7843E+30    6.9141E+29    6.5837E+28    5.9756E+28    1.8913E+29    5.8660E+29    1.6628E+30    3.8113E+30    5.0167E+30    2.5459E+30    5.0979E+29    5.2053E+28    1.4310E+29    3.3696E+29    6.4971E+29    9.2462E+29    9.4997E+29    6.9072E+29    4.1681E+29
    4.2120E+01   -7.2203E+01    1.5553E+02    3.8892E+07    9.0490E-01    3.3639E-01    9.9347E+28    3.4640E+29    1.1687E+30    3.2781E+30    4.6274E+30    2.7748E+30    6.8959E+29    6.5371E+28    5.9347E+28    1.8786E+29    5.8324E+29    1.6553E+30    3.7983E+30    4.9873E+30    2.5355E+30    5.0840E+29    5.1636E+28    1.4193E+29    3.3455E+29    6.4684E+29    9.2180E+29    9.4475E+29    6.8866E+29    4.1547E+29
    4.7604E+01   -6.8514E+01    1.5607E+02    3.7974E+07    8.9962E-01    3.3642E-01    9.8932E+28    3.4450E+29    1.1609E+30    3.2583E+30    4.6001E+30    2.7548E+30    6.8400E+29    6.5189E+28    5.9052E+28    1.8693E+29    5.7939E+29    1.6435E+30    3.7685E+30    4.9624E+30    2.5172E+30    5.0440E+29    5.1451E+28    1.4148E+29    3.3273E+29    6.4246E+29    9.1467E+29    9.4001E+29    6.8377E+29    4.1257E+29
    5.2792E+01   -6.4412E+01    1.5662E+02    3.7114E+07    8.9470E-01    3.3643E-01    9.7949E+28    3.4149E+29    1.1520E+30    3.2330E+30    4.5649E+30    2.7370E+30    6.8024E+29    6.4642E+28    5.8469E+28    1.8514E+29    5.7479E+29    1.6316E+30    3.7398E+30    4.9249E+30    2.5009E+30    5.0138E+29    5.0900E+28    1.3994E+29    3.2984E+29    6.3797E+29    9.0890E+29    9.3272E+29    6.7931E+29    4.0989E+29
    5.7646E+01   -5.9922E+01    1.5718E+02    3.6287E+07    8.8996E-01    3.3643E-01    9.7155E+28    3.3875E+29    1.1430E+30    3.2110E+30    4.5303E+30    2.7164E+30    6.7523E+29    6.4238E+28    5.7995E+28    1.8363E+29    5.7024E+29    1.6194E+30    3.7172E+30    4.8890E+30    2.4820E+30    4.9787E+29    5.0472E+28    1.3874E+29    3.2708E+29    6.3318E+29    9.0257E+29    9.2590E+29    6.7449E+29    4.0714E+29
    6.2131E+01   -5.5069E+01    1.5775E+02    3.5483E+07    8.8544E-01    3.3643E-01    9.6696E+28    3.3699E+29    1.1355E+30    3.1882E+30    4.5047E+30    2.7019E+30    6.6996E+29    6.3861E+28    5.7675E+28    1.8271E+29    5.6649E+29    1.6081E+30    3.6866E+30    4.8593E+30    2.4700E+30    4.9397E+29    5.0245E+28    1.3827E+29    3.2527E+29    6.2899E+29    8.9491E+29    9.2063E+29    6.6979E+29    4.0446E+29
    6.6218E+01   -4.9887E+01    1.5834E+02    3.4679E+07    8.8087E-01    3.3642E-01    9.5468E+28    3.3303E+29    1.1242E+30    3.1612E+30    4.4595E+30    2.6739E+30    6.6474E+29    6.3377E+28    5.6990E+28    1.8046E+29    5.6068E+29    1.5932E+30    3.6585E+30    4.8105E+30    2.4434E+30    4.9018E+29    4.9585E+28    1.3627E+29    3.2143E+29    6.2299E+29    8.8835E+29    9.1148E+29    6.6386E+29    4.0076E+29
    6.9879E+01   -4.4407E+01    1.5893E+02    3.3893E+07    8.7636E-01    3.3640E-01    9.5080E+28    3.3132E+29    1.1178E+30    3.1428E+30    4.4385E+30    2.6603E+30    6.6079E+29    6.2977E+28    5.6717E+28    1.7957E+29    5.5747E+29    1.5839E+30    3.6349E+30    4.7877E+30    2.4332E+30    4.8712E+29    4.9382E+28    1.3572E+29    3.1975E+29    6.1956E+29    8.8269E+29    9.0714E+29    6.6029E+29    3.9852E+29
    7.3093E+01   -3.8668E+01    1.5954E+02    3.3107E+07    8.7193E-01    3.3638E-01    9.4184E+28    3.2831E+29    1.1078E+30    3.1138E+30    4.3985E+30    2.6380E+30    6.5532E+29    6.2473E+28    5.6167E+28    1.7789E+29    5.5243E+29    1.5696E+30    3.6028E+30    4.7439E+30    2.4113E+30    4.8282E+29    4.8903E+28    1.3446E+29    3.1692E+29    6.1398E+29    8.7505E+29    8.9862E+29    6.5446E+29    3.9505E+29
    7.5841E+01   -3.2706E+01    1.6015E+02    3.2342E+07    8.6761E-01    3.3635E-01    9.3396E+28    3.2588E+29    1.1001E+30    3.0968E+30    4.3720E+30    2.6178E+30    6.5077E+29    6.2106E+28    5.5743E+28    1.7653E+29    5.4856E+29    1.5595E+30    3.5819E+30    4.7183E+30    2.3932E+30    4.7980E+29    4.8490E+28    1.3327E+29    3.1438E+29    6.0986E+29    8.6974E+29    8.9358E+29    6.5083E+29    3.9275E+29
    7.8112E+01   -2.6559E+01    1.6077E+02    3.1592E+07    8.6337E-01    3.3632E-01    9.2950E+28    3.2396E+29    1.0922E+30    3.0705E+30    4.3380E+30    2.6023E+30    6.4708E+29    6.1636E+28    5.5420E+28    1.7554E+29    5.4461E+29    1.5476E+30    3.5499E+30    4.6800E+30    2.3787E+30    4.7652E+29    4.8275E+28    1.3277E+29    3.1251E+29    6.0559E+29    8.6247E+29    8.8652E+29    6.4547E+29    3.8978E+29
    7.9895E+01   -2.0264E+01    1.6139E+02    3.0868E+07    8.5925E-01    3.3627E-01    9.2051E+28    3.2115E+29    1.0842E+30    3.0520E+30    4.3085E+30    2.5831E+30    6.4165E+29    6.1192E+28    5.4888E+28    1.7390E+29    5.4049E+29    1.5368E+30    3.5302E+30    4.6498E+30    2.3610E+30    4.7296E+29    4.7764E+28    1.3133E+29    3.0985E+29    6.0112E+29    8.5712E+29    8.8083E+29    6.4108E+29    3.8709E+29
    8.1187E+01   -1.3858E+01    1.6201E+02    3.0177E+07    8.5530E-01    3.3622E-01    9.1410E+28    3.1889E+29    1.0764E+30    3.0309E+30    4.2800E+30    2.5653E+30    6.3719E+29    6.0732E+28    5.4505E+28    1.7269E+29    5.3662E+29    1.5261E+30    3.5040E+30    4.6193E+30    2.3453E+30    4.6951E+29    4.7429E+28    1.3041E+29    3.0759E+29    5.9700E+29    8.5088E+29    8.7545E+29    6.3683E+29    3.8448E+29
    8.1984E+01   -7.3771E+00    1.6261E+02    2.9538E+07    8.5168E-01    3.3617E-01    9.1246E+28    3.1814E+29    1.0727E+30    3.0187E+30    4.2607E+30    2.5554E+30    6.3543E+29    6.0638E+28    5.4385E+28    1.7230E+29    5.3482E+29    1.5202E+30    3.4918E+30    4.5972E+30    2.3358E+30    4.6794E+29    4.7369E+28    1.3031E+29    3.0689E+29    5.9477E+29    8.4849E+29    8.7113E+29    6.3417E+29    3.8305E+29
    8.2288E+01   -8.5420E-01    1.6320E+02    2.8950E+07    8.4831E-01    3.3610E-01    9.0395E+28    3.1549E+29    1.0653E+30    3.0011E+30    4.2386E+30    2.5388E+30    6.3007E+29    6.0059E+28    5.3910E+28    1.7080E+29    5.3089E+29    1.5104E+30    3.4696E+30    4.5743E+30    2.3227E+30    4.6448E+29    4.6896E+28    1.2891E+29    3.0415E+29    5.9066E+29    8.4252E+29    8.6656E+29    6.3111E+29    3.8088E+29
    8.2101E+01    5.6764E+00    1.6377E+02    2.8424E+07    8.4525E-01    3.3603E-01    9.0204E+28    3.1446E+29    1.0610E+30    2.9877E+30    4.2170E+30    2.5271E+30    6.2795E+29    5.9908E+28    5.3752E+28    1.7029E+29    5.2886E+29    1.5039E+30    3.4538E+30    4.5521E+30    2.3106E+30    4.6270E+29    4.6803E+28    1.2869E+29    3.0328E+29    5.8819E+29    8.3909E+29    8.6256E+29    6.2778E+29    3.7916E+29
    8.1429E+01    1.2181E+01    1.6433E+02    2.7959E+07    8.4252E-01    3.3594E-01    8.9518E+28    3.1225E+29    1.0538E+30    2.9684E+30    4.1888E+30    2.5091E+30    6.2339E+29    5.9454E+28    5.3317E+28    1.6896E+29    5.2509E+29    1.4934E+30    3.4320E+30    4.5222E+30    2.2942E+30    4.5953E+29    4.6410E+28    1.2762E+29    3.0097E+29    5.8384E+29    8.3336E+29    8.5655E+29    6.2351E+29    3.7655E+29
    8.0280E+01    1.8626E+01    1.6486E+02    2.7575E+07    8.4021E-01    3.3584E-01    8.9028E+28    3.1076E+29    1.0496E+30    2.9572E+30    4.1745E+30    2.5001E+30    6.2036E+29    5.9060E+28    5.3064E+28    1.6813E+29    5.2286E+29    1.4879E+30    3.4171E+30    4.5059E+30    2.2871E+30    4.5743E+29    4.6161E+28    1.2687E+29    2.9946E+29    5.8167E+29    8.2958E+29    8.5414E+29    6.2179E+29    3.7531E+29
    7.8663E+01    2.4979E+01    1.6538E+02    2.7261E+07    8.3827E-01    3.3573E-01    8.8711E+28    3.0941E+29    1.0430E+30    2.9378E+30    4.1404E+30    2.4808E+30    6.1632E+29    5.8802E+28    5.2800E+28    1.6742E+29    5.1959E+29    1.4773E+30    3.3972E+30    4.4710E+30    2.2683E+30    4.5431E+29    4.5993E+28    1.2660E+29    2.9794E+29    5.7744E+29    8.2478E+29    8.4738E+29    6.1659E+29    3.7272E+29
    7.6588E+01    3.1205E+01    1.6587E+02    2.7030E+07    8.3673E-01    3.3560E-01    8.8073E+28    3.0739E+29    1.0380E+30    2.9242E+30    4.1255E+30    2.4694E+30    6.1251E+29    5.8340E+28    5.2445E+28    1.6622E+29    5.1692E+29    1.4706E+30    3.3786E+30    4.4535E+30    2.2588E+30    4.5177E+29    4.5634E+28    1.2544E+29    2.9603E+29    5.7468E+29    8.2013E+29    8.4407E+29    6.1437E+29    3.7107E+29
    7.4065E+01    3.7271E+01    1.6635E+02    2.6866E+07    8.3548E-01    3.3546E-01    8.7519E+28    3.0542E+29    1.0308E+30    2.9035E+30    4.0948E+30    2.4502E+30    6.0777E+29    5.7922E+28    5.2089E+28    1.6513E+29    5.1330E+29    1.4602E+30    3.3537E+30    4.4207E+30    2.2410E+30    4.4835E+29    4.5340E+28    1.2467E+29    2.9397E+29    5.7045E+29    8.1425E+29    8.3787E+29    6.0988E+29    3.6852E+29
    7.1108E+01    4.3139E+01    1.6683E+02    2.6748E+07    8.3464E-01    3.3530E-01    8.6857E+28    3.0302E+29    1.0222E+30    2.8792E+30    4.0553E+30    2.4269E+30    6.0236E+29    5.7421E+28    5.1657E+28    1.6380E+29    5.0885E+29    1.4471E+30    3.3275E+30    4.3785E+30    2.2188E+30    4.4433E+29    4.4989E+28    1.2377E+29    2.9150E+29    5.6508E+29    8.0727E+29    8.2979E+29    6.0386E+29    3.6502E+29
    6.7732E+01    4.8770E+01    1.6730E+02    2.6685E+07    8.3354E-01    3.3513E-01    8.6013E+28    3.0033E+29    1.0142E+30    2.8577E+30    4.0282E+30    2.4095E+30    5.9712E+29    5.6762E+28    5.1168E+28    1.6225E+29    5.0469E+29    1.4368E+30    3.2999E+30    4.3487E+30    2.2040E+30    4.4062E+29    4.4511E+28    1.2237E+29    2.8863E+29    5.6074E+29    8.0022E+29    8.2443E+29    6.0026E+29    3.6242E+29
    6.3957E+01    5.4122E+01    1.6777E+02    2.6649E+07    8.3298E-01    3.3494E-01    8.5534E+28    2.9842E+29    1.0069E+30    2.8357E+30    3.9930E+30    2.3879E+30    5.9234E+29    5.6440E+28    5.0843E+28    1.6123E+29    5.0109E+29    1.4252E+30    3.2756E+30    4.3110E+30    2.1834E+30    4.3698E+29    4.4278E+28    1.2177E+29    2.8687E+29    5.5615E+29    7.9443E+29    8.1696E+29    5.9471E+29    3.5953E+29
    5.9802E+01    5.9155E+01    1.6825E+02    2.6617E+07    8.3239E-01    3.3476E-01    8.4715E+28    2.9567E+29    9.9794E+29    2.8108E+30    3.9579E+30    2.3657E+30    5.8650E+29    5.5864E+28    5.0349E+28    1.5966E+29    4.9648E+29    1.4125E+30    3.2459E+30    4.2733E+30    2.1635E+30    4.3286E+29    4.3832E+28    1.2051E+29    2.8404E+29    5.5097E+29    7.8700E+29    8.0984E+29    5.8950E+29    3.5641E+29
    5.5297E+01    6.3825E+01    1.6875E+02    2.6563E+07    8.3129E-01    3.3457E-01    8.3809E+28    2.9264E+29    9.8823E+29    2.7836E+30    3.9207E+30    2.3436E+30    5.8026E+29    5.5163E+28    4.9826E+28    1.5800E+29    4.9155E+29    1.3992E+30    3.2129E+30    4.2329E+30    2.1434E+30    4.2850E+29    4.3355E+28    1.1915E+29    2.8100E+29    5.4575E+29    7.7881E+29    8.0288E+29    5.8425E+29    3.5304E+29
    5.0474E+01    6.8093E+01    1.6926E+02    2.6481E+07    8.3031E-01    3.3438E-01    8.3412E+28    2.9117E+29    9.8207E+29    2.7650E+30    3.8886E+30    2.3259E+30    5.7678E+29    5.4934E+28    4.9529E+28    1.5719E+29    4.8853E+29    1.3892E+30    3.1946E+30    4.1986E+30    2.1263E+30    4.2569E+29    4.3140E+28    1.1873E+29    2.7965E+29    5.4178E+29    7.7420E+29    7.9615E+29    5.7928E+29    3.5034E+29
    4.5366E+01    7.1927E+01    1.6980E+02    2.6339E+07    8.2885E-01    3.3421E-01    8.2474E+28    2.8801E+29    9.7242E+29    2.7389E+30    3.8568E+30    2.3037E+30    5.7068E+29    5.4299E+28    4.9003E+28    1.5546E+29    4.8370E+29    1.3763E+30    3.1616E+30    4.1640E+30    2.1074E+30    4.2142E+29    4.2647E+28    1.1727E+29    2.7656E+29    5.3664E+29    7.6634E+29    7.8950E+29    5.7484E+29    3.4722E+29
    4.0013E+01    7.5300E+01    1.7036E+02    2.6147E+07    8.2666E-01    3.3404E-01    8.1928E+28    2.8606E+29    9.6576E+29    2.7197E+30    3.8304E+30    2.2887E+30    5.6690E+29    5.3930E+28    4.8685E+28    1.5444E+29    4.8042E+29    1.3670E+30    3.1393E+30    4.1365E+30    2.0936E+30    4.1865E+29    4.2370E+28    1.1650E+29    2.7470E+29    5.3317E+29    7.6111E+29    7.8441E+29    5.7089E+29    3.4501E+29
    3.4455E+01    7.8196E+01    1.7094E+02    2.5887E+07    8.2408E-01    3.3390E-01    8.1539E+28    2.8474E+29    9.6032E+29    2.7040E+30    3.8027E+30    2.2745E+30    5.6411E+29    5.3726E+28    4.8425E+28    1.5369E+29    4.7780E+29    1.3584E+30    3.1246E+30    4.1069E+30    2.0797E+30    4.1636E+29    4.2172E+28    1.1608E+29    2.7357E+29    5.2985E+29    7.5723E+29    7.7922E+29    5.6668E+29    3.4275E+29
    2.8735E+01    8.0607E+01    1.7155E+02    2.5566E+07    8.2086E-01    3.3377E-01    8.0753E+28    2.8192E+29    9.5196E+29    2.6819E+30    3.7771E+30    2.2575E+30    5.5903E+29    5.3186E+28    4.8005E+28    1.5225E+29    4.7362E+29    1.3479E+30    3.0961E+30    4.0793E+30    2.0654E+30    4.1297E+29    4.1769E+28    1.1482E+29    2.7080E+29    5.2588E+29    7.5084E+29    7.7382E+29    5.6319E+29    3.4025E+29
    2.2888E+01    8.2536E+01    1.7216E+02    2.5204E+07    8.1725E-01    3.3365E-01    8.0512E+28    2.8111E+29    9.4892E+29    2.6735E+30    3.7650E+30    2.2506E+30    5.5768E+29    5.3106E+28    4.7852E+28    1.5178E+29    4.7220E+29    1.3435E+30    3.0867E+30    4.0669E+30    2.0593E+30    4.1187E+29    4.1646E+28    1.1450E+29    2.7010E+29    5.2418E+29    7.4883E+29    7.7133E+29    5.6138E+29    3.3921E+29
    1.6943E+01    8.3992E+01    1.7279E+02    2.4807E+07    8.1349E-01    3.3355E-01    8.0120E+28    2.7969E+29    9.4328E+29    2.6573E+30    3.7390E+30    2.2353E+30    5.5445E+29    5.2822E+28    4.7608E+28    1.5106E+29    4.6948E+29    1.3347E+30    3.0707E+30    4.0408E+30    2.0447E+30    4.0928E+29    4.1460E+28    1.1411E+29    2.6887E+29    5.2093E+29    7.4458E+29    7.6650E+29    5.5730E+29    3.3704E+29
    1.0931E+01    8.4985E+01    1.7341E+02    2.4401E+07    8.0975E-01    3.3346E-01    7.9786E+28    2.7850E+29    9.4030E+29    2.6501E+30    3.7328E+30    2.2318E+30    5.5308E+29    5.2630E+28    4.7463E+28    1.5048E+29    4.6799E+29    1.3320E+30    3.0599E+30    4.0337E+30    2.0425E+30    4.0850E+29    4.1300E+28    1.1350E+29    2.6770E+29    5.2005E+29    7.4265E+29    7.6530E+29    5.5684E+29    3.3649E+29
    4.8743E+00    8.5527E+01    1.7404E+02    2.3982E+07    8.0593E-01    3.3338E-01    7.9388E+28    2.7702E+29    9.3489E+29    2.6348E+30    3.7098E+30    2.2182E+30    5.4989E+29    5.2359E+28    4.7209E+28    1.4968E+29    4.6540E+29    1.3239E+30    3.0441E+30    4.0085E+30    2.0302E+30    4.0619E+29    4.1096E+28    1.1297E+29    2.6639E+29    5.1700E+29    7.3890E+29    7.6062E+29    5.5346E+29    3.3444E+29
   -1.2035E+00    8.5627E+01    1.7467E+02    2.3562E+07    8.0212E-01    3.3330E-01    7.9047E+28    2.7589E+29    9.3066E+29    2.6228E+30    3.6923E+30    2.2068E+30    5.4709E+29    5.2120E+28    4.6991E+28    1.4907E+29    4.6330E+29    1.3168E+30    3.0304E+30    3.9913E+30    2.0200E+30    4.0384E+29    4.0922E+28    1.1261E+29    2.6542E+29    5.1420E+29    7.3528E+29    7.5705E+29    5.5066E+29    3.3277E+29
   -7.2797E+00    8.5294E+01    1.7529E+02    2.3154E+07    7.9847E-01    3.3321E-01    7.8599E+28    2.7437E+29    9.2625E+29    2.6114E+30    3.6782E+30    2.1990E+30    5.4509E+29    5.1943E+28    4.6775E+28    1.4829E+29    4.6110E+29    1.3120E+30    3.0163E+30    3.9755E+30    2.0131E+30    4.0258E+29    4.0700E+28    1.1186E+29    2.6385E+29    5.1249E+29    7.3241E+29    7.5452E+29    5.4914E+29    3.3184E+29
   -1.3328E+01    8.4532E+01    1.7591E+02    2.2754E+07    7.9493E-01    3.3313E-01    7.8253E+28    2.7303E+29    9.2120E+29    2.5974E+30    3.6569E+30    2.1859E+30    5.4183E+29    5.1622E+28    4.6547E+28    1.4757E+29    4.5860E+29    1.3045E+30    3.0015E+30    3.9528E+30    2.0010E+30    4.0026E+29    4.0526E+28    1.1141E+29    2.6259E+29    5.0967E+29    7.2874E+29    7.5001E+29    5.4574E+29    3.2974E+29
   -1.9326E+01    8.3346E+01    1.7652E+02    2.2371E+07    7.9158E-01    3.3304E-01    7.7960E+28    2.7201E+29    9.1752E+29    2.5867E+30    3.6421E+30    2.1764E+30    5.3934E+29    5.1334E+28    4.6351E+28    1.4703E+29    4.5677E+29    1.2985E+30    2.9884E+30    3.9372E+30    1.9928E+30    3.9824E+29    4.0364E+28    1.1106E+29    2.6170E+29    5.0735E+29    7.2538E+29    7.4687E+29    5.4342E+29    3.2831E+29
   -2.5242E+01    8.1739E+01    1.7713E+02    2.2001E+07    7.8832E-01    3.3295E-01    7.7300E+28    2.6991E+29    9.1112E+29    2.5702E+30    3.6181E+30    2.1625E+30    5.3596E+29    5.1076E+28    4.5991E+28    1.4585E+29    4.5358E+29    1.2905E+30    2.9697E+30    3.9118E+30    1.9803E+30    3.9598E+29    4.0012E+28    1.1001E+29    2.5954E+29    5.0418E+29    7.2116E+29    7.4251E+29    5.4044E+29    3.2662E+29
   -3.1044E+01    7.9718E+01    1.7774E+02    2.1642E+07    7.8520E-01    3.3285E-01    7.6975E+28    2.6852E+29    9.0588E+29    2.5548E+30    3.5970E+30    2.1492E+30    5.3250E+29    5.0749E+28    4.5778E+28    1.4514E+29    4.5094E+29    1.2824E+30    2.9525E+30    3.8887E+30    1.9684E+30    3.9345E+29    3.9863E+28    1.0960E+29    2.5824E+29    5.0112E+29    7.1694E+29    7.3775E+29    5.3716E+29    3.2464E+29
   -3.6702E+01    7.7288E+01    1.7835E+02    2.1294E+07    7.8216E-01    3.3274E-01    7.6519E+28    2.6699E+29    9.0063E+29    2.5396E+30    3.5754E+30    2.1365E+30    5.2937E+29    5.0408E+28    4.5489E+28    1.4429E+29    4.4836E+29    1.2746E+30    2.9338E+30    3.8657E+30    1.9568E+30    3.9111E+29    3.9612E+28    1.0898E+29    2.5685E+29    4.9810E+29    7.1225E+29    7.3332E+29    5.3408E+29    3.2269E+29
   -4.2181E+01    7.4458E+01    1.7897E+02    2.0949E+07    7.7915E-01    3.3264E-01    7.5791E+28    2.6465E+29    8.9321E+29    2.5205E+30    3.5473E+30    2.1188E+30    5.2500E+29    5.0026E+28    4.5099E+28    1.4300E+29    4.4463E+29    1.2648E+30    2.9125E+30    3.8369E+30    1.9413E+30    3.8806E+29    3.9232E+28    1.0786E+29    2.5443E+29    4.9418E+29    7.0757E+29    7.2841E+29    5.3014E+29    3.2036E+29
   -4.7445E+01    7.1239E+01    1.7958E+02    2.0612E+07    7.7628E-01    3.3253E-01    7.5686E+28    2.6393E+29    8.9022E+29    2.5111E+30    3.5340E+30    2.1111E+30    5.2298E+29    4.9810E+28    4.5016E+28    1.4271E+29    4.4322E+29    1.2598E+30    2.9011E+30    3.8213E+30    1.9342E+30    3.8657E+29    3.9204E+28    1.0779E+29    2.5390E+29    4.9250E+29    7.0470E+29    7.2521E+29    5.2811E+29    3.1924E+29
   -5.2459E+01    6.7647E+01    1.8021E+02    2.0265E+07    7.7333E-01    3.3242E-01    7.4992E+28    2.6164E+29    8.8254E+29    2.4896E+30    3.5044E+30    2.0931E+30    5.1856E+29    4.9384E+28    4.4592E+28    1.4143E+29    4.3939E+29    1.2491E+30    2.8756E+30    3.7889E+30    1.9178E+30    3.8329E+29    3.8830E+28    1.0681E+29    2.5172E+29    4.8841E+29    6.9850E+29    7.1902E+29    5.2395E+29    3.1643E+29
   -5.7188E+01    6.3702E+01    1.8084E+02    1.9915E+07    7.7040E-01    3.3231E-01    7.4479E+28    2.6001E+29    8.7746E+29    2.4771E+30    3.4854E+30    2.0810E+30    5.1543E+29    4.9107E+28    4.4323E+28    1.4054E+29    4.3688E+29    1.2423E+30    2.8629E+30    3.7703E+30    1.9077E+30    3.8127E+29    3.8555E+28    1.0602E+29    2.5003E+29    4.8559E+29    6.9578E+29    7.1585E+29    5.2132E+29    3.1498E+29
   -6.1602E+01    5.9422E+01    1.8148E+02    1.9551E+07    7.6737E-01    3.3221E-01    7.4218E+28    2.5882E+29    8.7266E+29    2.4621E+30    3.4651E+30    2.0697E+30    5.1287E+29    4.8868E+28    4.4149E+28    1.3996E+29    4.3461E+29    1.2353E+30    2.8448E+30    3.7471E+30    1.8971E+30    3.7919E+29    3.8451E+28    1.0574E+29    2.4908E+29    4.8324E+29    6.9131E+29    7.1137E+29    5.1814E+29    3.1318E+29
   -6.5669E+01    5.4836E+01    1.8213E+02    1.9172E+07    7.6420E-01    3.3210E-01    7.3734E+28    2.5720E+29    8.6747E+29    2.4478E+30    3.4449E+30    2.0574E+30    5.0980E+29    4.8575E+28    4.3860E+28    1.3908E+29    4.3204E+29    1.2278E+30    2.8279E+30    3.7256E+30    1.8860E+30    3.7700E+29    3.8191E+28    1.0506E+29    2.4762E+29    4.8036E+29    6.8731E+29    7.0762E+29    5.1544E+29    3.1140E+29
   -6.9368E+01    4.9968E+01    1.8280E+02    1.8773E+07    7.6082E-01    3.3200E-01    7.3088E+28    2.5513E+29    8.6058E+29    2.4300E+30    3.4201E+30    2.0425E+30    5.0587E+29    4.8165E+28    4.3523E+28    1.3798E+29    4.2870E+29    1.2185E+30    2.8099E+30    3.6996E+30    1.8729E+30    3.7435E+29    3.7860E+28    1.0412E+29    2.4552E+29    4.7673E+29    6.8353E+29    7.0286E+29    5.1184E+29    3.0937E+29
   -7.2676E+01    4.4849E+01    1.8347E+02    1.8369E+07    7.5665E-01    3.3190E-01    7.2993E+28    2.5451E+29    8.5791E+29    2.4212E+30    3.4080E+30    2.0351E+30    5.0439E+29    4.8081E+28    4.3438E+28    1.3775E+29    4.2749E+29    1.2144E+30    2.7975E+30    3.6858E+30    1.8662E+30    3.7324E+29    3.7831E+28    1.0411E+29    2.4521E+29    4.7559E+29    6.8061E+29    6.9998E+29    5.1018E+29    3.0820E+29
   -7.5576E+01    3.9509E+01    1.8414E+02    1.7959E+07    7.5165E-01    3.3181E-01    7.2672E+28    2.5343E+29    8.5449E+29    2.4126E+30    3.3961E+30    2.0280E+30    5.0252E+29    4.7891E+28    4.3272E+28    1.3718E+29    4.2590E+29    1.2099E+30    2.7882E+30    3.6734E+30    1.8601E+30    3.7189E+29    3.7675E+28    1.0364E+29    2.4427E+29    4.7395E+29    6.7878E+29    6.9810E+29    5.0862E+29    3.0726E+29
   -7.8057E+01    3.3976E+01    1.8483E+02    1.7544E+07    7.4604E-01    3.3172E-01    7.2109E+28    2.5158E+29    8.4831E+29    2.3953E+30    3.3733E+30    2.0144E+30    4.9921E+29    4.7591E+28    4.2974E+28    1.3619E+29    4.2296E+29    1.2018E+30    2.7711E+30    3.6494E+30    1.8486E+30    3.6961E+29    3.7394E+28    1.0282E+29    2.4252E+29    4.7114E+29    6.7464E+29    6.9365E+29    5.0548E+29    3.0550E+29
   -8.0111E+01    2.8279E+01    1.8552E+02    1.7135E+07    7.4073E-01    3.3164E-01    7.2011E+28    2.5101E+29    8.4579E+29    2.3883E+30    3.3628E+30    2.0076E+30    4.9760E+29    4.7424E+28    4.2898E+28    1.3599E+29    4.2186E+29    1.1976E+30    2.7607E+30    3.6369E+30    1.8419E+30    3.6836E+29    3.7359E+28    1.0281E+29    2.4223E+29    4.6967E+29    6.7276E+29    6.9143E+29    5.0412E+29    3.0412E+29
   -8.1733E+01    2.2450E+01    1.8621E+02    1.6736E+07    7.3565E-01    3.3155E-01    7.1703E+28    2.4996E+29    8.4233E+29    2.3789E+30    3.3493E+30    2.0001E+30    4.9564E+29    4.7241E+28    4.2745E+28    1.3548E+29    4.2026E+29    1.1929E+30    2.7510E+30    3.6241E+30    1.8356E+30    3.6714E+29    3.7214E+28    1.0240E+29    2.4135E+29    4.6805E+29    6.7086E+29    6.8934E+29    5.0228E+29    3.0323E+29
   -8.2926E+01    1.6515E+01    1.8690E+02    1.6344E+07    7.3070E-01    3.3146E-01    7.1335E+28    2.4874E+29    8.3847E+29    2.3680E+30    3.3345E+30    1.9912E+30    4.9344E+29    4.7062E+28    4.2564E+28    1.3486E+29    4.1843E+29    1.1880E+30    2.7395E+30    3.6081E+30    1.8284E+30    3.6569E+29    3.7036E+28    1.0188E+29    2.4027E+29    4.6651E+29    6.6833E+29    6.8637E+29    5.0038E+29    3.0224E+29
   -8.3691E+01    1.0501E+01    1.8759E+02    1.5960E+07    7.2591E-01    3.3136E-01    7.1160E+28    2.4794E+29    8.3463E+29    2.3574E+30    3.3198E+30    1.9824E+30    4.9133E+29    4.6839E+28    4.2450E+28    1.3450E+29    4.1681E+29    1.1818E+30    2.7262E+30    3.5914E+30    1.8199E+30    3.6417E+29    3.6972E+28    1.0175E+29    2.3965E+29    4.6420E+29    6.6549E+29    6.8363E+29    4.9861E+29    3.0081E+29
   -8.4033E+01    4.4337E+00    1.8828E+02    1.5587E+07    7.2133E-01    3.3126E-01    7.0710E+28    2.4637E+29    8.2966E+29    2.3438E+30    3.3007E+30    1.9707E+30    4.8827E+29    4.6551E+28    4.2201E+28    1.3369E+29    4.1435E+29    1.1756E+30    2.7115E+30    3.5717E+30    1.8101E+30    3.6220E+29    3.6741E+28    1.0108E+29    2.3817E+29    4.6215E+29    6.6222E+29    6.8005E+29    4.9592E+29    2.9944E+29
   -8.3953E+01   -1.6655E+00    1.8896E+02    1.5231E+07    7.1704E-01    3.3115E-01    7.0387E+28    2.4523E+29    8.2598E+29    2.3341E+30    3.2861E+30    1.9613E+30    4.8587E+29    4.6322E+28    4.2059E+28    1.3317E+29    4.1276E+29    1.1705E+30    2.7004E+30    3.5563E+30    1.8020E+30    3.6062E+29    3.6601E+28    1.0066E+29    2.3727E+29    4.6046E+29    6.6010E+29    6.7757E+29    4.9414E+29    2.9827E+29
   -8.3457E+01   -7.7682E+00    1.8964E+02    1.4890E+07    7.1283E-01    3.3103E-01    7.0082E+28    2.4412E+29    8.2114E+29    2.3182E+30    3.2644E+30    1.9490E+30    4.8298E+29    4.6060E+28    4.1842E+28    1.3260E+29    4.1043E+29    1.1628E+30    2.6819E+30    3.5328E+30    1.7903E+30    3.5846E+29    3.6442E+28    1.0038E+29    2.3632E+29    4.5778E+29    6.5556E+29    6.7358E+29    4.9123E+29    2.9645E+29
   -8.2549E+01   -1.3853E+01    1.9031E+02    1.4577E+07    7.0900E-01    3.3090E-01    6.9570E+28    2.4236E+29    8.1586E+29    2.3050E+30    3.2448E+30    1.9364E+30    4.7957E+29    4.5712E+28    4.1567E+28    1.3165E+29    4.0789E+29    1.1558E+30    2.6672E+30    3.5118E+30    1.7796E+30    3.5623E+29    3.6183E+28    9.9552E+28    2.3469E+29    4.5493E+29    6.5241E+29    6.6960E+29    4.8845E+29    2.9493E+29
   -8.1237E+01   -1.9892E+01    1.9097E+02    1.4300E+07    7.0561E-01    3.3077E-01    6.9143E+28    2.4082E+29    8.1040E+29    2.2899E+30    3.2236E+30    1.9230E+30    4.7618E+29    4.5390E+28    4.1328E+28    1.3087E+29    4.0528E+29    1.1481E+30    2.6494E+30    3.4885E+30    1.7678E+30    3.5391E+29    3.5969E+28    9.8963E+28    2.3320E+29    4.5187E+29    6.4828E+29    6.6537E+29    4.8572E+29    2.9306E+29
   -7.9525E+01   -2.5862E+01    1.9163E+02    1.4054E+07    7.0260E-01    3.3061E-01    6.8669E+28    2.3917E+29    8.0424E+29    2.2706E+30    3.1940E+30    1.9066E+30    4.7219E+29    4.5008E+28    4.1018E+28    1.3000E+29    4.0233E+29    1.1387E+30    2.6267E+30    3.4581E+30    1.7523E+30    3.5107E+29    3.5716E+28    9.8411E+28    2.3178E+29    4.4864E+29    6.4286E+29    6.5976E+29    4.8139E+29    2.9081E+29
   -7.7422E+01   -3.1734E+01    1.9228E+02    1.3850E+07    7.0001E-01    3.3045E-01    6.8035E+28    2.3694E+29    7.9727E+29    2.2526E+30    3.1700E+30    1.8901E+30    4.6786E+29    4.4555E+28    4.0651E+28    1.2876E+29    3.9873E+29    1.1292E+30    2.6063E+30    3.4308E+30    1.7379E+30    3.4799E+29    3.5379E+28    9.7362E+28    2.2942E+29    4.4457E+29    6.3796E+29    6.5484E+29    4.7793E+29    2.8843E+29
   -7.4934E+01   -3.7483E+01    1.9294E+02    1.3679E+07    6.9778E-01    3.3028E-01    6.7318E+28    2.3443E+29    7.8853E+29    2.2273E+30    3.1335E+30    1.8678E+30    4.6223E+29    4.4024E+28    4.0218E+28    1.2741E+29    3.9436E+29    1.1166E+30    2.5762E+30    3.3910E+30    1.7171E+30    3.4401E+29    3.5010E+28    9.6371E+28    2.2697E+29    4.3981E+29    6.3054E+29    6.4751E+29    4.7276E+29    2.8520E+29
   -7.2074E+01   -4.3075E+01    1.9359E+02    1.3551E+07    6.9597E-01    3.3009E-01    6.6762E+28    2.3254E+29    7.8227E+29    2.2084E+30    3.1038E+30    1.8503E+30    4.5785E+29    4.3598E+28    3.9876E+28    1.2637E+29    3.9123E+29    1.1073E+30    2.5542E+30    3.3601E+30    1.7014E+30    3.4072E+29    3.4718E+28    9.5620E+28    2.2531E+29    4.3617E+29    6.2520E+29    6.4139E+29    4.6806E+29    2.8282E+29
   -6.8852E+01   -4.8482E+01    1.9424E+02    1.3455E+07    6.9449E-01    3.2990E-01    6.5971E+28    2.2982E+29    7.7312E+29    2.1842E+30    3.0716E+30    1.8297E+30    4.5254E+29    4.3098E+28    3.9410E+28    1.2481E+29    3.8659E+29    1.0944E+30    2.5262E+30    3.3239E+30    1.6826E+30    3.3697E+29    3.4297E+28    9.4336E+28    2.2229E+29    4.3045E+29    6.1805E+29    6.3483E+29    4.6365E+29    2.7973E+29
   -6.5281E+01   -5.3668E+01    1.9489E+02    1.3389E+07    6.9331E-01    3.2969E-01    6.5380E+28    2.2766E+29    7.6577E+29    2.1625E+30    3.0381E+30    1.8098E+30    4.4747E+29    4.2593E+28    3.9030E+28    1.2367E+29    3.8281E+29    1.0837E+30    2.5001E+30    3.2881E+30    1.6639E+30    3.3324E+29    3.3980E+28    9.3546E+28    2.2025E+29    4.2669E+29    6.1173E+29    6.2812E+29    4.5857E+29    2.7679E+29
   -6.1377E+01   -5.8601E+01    1.9555E+02    1.3348E+07    6.9238E-01    3.2947E-01    6.4576E+28    2.2491E+29    7.5672E+29    2.1367E+30    3.0007E+30    1.7869E+30    4.4176E+29    4.2037E+28    3.8531E+28    1.2212E+29    3.7817E+29    1.0706E+30    2.4702E+30    3.2476E+30    1.6430E+30    3.2896E+29    3.3547E+28    9.2355E+28    2.1752E+29    4.2124E+29    6.0416E+29    6.2010E+29    4.5267E+29    2.7349E+29
   -5.7161E+01   -6.3247E+01    1.9622E+02    1.3326E+07    6.9165E-01    3.2925E-01    6.3744E+28    2.2217E+29    7.4720E+29    2.1107E+30    2.9649E+30    1.7645E+30    4.3601E+29    4.1500E+28    3.8025E+28    1.2050E+29    3.7336E+29    1.0569E+30    2.4399E+30    3.2087E+30    1.6224E+30    3.2483E+29    3.3089E+28    9.1056E+28    2.1451E+29    4.1520E+29    5.9648E+29    6.1296E+29    4.4761E+29    2.7004E+29
   -5.2660E+01   -6.7568E+01    1.9690E+02    1.3316E+07    6.9101E-01    3.2901E-01    6.3105E+28    2.1979E+29    7.3946E+29    2.0877E+30    2.9300E+30    1.7441E+30    4.3098E+29    4.1008E+28    3.7625E+28    1.1925E+29    3.6933E+29    1.0457E+30    2.4122E+30    3.1710E+30    1.6031E+30    3.2097E+29    3.2763E+28    9.0173E+28    2.1231E+29    4.1120E+29    5.8953E+29    6.0554E+29    4.4205E+29    2.6707E+29
   -4.7898E+01   -7.1535E+01    1.9760E+02    1.3303E+07    6.9032E-01    3.2877E-01    6.2271E+28    2.1700E+29    7.3023E+29    2.0618E+30    2.8931E+30    1.7214E+30    4.2526E+29    4.0446E+28    3.7109E+28    1.1766E+29    3.6455E+29    1.0326E+30    2.3822E+30    3.1311E+30    1.5825E+30    3.1665E+29    3.2310E+28    8.8939E+28    2.0944E+29    4.0581E+29    5.8193E+29    5.9781E+29    4.3648E+29    2.6361E+29
   -4.2910E+01   -7.5114E+01    1.9831E+02    1.3274E+07    6.8943E-01    3.2853E-01    6.1590E+28    2.1473E+29    7.2238E+29    2.0408E+30    2.8646E+30    1.7036E+30    4.2080E+29    4.0038E+28    3.6715E+28    1.1634E+29    3.6069E+29    1.0215E+30    2.3580E+30    3.0996E+30    1.5664E+30    3.1353E+29    3.1952E+28    8.7874E+28    2.0705E+29    4.0090E+29    5.7603E+29    5.9192E+29    4.3253E+29    2.6095E+29
   -3.7724E+01   -7.8283E+01    1.9903E+02    1.3229E+07    6.8841E-01    3.2829E-01    6.1119E+28    2.1300E+29    7.1669E+29    2.0233E+30    2.8380E+30    1.6885E+30    4.1706E+29    3.9668E+28    3.6401E+28    1.1544E+29    3.5769E+29    1.0130E+30    2.3372E+30    3.0720E+30    1.5523E+30    3.1058E+29    3.1696E+28    8.7264E+28    2.0548E+29    3.9794E+29    5.7079E+29    5.8660E+29    4.2820E+29    2.5867E+29
   -3.2378E+01   -8.1012E+01    1.9978E+02    1.3153E+07    6.8699E-01    3.2805E-01    6.0430E+28    2.1059E+29    7.0880E+29    2.0013E+30    2.8074E+30    1.6697E+30    4.1238E+29    3.9221E+28    3.5996E+28    1.1414E+29    3.5371E+29    1.0020E+30    2.3121E+30    3.0386E+30    1.5352E+30    3.0714E+29    3.1342E+28    8.6265E+28    2.0312E+29    3.9356E+29    5.6462E+29    5.8026E+29    4.2373E+29    2.5582E+29
   -2.6907E+01   -8.3287E+01    2.0056E+02    1.3038E+07    6.8515E-01    3.2781E-01    5.9781E+28    2.0844E+29    7.0116E+29    1.9809E+30    2.7803E+30    1.6530E+30    4.0829E+29    3.8846E+28    3.5638E+28    1.1292E+29    3.5011E+29    9.9134E+29    2.2888E+30    3.0085E+30    1.5201E+30    3.0418E+29    3.1014E+28    8.5293E+28    2.0097E+29    3.8906E+29    5.5913E+29    5.7472E+29    4.2004E+29    2.5324E+29
   -2.1345E+01   -8.5100E+01    2.0136E+02    1.2883E+07    6.8284E-01    3.2759E-01    5.9442E+28    2.0708E+29    6.9664E+29    1.9671E+30    2.7589E+30    1.6413E+30    4.0542E+29    3.8569E+28    3.5422E+28    1.1231E+29    3.4782E+29    9.8502E+29    2.2728E+30    2.9872E+30    1.5094E+30    3.0205E+29    3.0844E+28    8.4915E+28    1.9983E+29    3.8713E+29    5.5536E+29    5.7062E+29    4.1652E+29    2.5160E+29
   -1.5725E+01   -8.6454E+01    2.0219E+02    1.2686E+07    6.8003E-01    3.2736E-01    5.8920E+28    2.0528E+29    6.9064E+29    1.9503E+30    2.7357E+30    1.6274E+30    4.0203E+29    3.8232E+28    3.5121E+28    1.1138E+29    3.4493E+29    9.7663E+29    2.2539E+30    2.9621E+30    1.4970E+30    2.9954E+29    3.0576E+28    8.4199E+28    1.9824E+29    3.8399E+29    5.5110E+29    5.6606E+29    4.1321E+29    2.4943E+29
   -1.0073E+01   -8.7361E+01    2.0303E+02    1.2458E+07    6.7677E-01    3.2715E-01    5.8647E+28    2.0427E+29    6.8694E+29    1.9397E+30    2.7234E+30    1.6199E+30    4.0021E+29    3.8088E+28    3.5004E+28    1.1088E+29    3.4329E+29    9.7143E+29    2.2421E+30    2.9483E+30    1.4905E+30    2.9843E+29    3.0459E+28    8.3802E+28    1.9733E+29    3.8203E+29    5.4839E+29    5.6383E+29    4.1199E+29    2.4839E+29
   -4.4155E+00   -8.7837E+01    2.0390E+02    1.2200E+07    6.7306E-01    3.2693E-01    5.8139E+28    2.0247E+29    6.8091E+29    1.9235E+30    2.6981E+30    1.6056E+30    3.9677E+29    3.7763E+28    3.4716E+28    1.1000E+29    3.4052E+29    9.6346E+29    2.2234E+30    2.9225E+30    1.4775E+30    2.9598E+29    3.0218E+28    8.3156E+28    1.9586E+29    3.7920E+29    5.4439E+29    5.5916E+29    4.0796E+29    2.4645E+29
    1.2333E+00   -8.7899E+01    2.0478E+02    1.1925E+07    6.6912E-01    3.2671E-01    5.7824E+28    2.0134E+29    6.7696E+29    1.9131E+30    2.6844E+30    1.5971E+30    3.9467E+29    3.7525E+28    3.4527E+28    1.0942E+29    3.3877E+29    9.5826E+29    2.2123E+30    2.9079E+30    1.4703E+30    2.9442E+29    3.0051E+28    8.2742E+28    1.9491E+29    3.7743E+29    5.4220E+29    5.5709E+29    4.0614E+29    2.4509E+29
    6.8562E+00   -8.7562E+01    2.0567E+02    1.1638E+07    6.6498E-01    3.2649E-01    5.7491E+28    2.0016E+29    6.7337E+29    1.9015E+30    2.6671E+30    1.5870E+30    3.9215E+29    3.7327E+28    3.4396E+28    1.0897E+29    3.3745E+29    9.5362E+29    2.1982E+30    2.8896E+30    1.4610E+30    2.9297E+29    2.9915E+28    8.2353E+28    1.9430E+29    3.7640E+29    5.3914E+29    5.5351E+29    4.0400E+29    2.4386E+29
    1.2439E+01   -8.6840E+01    2.0657E+02    1.1345E+07    6.6058E-01    3.2627E-01    5.7129E+28    1.9886E+29    6.6874E+29    1.8898E+30    2.6508E+30    1.5768E+30    3.8958E+29    3.7078E+28    3.4186E+28    1.0830E+29    3.3526E+29    9.4799E+29    2.1856E+30    2.8738E+30    1.4529E+30    2.9123E+29    2.9736E+28    8.1874E+28    1.9307E+29    3.7452E+29    5.3696E+29    5.5117E+29    4.0183E+29    2.4256E+29
    1.7968E+01   -8.5743E+01    2.0748E+02    1.1050E+07    6.5604E-01    3.2604E-01    5.6894E+28    1.9807E+29    6.6519E+29    1.8756E+30    2.6338E+30    1.5674E+30    3.8737E+29    3.6862E+28    3.4071E+28    1.0798E+29    3.3408E+29    9.4081E+29    2.1696E+30    2.8546E+30    1.4450E+30    2.8994E+29    2.9646E+28    8.1742E+28    1.9294E+29    3.7165E+29    5.3268E+29    5.4822E+29    3.9983E+29    2.4145E+29
    2.3425E+01   -8.4282E+01    2.0840E+02    1.0757E+07    6.5146E-01    3.2581E-01    5.6438E+28    1.9628E+29    6.5898E+29    1.8625E+30    2.6159E+30    1.5561E+30    3.8438E+29    3.6584E+28    3.3828E+28    1.0707E+29    3.3095E+29    9.3438E+29    2.1548E+30    2.8348E+30    1.4348E+30    2.8837E+29    2.9430E+28    8.1009E+28    1.9089E+29    3.6959E+29    5.3021E+29    5.4497E+29    3.9777E+29    2.4012E+29
    2.8792E+01   -8.2462E+01    2.0932E+02    1.0470E+07    6.4684E-01    3.2556E-01    5.6210E+28    1.9528E+29    6.5498E+29    1.8512E+30    2.6010E+30    1.5485E+30    3.8232E+29    3.6417E+28    3.3735E+28    1.0670E+29    3.2931E+29    9.2889E+29    2.1420E+30    2.8190E+30    1.4274E+30    2.8736E+29    2.9348E+28    8.0767E+28    1.9003E+29    3.6750E+29    5.2740E+29    5.4233E+29    3.9605E+29    2.3968E+29
    3.4046E+01   -8.0288E+01    2.1027E+02    1.0182E+07    6.4207E-01    3.2531E-01    5.5534E+28    1.9304E+29    6.4825E+29    1.8314E+30    2.5707E+30    1.5303E+30    3.7792E+29    3.6012E+28    3.3317E+28    1.0545E+29    3.2581E+29    9.1908E+29    2.1181E+30    2.7867E+30    1.4110E+30    2.8410E+29    2.8988E+28    7.9850E+28    1.8826E+29    3.6442E+29    5.2204E+29    5.3668E+29    3.9128E+29    2.3671E+29
    3.9168E+01   -7.7775E+01    2.1122E+02    9.9042E+06    6.3738E-01    3.2505E-01    5.5238E+28    1.9186E+29    6.4341E+29    1.8182E+30    2.5532E+30    1.5200E+30    3.7523E+29    3.5757E+28    3.3180E+28    1.0491E+29    3.2358E+29    9.1270E+29    2.1028E+30    2.7671E+30    1.4014E+30    2.8263E+29    2.8875E+28    7.9465E+28    1.8695E+29    3.6198E+29    5.1860E+29    5.3313E+29    3.8933E+29    2.3558E+29
    4.8929E+01   -7.1788E+01    2.1313E+02    9.3844E+06    6.2863E-01    3.2449E-01    5.3796E+28    1.8666E+29    6.2521E+29    1.7649E+30    2.4768E+30    1.4738E+30    3.6353E+29    3.4633E+28    3.2327E+28    1.0220E+29    3.1489E+29    8.8597E+29    2.0401E+30    2.6845E+30    1.3590E+30    2.7428E+29    2.8142E+28    7.7494E+28    1.8226E+29    3.5174E+29    5.0353E+29    5.1795E+29    3.7806E+29    2.2913E+29
    5.7894E+01   -6.4620E+01    2.1504E+02    8.9173E+06    6.2130E-01    3.2391E-01    5.2906E+28    1.8341E+29    6.1482E+29    1.7356E+30    2.4349E+30    1.4482E+30    3.5697E+29    3.4009E+28    3.1852E+28    1.0055E+29    3.0987E+29    8.7175E+29    2.0066E+30    2.6400E+30    1.3361E+30    2.6989E+29    2.7713E+28    7.6186E+28    1.7943E+29    3.4679E+29    4.9630E+29    5.1041E+29    3.7246E+29    2.2585E+29
    6.5886E+01   -5.6373E+01    2.1695E+02    8.4891E+06    6.1469E-01    3.2331E-01    5.2126E+28    1.8081E+29    6.0569E+29    1.7078E+30    2.3940E+30    1.4239E+30    3.5094E+29    3.3423E+28    3.1373E+28    9.9178E+28    3.0554E+29    8.5811E+29    1.9728E+30    2.5958E+30    1.3133E+30    2.6568E+29    2.7308E+28    7.5242E+28    1.7732E+29    3.4195E+29    4.8862E+29    5.0262E+29    3.6656E+29    2.2230E+29
    7.2729E+01   -4.7163E+01    2.1889E+02    8.0756E+06    6.0837E-01    3.2267E-01    5.1349E+28    1.7800E+29    5.9512E+29    1.6775E+30    2.3508E+30    1.3979E+30    3.4444E+29    3.2804E+28    3.0946E+28    9.7821E+28    3.0059E+29    8.4329E+29    1.9377E+30    2.5496E+30    1.2897E+30    2.6097E+29    2.6946E+28    7.4289E+28    1.7466E+29    3.3661E+29    4.8070E+29    4.9436E+29    3.6041E+29    2.1868E+29
    7.8260E+01   -3.7136E+01    2.2085E+02    7.6628E+06    6.0212E-01    3.2201E-01    5.0631E+28    1.7537E+29    5.8642E+29    1.6521E+30    2.3148E+30    1.3762E+30    3.3896E+29    3.2287E+28    3.0559E+28    9.6485E+28    2.9657E+29    8.3097E+29    1.9082E+30    2.5113E+30    1.2702E+30    2.5707E+29    2.6602E+28    7.3278E+28    1.7263E+29    3.3232E+29    4.7425E+29    4.8779E+29    3.5548E+29    2.1567E+29
    8.2346E+01   -2.6476E+01    2.2287E+02    7.2336E+06    5.9559E-01    3.2131E-01    4.9901E+28    1.7284E+29    5.7665E+29    1.6235E+30    2.2742E+30    1.3519E+30    3.3296E+29    3.1692E+28    3.0139E+28    9.5215E+28    2.9220E+29    8.1681E+29    1.8744E+30    2.4671E+30    1.2478E+30    2.5290E+29    2.6251E+28    7.2455E+28    1.7056E+29    3.2736E+29    4.6676E+29    4.8050E+29    3.4986E+29    2.1223E+29
    8.4921E+01   -1.5378E+01    2.2492E+02    6.7991E+06    5.8884E-01    3.2057E-01    4.9305E+28    1.7050E+29    5.6808E+29    1.5991E+30    2.2399E+30    1.3313E+30    3.2774E+29    3.1211E+28    2.9841E+28    9.4185E+28    2.8826E+29    8.0527E+29    1.8466E+30    2.4303E+30    1.2292E+30    2.4943E+29    2.5992E+28    7.1716E+28    1.6834E+29    3.2344E+29    4.6087E+29    4.7378E+29    3.4505E+29    2.0953E+29
    8.5969E+01   -4.0392E+00    2.2701E+02    6.3730E+06    5.8188E-01    3.1979E-01    4.8658E+28    1.6808E+29    5.5953E+29    1.5734E+30    2.2031E+30    1.3089E+30    3.2211E+29    3.0670E+28    2.9489E+28    9.2961E+28    2.8432E+29    7.9289E+29    1.8165E+30    2.3904E+30    1.2086E+30    2.4532E+29    2.5705E+28    7.0878E+28    1.6649E+29    3.1944E+29    4.5450E+29    4.6702E+29    3.3975E+29    2.0632E+29
    8.5515E+01    7.3631E+00    2.2914E+02    5.9816E+06    5.7473E-01    3.1898E-01    4.8007E+28    1.6561E+29    5.5025E+29    1.5458E+30    2.1636E+30    1.2852E+30    3.1618E+29    3.0103E+28    2.9130E+28    9.1766E+28    2.7998E+29    7.7928E+29    1.7841E+30    2.3479E+30    1.1870E+30    2.4104E+29    2.5413E+28    7.0107E+28    1.6442E+29    3.1469E+29    4.4735E+29    4.5973E+29    3.3421E+29    2.0299E+29
    8.3622E+01    1.8674E+01    2.3128E+02    5.6587E+06    5.6567E-01    3.1816E-01    4.7245E+28    1.6291E+29    5.4085E+29    1.5182E+30    2.1245E+30    1.2612E+30    3.1016E+29    2.9524E+28    2.8709E+28    9.0382E+28    2.7542E+29    7.6600E+29    1.7520E+30    2.3051E+30    1.1651E+30    2.3685E+29    2.5044E+28    6.9079E+28    1.6193E+29    3.1007E+29    4.4024E+29    4.5204E+29    3.2866E+29    1.9968E+29
    8.0365E+01    2.9730E+01    2.3342E+02    5.4075E+06    5.5842E-01    3.1737E-01    4.6542E+28    1.6022E+29    5.3108E+29    1.4888E+30    2.0817E+30    1.2353E+30    3.0362E+29    2.8895E+28    2.8284E+28    8.8950E+28    2.7060E+29    7.5147E+29    1.7175E+30    2.2591E+30    1.1412E+30    2.3192E+29    2.4708E+28    6.8129E+28    1.5948E+29    3.0488E+29    4.3218E+29    4.4364E+29    3.2234E+29    1.9579E+29
    7.5821E+01    4.0368E+01    2.3555E+02    5.2194E+06    5.5289E-01    3.1661E-01    4.5722E+28    1.5724E+29    5.2057E+29    1.4580E+30    2.0373E+30    1.2081E+30    2.9681E+29    2.8240E+28    2.7771E+28    8.7321E+28    2.6540E+29    7.3619E+29    1.6809E+30    2.2109E+30    1.1164E+30    2.2686E+29    2.4285E+28    6.6971E+28    1.5670E+29    2.9899E+29    4.2335E+29    4.3461E+29    3.1582E+29    1.9182E+29
    7.0076E+01    5.0421E+01    2.3765E+02    5.0831E+06    5.4882E-01    3.1589E-01    4.4798E+28    1.5414E+29    5.0994E+29    1.4273E+30    1.9940E+30    1.1812E+30    2.9006E+29    2.7588E+28    2.7188E+28    8.5580E+28    2.6004E+29    7.2085E+29    1.6460E+30    2.1635E+30    1.0918E+30    2.2195E+29    2.3771E+28    6.5642E+28    1.5358E+29    2.9289E+29    4.1477E+29    4.2572E+29    3.0944E+29    1.8773E+29
    6.3225E+01    5.9718E+01    2.3975E+02    4.9872E+06    5.4570E-01    3.1521E-01    4.3812E+28    1.5066E+29    4.9817E+29    1.3932E+30    1.9443E+30    1.1516E+30    2.8267E+29    2.6872E+28    2.6556E+28    8.3646E+28    2.5403E+29    7.0355E+29    1.6056E+30    2.1102E+30    1.0645E+30    2.1633E+29    2.3241E+28    6.4249E+28    1.5022E+29    2.8599E+29    4.0460E+29    4.1528E+29    3.0172E+29    1.8329E+29
    5.5371E+01    6.8088E+01    2.4183E+02    4.9219E+06    5.4335E-01    3.1456E-01    4.2869E+28    1.4744E+29    4.8752E+29    1.3634E+30    1.9015E+30    1.1255E+30    2.7612E+29    2.6242E+28    2.5978E+28    8.1837E+28    2.4862E+29    6.8846E+29    1.5708E+30    2.0637E+30    1.0404E+30    2.1142E+29    2.2736E+28    6.2853E+28    1.4703E+29    2.7987E+29    3.9590E+29    4.0635E+29    2.9534E+29    1.7930E+29
    4.6649E+01    7.5342E+01    2.4393E+02    4.8645E+06    5.4120E-01    3.1392E-01    4.1866E+28    1.4399E+29    4.7587E+29    1.3309E+30    1.8559E+30    1.0978E+30    2.6922E+29    2.5586E+28    2.5360E+28    7.9898E+28    2.4263E+29    6.7199E+29    1.5332E+30    2.0138E+30    1.0149E+30    2.0625E+29    2.2194E+28    6.1357E+28    1.4341E+29    2.7308E+29    3.8638E+29    3.9657E+29    2.8847E+29    1.7499E+29
    3.7231E+01    8.1302E+01    2.4606E+02    4.7949E+06    5.3881E-01    3.1325E-01    4.0960E+28    1.4098E+29    4.6573E+29    1.3016E+30    1.8141E+30    1.0732E+30    2.6320E+29    2.4996E+28    2.4797E+28    7.8173E+28    2.3744E+29    6.5712E+29    1.4992E+30    1.9693E+30    9.9232E+29    2.0159E+29    2.1709E+28    6.0072E+28    1.4049E+29    2.6710E+29    3.7778E+29    3.8802E+29    2.8196E+29    1.7111E+29
    2.7320E+01    8.5842E+01    2.4823E+02    4.6975E+06    5.3587E-01    3.1255E-01    4.0116E+28    1.3809E+29    4.5622E+29    1.2753E+30    1.7772E+30    1.0508E+30    2.5757E+29    2.4477E+28    2.4300E+28    7.6598E+28    2.3267E+29    6.4409E+29    1.4690E+30    1.9291E+30    9.7169E+29    1.9741E+29    2.1264E+28    5.8841E+28    1.3765E+29    2.6201E+29    3.7042E+29    3.8016E+29    2.7649E+29    1.6778E+29
    1.7107E+01    8.8927E+01    2.5044E+02    4.5652E+06    5.3222E-01    3.1181E-01    3.9398E+28    1.3580E+29    4.4858E+29    1.2525E+30    1.7453E+30    1.0317E+30    2.5295E+29    2.4029E+28    2.3851E+28    7.5266E+28    2.2875E+29    6.3277E+29    1.4426E+30    1.8942E+30    9.5419E+29    1.9390E+29    2.0883E+28    5.7878E+28    1.3559E+29    2.5774E+29    3.6404E+29    3.7343E+29    2.7147E+29    1.6465E+29
    6.7703E+00    9.0604E+01    2.5268E+02    4.4062E+06    5.2804E-01    3.1103E-01    3.8746E+28    1.3358E+29    4.4145E+29    1.2322E+30    1.7165E+30    1.0145E+30    2.4867E+29    2.3637E+28    2.3469E+28    7.4012E+28    2.2516E+29    6.2271E+29    1.4190E+30    1.8631E+30    9.3865E+29    1.9069E+29    2.0547E+28    5.6906E+28    1.3359E+29    2.5405E+29    3.5848E+29    3.6760E+29    2.6733E+29    1.6211E+29
   -3.5668E+00    9.0966E+01    2.5496E+02    4.2348E+06    5.2308E-01    3.1022E-01    3.8005E+28    1.3111E+29    4.3379E+29    1.2098E+30    1.6854E+30    9.9582E+29    2.4409E+29    2.3199E+28    2.3012E+28    7.2604E+28    2.2121E+29    6.1141E+29    1.3931E+30    1.8289E+30    9.2130E+29    1.8717E+29    2.0149E+28    5.5835E+28    1.3143E+29    2.4975E+29    3.5204E+29    3.6100E+29    2.6261E+29    1.5909E+29
   -1.3814E+01    9.0103E+01    2.5726E+02    4.0686E+06    5.1632E-01    3.0940E-01    3.7350E+28    1.2880E+29    4.2669E+29    1.1894E+30    1.6567E+30    9.7857E+29    2.3988E+29    2.2806E+28    2.2615E+28    7.1330E+28    2.1753E+29    6.0128E+29    1.3697E+30    1.7977E+30    9.0560E+29    1.8396E+29    1.9802E+28    5.4846E+28    1.2933E+29    2.4585E+29    3.4641E+29    3.5497E+29    2.5823E+29    1.5651E+29
   -2.3883E+01    8.8088E+01    2.5958E+02    3.9143E+06    5.1019E-01    3.0857E-01    3.6643E+28    1.2640E+29    4.1896E+29    1.1679E+30    1.6266E+30    9.6054E+29    2.3539E+29    2.2379E+28    2.2182E+28    6.9982E+28    2.1348E+29    5.9041E+29    1.3448E+30    1.7650E+30    8.8887E+29    1.8056E+29    1.9421E+28    5.3801E+28    1.2690E+29    2.4159E+29    3.4024E+29    3.4857E+29    2.5368E+29    1.5374E+29
   -3.3672E+01    8.4983E+01    2.6191E+02    3.7747E+06    5.0466E-01    3.0775E-01    3.5971E+28    1.2410E+29    4.1128E+29    1.1467E+30    1.5966E+30    9.4259E+29    2.3098E+29    2.1960E+28    2.1769E+28    6.8692E+28    2.0949E+29    5.7971E+29    1.3204E+30    1.7324E+30    8.7238E+29    1.7719E+29    1.9063E+28    5.2819E+28    1.2452E+29    2.3732E+29    3.3411E+29    3.4227E+29    2.4909E+29    1.5086E+29
   -4.3092E+01    8.0833E+01    2.6426E+02    3.6459E+06    4.9957E-01    3.0692E-01    3.5243E+28    1.2157E+29    4.0304E+29    1.1241E+30    1.5649E+30    9.2348E+29    2.2624E+29    2.1508E+28    2.1328E+28    6.7280E+28    2.0526E+29    5.6830E+29    1.2944E+30    1.6979E+30    8.5495E+29    1.7355E+29    1.8672E+28    5.1706E+28    1.2194E+29    2.3268E+29    3.2761E+29    3.3543E+29    2.4424E+29    1.4793E+29
   -5.2017E+01    7.5695E+01    2.6661E+02    3.5267E+06    4.9494E-01    3.0611E-01    3.4592E+28    1.1939E+29    3.9575E+29    1.1037E+30    1.5363E+30    9.0629E+29    2.2197E+29    2.1086E+28    2.0921E+28    6.6035E+28    2.0151E+29    5.5793E+29    1.2709E+30    1.6670E+30    8.3884E+29    1.7030E+29    1.8320E+28    5.0762E+28    1.1973E+29    2.2849E+29    3.2155E+29    3.2939E+29    2.3987E+29    1.4519E+29
   -6.0338E+01    6.9614E+01    2.6899E+02    3.4120E+06    4.9046E-01    3.0529E-01    3.3854E+28    1.1683E+29    3.8733E+29    1.0808E+30    1.5038E+30    8.8688E+29    2.1714E+29    2.0630E+28    2.0476E+28    6.4625E+28    1.9720E+29    5.4642E+29    1.2447E+30    1.6316E+30    8.2108E+29    1.6661E+29    1.7922E+28    4.9647E+28    1.1707E+29    2.2375E+29    3.1497E+29    3.2242E+29    2.3488E+29    1.4220E+29
   -6.7922E+01    6.2663E+01    2.7140E+02    3.2987E+06    4.8613E-01    3.0446E-01    3.3151E+28    1.1446E+29    3.7950E+29    1.0586E+30    1.4727E+30    8.6831E+29    2.1253E+29    2.0169E+28    2.0037E+28    6.3267E+28    1.9318E+29    5.3510E+29    1.2190E+30    1.5985E+30    8.0389E+29    1.6307E+29    1.7543E+28    4.8619E+28    1.1475E+29    2.1913E+29    3.0836E+29    3.1581E+29    2.3005E+29    1.3928E+29
   -7.4653E+01    5.4912E+01    2.7385E+02    3.1838E+06    4.8184E-01    3.0361E-01    3.2466E+28    1.1205E+29    3.7155E+29    1.0371E+30    1.4423E+30    8.4991E+29    2.0798E+29    1.9743E+28    1.9631E+28    6.1952E+28    1.8913E+29    5.2427E+29    1.1944E+30    1.5650E+30    7.8714E+29    1.5970E+29    1.7182E+28    4.7578E+28    1.1224E+29    2.1471E+29    3.0217E+29    3.0935E+29    2.2541E+29    1.3643E+29
   -8.0416E+01    4.6465E+01    2.7634E+02    3.0660E+06    4.7698E-01    3.0274E-01    3.1812E+28    1.0986E+29    3.6434E+29    1.0167E+30    1.4137E+30    8.3303E+29    2.0375E+29    1.9319E+28    1.9221E+28    6.0702E+28    1.8541E+29    5.1389E+29    1.1708E+30    1.5347E+30    7.7154E+29    1.5639E+29    1.6828E+28    4.6634E+28    1.1009E+29    2.1045E+29    2.9614E+29    3.0317E+29    2.2087E+29    1.3370E+29
   -8.5126E+01    3.7435E+01    2.7888E+02    2.9452E+06    4.7083E-01    3.0183E-01    3.1176E+28    1.0761E+29    3.5683E+29    9.9643E+29    1.3852E+30    8.1573E+29    1.9948E+29    1.8924E+28    1.8845E+28    5.9480E+28    1.8160E+29    5.0370E+29    1.1477E+30    1.5033E+30    7.5570E+29    1.5322E+29    1.6494E+28    4.5671E+28    1.0774E+29    2.0627E+29    2.9031E+29    2.9718E+29    2.1663E+29    1.3102E+29
   -8.8725E+01    2.7960E+01    2.8148E+02    2.8212E+06    4.6463E-01    3.0088E-01    3.0498E+28    1.0533E+29    3.4932E+29    9.7519E+29    1.3550E+30    7.9815E+29    1.9511E+29    1.8486E+28    1.8422E+28    5.8184E+28    1.7774E+29    4.9289E+29    1.1233E+30    1.4716E+30    7.3947E+29    1.4982E+29    1.6128E+28    4.4692E+28    1.0550E+29    2.0181E+29    2.8409E+29    2.9069E+29    2.1170E+29    1.2823E+29
   -9.1196E+01    1.8158E+01    2.8413E+02    2.6965E+06    4.5867E-01    2.9989E-01    2.9876E+28    1.0314E+29    3.4198E+29    9.5543E+29    1.3273E+30    7.8162E+29    1.9097E+29    1.8109E+28    1.8051E+28    5.6992E+28    1.7401E+29    4.8289E+29    1.1007E+30    1.4413E+30    7.2418E+29    1.4674E+29    1.5798E+28    4.3754E+28    1.0319E+29    1.9763E+29    2.7841E+29    2.8477E+29    2.0754E+29    1.2564E+29
   -9.2547E+01    8.1615E+00    2.8683E+02    2.5716E+06    4.5280E-01    2.9888E-01    2.9222E+28    1.0092E+29    3.3468E+29    9.3492E+29    1.2982E+30    7.6433E+29    1.8675E+29    1.7689E+28    1.7645E+28    5.5735E+28    1.7025E+29    4.7231E+29    1.0771E+30    1.4103E+30    7.0834E+29    1.4347E+29    1.5448E+28    4.2804E+28    1.0100E+29    1.9324E+29    2.7227E+29    2.7854E+29    2.0280E+29    1.2288E+29
   -9.2804E+01   -1.9346E+00    2.8958E+02    2.4480E+06    4.4715E-01    2.9784E-01    2.8571E+28    9.8630E+28    3.2702E+29    9.1411E+29    1.2689E+30    7.4693E+29    1.8238E+29    1.7287E+28    1.7254E+28    5.4485E+28    1.6635E+29    4.6172E+29    1.0533E+30    1.3785E+30    6.9230E+29    1.4020E+29    1.5102E+28    4.1826E+28    9.8612E+28    1.8886E+29    2.6630E+29    2.7229E+29    1.9835E+29    1.2026E+29
   -9.1998E+01   -1.2029E+01    2.9237E+02    2.3308E+06    4.4181E-01    2.9679E-01    2.7916E+28    9.6406E+28    3.1968E+29    8.9361E+29    1.2399E+30    7.2956E+29    1.7810E+29    1.6866E+28    1.6849E+28    5.3221E+28    1.6256E+29    4.5108E+29    1.0296E+30    1.3473E+30    6.7617E+29    1.3692E+29    1.4751E+28    4.0863E+28    9.6380E+28    1.8444E+29    2.6018E+29    2.6611E+29    1.9376E+29    1.1744E+29
   -9.0158E+01   -2.2030E+01    2.9521E+02    2.2237E+06    4.3685E-01    2.9573E-01    2.7233E+28    9.4009E+28    3.1170E+29    8.7168E+29    1.2088E+30    7.1115E+29    1.7353E+29    1.6439E+28    1.6438E+28    5.1906E+28    1.5850E+29    4.3990E+29    1.0045E+30    1.3137E+30    6.5922E+29    1.3346E+29    1.4390E+28    3.9842E+28    9.3914E+28    1.7982E+29    2.5380E+29    2.5947E+29    1.8894E+29    1.1463E+29
   -8.7317E+01   -3.1835E+01    2.9810E+02    2.1284E+06    4.3083E-01    2.9468E-01    2.6500E+28    9.1548E+28    3.0356E+29    8.4892E+29    1.1767E+30    6.9206E+29    1.6878E+29    1.5977E+28    1.5984E+28    5.0512E+28    1.5431E+29    4.2823E+29    9.7836E+29    1.2793E+30    6.4141E+29    1.2986E+29    1.3993E+28    3.8771E+28    9.1418E+28    1.7498E+29    2.4709E+29    2.5261E+29    1.8390E+29    1.1156E+29
   -8.3535E+01   -4.1358E+01    3.0103E+02    2.0466E+06    4.2539E-01    2.9365E-01    2.5799E+28    8.9069E+28    2.9537E+29    8.2625E+29    1.1446E+30    6.7288E+29    1.6405E+29    1.5530E+28    1.5559E+28    4.9146E+28    1.5012E+29    4.1665E+29    9.5218E+29    1.2445E+30    6.2379E+29    1.2624E+29    1.3622E+28    3.7714E+28    8.8900E+28    1.7020E+29    2.4044E+29    2.4580E+29    1.7892E+29    1.0862E+29
   -7.8865E+01   -5.0498E+01    3.0399E+02    1.9787E+06    4.2080E-01    2.9266E-01    2.5077E+28    8.6631E+28    2.8729E+29    8.0368E+29    1.1128E+30    6.5396E+29    1.5936E+29    1.5078E+28    1.5113E+28    4.7768E+28    1.4597E+29    4.0513E+29    9.2618E+29    1.2102E+30    6.0621E+29    1.2270E+29    1.3231E+28    3.6650E+28    8.6411E+28    1.6540E+29    2.3378E+29    2.3897E+29    1.7397E+29    1.0567E+29
   -7.3352E+01   -5.9152E+01    3.0698E+02    1.9228E+06    4.1690E-01    2.9169E-01    2.4387E+28    8.4229E+28    2.7929E+29    7.8139E+29    1.0815E+30    6.3521E+29    1.5473E+29    1.4640E+28    1.4693E+28    4.6438E+28    1.4188E+29    3.9381E+29    9.0048E+29    1.1763E+30    5.8886E+29    1.1920E+29    1.2864E+28    3.5630E+28    8.3968E+28    1.6074E+29    2.2724E+29    2.3232E+29    1.6915E+29    1.0269E+29
   -6.7052E+01   -6.7217E+01    3.1002E+02    1.8748E+06    4.1355E-01    2.9074E-01    2.3636E+28    8.1664E+28    2.7083E+29    7.5773E+29    1.0481E+30    6.1542E+29    1.4984E+29    1.4171E+28    1.4236E+28    4.5001E+28    1.3755E+29    3.8178E+29    8.7319E+29    1.1402E+30    5.7057E+29    1.1544E+29    1.2462E+28    3.4517E+28    8.1381E+28    1.5578E+29    2.2030E+29    2.2520E+29    1.6392E+29    9.9593E+28
   -6.0038E+01   -7.4584E+01    3.1312E+02    1.8306E+06    4.1047E-01    2.8979E-01    2.2887E+28    7.9090E+28    2.6223E+29    7.3364E+29    1.0143E+30    5.9538E+29    1.4492E+29    1.3702E+28    1.3779E+28    4.3571E+28    1.3316E+29    3.6957E+29    8.4539E+29    1.1036E+30    5.5196E+29    1.1170E+29    1.2064E+28    3.3423E+28    7.8776E+28    1.5075E+29    2.1325E+29    2.1801E+29    1.5870E+29    9.6396E+28
   -5.2399E+01   -8.1148E+01    3.1626E+02    1.7882E+06    4.0747E-01    2.8882E-01    2.2207E+28    7.6732E+28    2.5446E+29    7.1196E+29    9.8386E+29    5.7729E+29    1.4046E+29    1.3278E+28    1.3368E+28    4.2265E+28    1.2919E+29    3.5859E+29    8.2038E+29    1.0707E+30    5.3526E+29    1.0830E+29    1.1703E+28    3.2414E+28    7.6401E+28    1.4624E+29    2.0691E+29    2.1158E+29    1.5397E+29    9.3564E+28
   -4.4239E+01   -8.6814E+01    3.1946E+02    1.7443E+06    4.0446E-01    2.8784E-01    2.1507E+28    7.4325E+28    2.4645E+29    6.8954E+29    9.5257E+29    5.5879E+29    1.3592E+29    1.2845E+28    1.2943E+28    4.0930E+28    1.2512E+29    3.4722E+29    7.9457E+29    1.0367E+30    5.1809E+29    1.0482E+29    1.1332E+28    3.1391E+28    7.3992E+28    1.4158E+29    2.0036E+29    2.0485E+29    1.4911E+29    9.0598E+28
   -3.5673E+01   -9.1510E+01    3.2272E+02    1.6966E+06    4.0138E-01    2.8681E-01    2.0818E+28    7.1970E+28    2.3870E+29    6.6798E+29    9.2252E+29    5.4101E+29    1.3157E+29    1.2432E+28    1.2523E+28    3.9616E+28    1.2116E+29    3.3629E+29    7.6978E+29    1.0042E+30    5.0168E+29    1.0148E+29    1.0963E+28    3.0372E+28    7.1614E+28    1.3706E+29    1.9405E+29    1.9841E+29    1.4440E+29    8.7777E+28
   -2.6834E+01   -9.5192E+01    3.2605E+02    1.6436E+06    3.9795E-01    2.8573E-01    2.0166E+28    6.9671E+28    2.3098E+29    6.4648E+29    8.9260E+29    5.2327E+29    1.2723E+29    1.2025E+28    1.2132E+28    3.8361E+28    1.1724E+29    3.2540E+29    7.4498E+29    9.7168E+29    4.8528E+29    9.8191E+28    1.0623E+28    2.9418E+28    6.9304E+28    1.3262E+29    1.8781E+29    1.9201E+29    1.3979E+29    8.4975E+28
   -1.7840E+01   -9.7859E+01    3.2944E+02    1.5860E+06    3.9309E-01    2.8461E-01    1.9508E+28    6.7457E+28    2.2377E+29    6.2633E+29    8.6458E+29    5.0673E+29    1.2319E+29    1.1634E+28    1.1731E+28    3.7115E+28    1.1356E+29    3.1518E+29    7.2193E+29    9.4143E+29    4.6999E+29    9.5056E+28    1.0269E+28    2.8449E+28    6.7114E+28    1.2842E+29    1.8195E+29    1.8599E+29    1.3537E+29    8.2277E+28
   -8.7883E+00   -9.9545E+01    3.3288E+02    1.5247E+06    3.8811E-01    2.8344E-01    1.8962E+28    6.5508E+28    2.1720E+29    6.0816E+29    8.3925E+29    4.9174E+29    1.1954E+29    1.1297E+28    1.1406E+28    3.6063E+28    1.1025E+29    3.0597E+29    7.0090E+29    9.1382E+29    4.5617E+29    9.2275E+28    9.9868E+27    2.7648E+28    6.5149E+28    1.2466E+29    1.7670E+29    1.8060E+29    1.3148E+29    7.9901E+28
    2.4904E-01   -1.0030E+02    3.3638E+02    1.4610E+06    3.8301E-01    2.8223E-01    1.8342E+28    6.3445E+28    2.1053E+29    5.8957E+29    8.1355E+29    4.7653E+29    1.1581E+29    1.0932E+28    1.1025E+28    3.4890E+28    1.0681E+29    2.9652E+29    6.7975E+29    8.8625E+29    4.4208E+29    8.9425E+28    9.6498E+27    2.6732E+28    6.3087E+28    1.2075E+29    1.7123E+29    1.7505E+29    1.2739E+29    7.7391E+28
    9.2071E+00   -1.0018E+02    3.3993E+02    1.3974E+06    3.7819E-01    2.8098E-01    1.7843E+28    6.1653E+28    2.0444E+29    5.7286E+29    7.9007E+29    4.6269E+29    1.1245E+29    1.0626E+28    1.0730E+28    3.3927E+28    1.0375E+29    2.8800E+29    6.6035E+29    8.6064E+29    4.2937E+29    8.6844E+28    9.3937E+27    2.6000E+28    6.1271E+28    1.1728E+29    1.6641E+29    1.7011E+29    1.2379E+29    7.5209E+28
    1.8042E+01   -9.9229E+01    3.4353E+02    1.3340E+06    3.7345E-01    2.7971E-01    1.7319E+28    5.9897E+28    1.9869E+29    5.5667E+29    7.6776E+29    4.4945E+29    1.0921E+29    1.0309E+28    1.0408E+28    3.2938E+28    1.0080E+29    2.7978E+29    6.4185E+29    8.3657E+29    4.1705E+29    8.4363E+28    9.1111E+27    2.5240E+28    5.9538E+28    1.1391E+29    1.6170E+29    1.6526E+29    1.2029E+29    7.3016E+28
    2.6702E+01   -9.7480E+01    3.4718E+02    1.2705E+06    3.6892E-01    2.7840E-01    1.6847E+28    5.8247E+28    1.9317E+29    5.4148E+29    7.4645E+29    4.3687E+29    1.0614E+29    1.0023E+28    1.0125E+28    3.2036E+28    9.7996E+28    2.7205E+29    6.2435E+29    8.1353E+29    4.0550E+29    8.2011E+28    8.8639E+27    2.4548E+28    5.7857E+28    1.1075E+29    1.5728E+29    1.6078E+29    1.1698E+29    7.1031E+28
    3.5142E+01   -9.4973E+01    3.5088E+02    1.2077E+06    3.6444E-01    2.7707E-01    1.6393E+28    5.6666E+28    1.8787E+29    5.2671E+29    7.2595E+29    4.2472E+29    1.0319E+29    9.7441E+27    9.8501E+27    3.1167E+28    9.5300E+28    2.6454E+29    6.0730E+29    7.9132E+29    3.9428E+29    7.9765E+28    8.6244E+27    2.3887E+28    5.6266E+28    1.0769E+29    1.5300E+29    1.5639E+29    1.1381E+29    6.9050E+28
    4.3313E+01   -9.1735E+01    3.5463E+02    1.1473E+06    3.5893E-01    2.7571E-01    1.5923E+28    5.5082E+28    1.8274E+29    5.1248E+29    7.0606E+29    4.1303E+29    1.0031E+29    9.4644E+27    9.5637E+27    3.0274E+28    9.2679E+28    2.5730E+29    5.9093E+29    7.6994E+29    3.8344E+29    7.7526E+28    8.3713E+27    2.3190E+28    5.4701E+28    1.0470E+29    1.4882E+29    1.5216E+29    1.1066E+29    6.7176E+28
    5.1156E+01   -8.7797E+01    3.5844E+02    1.0894E+06    3.5311E-01    2.7433E-01    1.5501E+28    5.3565E+28    1.7758E+29    4.9816E+29    6.8614E+29    4.0113E+29    9.7432E+28    9.1996E+27    9.3121E+27    2.9457E+28    9.0083E+28    2.5005E+29    5.7433E+29    7.4819E+29    3.7250E+29    7.5321E+28    8.1533E+27    2.2571E+28    5.3173E+28    1.0176E+29    1.4469E+29    1.4793E+29    1.0763E+29    6.5253E+28
    5.8616E+01   -8.3178E+01    3.6230E+02    1.0341E+06    3.4775E-01    2.7293E-01    1.5059E+28    5.2097E+28    1.7287E+29    4.8501E+29    6.6788E+29    3.9045E+29    9.4791E+28    8.9404E+27    9.0419E+27    2.8622E+28    8.7649E+28    2.4335E+29    5.5921E+29    7.2870E+29    3.6258E+29    7.3268E+28    7.9145E+27    2.1920E+28    5.1715E+28    9.8991E+28    1.4078E+29    1.4401E+29    1.0470E+29    6.3544E+28
    6.5643E+01   -7.7918E+01    3.6623E+02    9.8054E+05    3.4271E-01    2.7149E-01    1.4646E+28    5.0635E+28    1.6790E+29    4.7124E+29    6.4869E+29    3.7909E+29    9.2048E+28    8.6871E+27    8.7955E+27    2.7833E+28    8.5146E+28    2.3637E+29    5.4317E+29    7.0776E+29    3.5211E+29    7.1173E+28    7.7003E+27    2.1322E+28    5.0238E+28    9.6154E+28    1.3674E+29    1.3998E+29    1.0179E+29    6.1695E+28
    7.2194E+01   -7.2064E+01    3.7020E+02    9.2865E+05    3.3793E-01    2.7004E-01    1.4266E+28    4.9340E+28    1.6363E+29    4.5934E+29    6.3215E+29    3.6935E+29    8.9663E+28    8.4585E+27    8.5651E+27    2.7111E+28    8.2972E+28    2.3033E+29    5.2936E+29    6.8998E+29    3.4310E+29    6.9315E+28    7.4984E+27    2.0766E+28    4.8951E+28    9.3678E+28    1.3322E+29    1.3646E+29    9.9195E+28    6.0142E+28
    7.8220E+01   -6.5648E+01    3.7422E+02    8.7825E+05    3.3348E-01    2.6856E-01    1.3885E+28    4.8037E+28    1.5937E+29    4.4750E+29    6.1576E+29    3.5964E+29    8.7287E+28    8.2307E+27    8.3340E+27    2.6386E+28    8.0807E+28    2.2434E+29    5.1558E+29    6.7219E+29    3.3410E+29    6.7491E+28    7.2944E+27    2.0203E+28    4.7662E+28    9.1218E+28    1.2973E+29    1.3297E+29    9.6650E+28    5.8561E+28
    8.3662E+01   -5.8711E+01    3.7830E+02    8.2982E+05    3.2840E-01    2.6705E-01    1.3532E+28    4.6772E+28    1.5509E+29    4.3564E+29    5.9924E+29    3.4994E+29    8.4931E+28    8.0150E+27    8.1244E+27    2.5705E+28    7.8642E+28    2.1833E+29    5.0169E+29    6.5430E+29    3.2518E+29    6.5663E+28    7.1132E+27    1.9687E+28    4.6381E+28    8.8769E+28    1.2626E+29    1.2947E+29    9.4093E+28    5.7029E+28
    8.8471E+01   -5.1312E+01    3.8244E+02    7.8329E+05    3.2275E-01    2.6551E-01    1.3131E+28    4.5439E+28    1.5079E+29    4.2358E+29    5.8261E+29    3.4010E+29    8.2510E+28    7.7772E+27    7.8777E+27    2.4947E+28    7.6429E+28    2.1224E+29    4.8778E+29    6.3635E+29    3.1603E+29    6.3814E+28    6.8945E+27    1.9095E+28    4.5057E+28    8.6261E+28    1.2269E+29    1.2589E+29    9.1469E+28    5.5408E+28
    9.2605E+01   -4.3508E+01    3.8664E+02    7.3890E+05    3.1750E-01    2.6394E-01    1.2801E+28    4.4249E+28    1.4672E+29    4.1223E+29    5.6686E+29    3.3078E+29    8.0252E+28    7.5715E+27    7.6835E+27    2.4312E+28    7.4387E+28    2.0651E+29    4.7447E+29    6.1907E+29    3.0747E+29    6.2060E+28    6.7275E+27    1.8619E+28    4.3862E+28    8.3947E+28    1.1939E+29    1.2260E+29    8.9089E+28    5.3938E+28
    9.6033E+01   -3.5368E+01    3.9090E+02    6.9632E+05    3.1252E-01    2.6235E-01    1.2420E+28    4.2974E+28    1.4257E+29    4.0057E+29    5.5074E+29    3.2136E+29    7.7949E+28    7.3487E+27    7.4495E+27    2.3592E+28    7.2263E+28    2.0061E+29    4.6100E+29    6.0167E+29    2.9871E+29    6.0287E+28    6.5206E+27    1.8060E+28    4.2602E+28    8.1518E+28    1.1595E+29    1.1916E+29    8.6543E+28    5.2392E+28
    9.8731E+01   -2.6959E+01    3.9523E+02    6.5495E+05    3.0783E-01    2.6072E-01    1.2047E+28    4.1687E+28    1.3830E+29    3.8863E+29    5.3427E+29    3.1164E+29    7.5567E+28    7.1243E+27    7.2262E+27    2.2883E+28    7.0089E+28    1.9461E+29    4.4715E+29    5.8373E+29    2.8973E+29    5.8455E+28    6.3249E+27    1.7515E+28    4.1308E+28    7.9069E+28    1.1246E+29    1.1564E+29    8.4008E+28    5.0840E+28
    1.0068E+02   -1.8349E+01    3.9962E+02    6.1553E+05    3.0344E-01    2.5907E-01    1.1718E+28    4.0516E+28    1.3433E+29    3.7750E+29    5.1885E+29    3.0260E+29    7.3376E+28    6.9217E+27    7.0295E+27    2.2251E+28    6.8074E+28    1.8900E+29    4.3421E+29    5.6696E+29    2.8138E+29    5.6773E+28    6.1552E+27    1.7039E+28    4.0121E+28    7.6794E+28    1.0923E+29    1.1237E+29    8.1619E+28    4.9377E+28
    1.0189E+02   -9.6098E+00    4.0408E+02    5.7879E+05    2.9832E-01    2.5740E-01    1.1323E+28    3.9186E+28    1.3004E+29    3.6546E+29    5.0235E+29    2.9286E+29    7.0978E+28    6.6889E+27    6.7881E+27    2.1499E+28    6.5877E+28    1.8295E+29    4.2036E+29    5.4900E+29    2.7231E+29    5.4914E+28    5.9413E+27    1.6451E+28    3.8808E+28    7.4299E+28    1.0568E+29    1.0879E+29    7.9035E+28    4.7811E+28
    1.0239E+02   -8.0338E-01    4.0860E+02    5.4437E+05    2.9312E-01    2.5571E-01    1.0986E+28    3.7981E+28    1.2595E+29    3.5400E+29    4.8653E+29    2.8356E+29    6.8719E+28    6.4823E+27    6.5869E+27    2.0850E+28    6.3813E+28    1.7720E+29    4.0705E+29    5.3162E+29    2.6373E+29    5.3187E+28    5.7668E+27    1.5960E+28    3.7592E+28    7.1965E+28    1.0238E+29    1.0544E+29    7.6631E+28    4.6320E+28
    1.0217E+02    8.0054E+00    4.1316E+02    5.1297E+05    2.8842E-01    2.5404E-01    1.0646E+28    3.6851E+28    1.2227E+29    3.4354E+29    4.7218E+29    2.7513E+29    6.6656E+28    6.2809E+27    6.3801E+27    2.0212E+28    6.1927E+28    1.7195E+29    3.9507E+29    5.1604E+29    2.5590E+29    5.1587E+28    5.5847E+27    1.5467E+28    3.6480E+28    6.9821E+28    9.9315E+28    1.0229E+29    7.4361E+28    4.4954E+28
    1.0127E+02    1.6775E+01    4.1778E+02    4.8472E+05    2.8420E-01    2.5240E-01    1.0307E+28    3.5661E+28    1.1828E+29    3.3233E+29    4.5673E+29    2.6604E+29    6.4445E+28    6.0753E+27    6.1766E+27    1.9564E+28    5.9899E+28    1.6634E+29    3.8213E+29    4.9911E+29    2.4749E+29    4.9899E+28    5.4072E+27    1.4973E+28    3.5275E+28    6.7532E+28    9.6060E+28    9.8947E+28    7.2000E+28    4.3514E+28
    9.9699E+01    2.5448E+01    4.2245E+02    4.5859E+05    2.8037E-01    2.5076E-01    9.9817E+27    3.4537E+28    1.1453E+29    3.2173E+29    4.4210E+29    2.5745E+29    6.2352E+28    5.8775E+27    5.9810E+27    1.8944E+28    5.7996E+28    1.6104E+29    3.6991E+29    4.8310E+29    2.3955E+29    4.8279E+28    5.2366E+27    1.4501E+28    3.4158E+28    6.5376E+28    9.2989E+28    9.5778E+28    6.9726E+28    4.2125E+28
    9.7480E+01    3.3977E+01    4.2718E+02    4.3441E+05    2.7679E-01    2.4913E-01    9.6285E+27    3.3337E+28    1.1063E+29    3.1075E+29    4.2702E+29    2.4859E+29    6.0174E+28    5.6682E+27    5.7667E+27    1.8272E+28    5.5998E+28    1.5553E+29    3.5730E+29    4.6653E+29    2.3129E+29    4.6612E+28    5.0476E+27    1.3979E+28    3.2969E+28    6.3117E+28    8.9784E+28    9.2476E+28    6.7377E+28    4.0705E+28
    9.4639E+01    4.2311E+01    4.3196E+02    4.1281E+05    2.7274E-01    2.4752E-01    9.3286E+27    3.2261E+28    1.0698E+29    3.0048E+29    4.1282E+29    2.4022E+29    5.8151E+28    5.4821E+27    5.5876E+27    1.7692E+28    5.4157E+28    1.5038E+29    3.4539E+29    4.5092E+29    2.2360E+29    4.5043E+28    4.8926E+27    1.3541E+28    3.1890E+28    6.1037E+28    8.6832E+28    8.9410E+28    6.5207E+28    3.9354E+28
    9.1198E+01    5.0402E+01    4.3679E+02    3.9305E+05    2.6841E-01    2.4593E-01    8.9931E+27    3.1139E+28    1.0334E+29    2.9019E+29    3.9868E+29    2.3194E+29    5.6112E+28    5.2839E+27    5.3842E+27    1.7061E+28    5.2292E+28    1.4523E+29    3.3362E+29    4.3545E+29    2.1586E+29    4.3485E+28    4.7131E+27    1.3052E+28    3.0783E+28    5.8926E+28    8.3820E+28    8.6327E+28    6.2984E+28    3.8028E+28
    8.7185E+01    5.8197E+01    4.4168E+02    3.7495E+05    2.6449E-01    2.4437E-01    8.6806E+27    3.0043E+28    9.9642E+28    2.7978E+29    3.8429E+29    2.2350E+29    5.4069E+28    5.0940E+27    5.1972E+27    1.6465E+28    5.0420E+28    1.4002E+29    3.2158E+29    4.1965E+29    2.0806E+29    4.1911E+28    4.5504E+27    1.2601E+28    2.9681E+28    5.6810E+28    8.0809E+28    8.3228E+28    6.0770E+28    3.6668E+28
    8.2630E+01    6.5637E+01    4.4662E+02    3.5863E+05    2.6102E-01    2.4282E-01    8.3720E+27    2.8979E+28    9.6109E+28    2.6979E+29    3.7052E+29    2.1543E+29    5.2099E+28    4.9069E+27    5.0114E+27    1.5878E+28    4.8628E+28    1.3502E+29    3.1008E+29    4.0455E+29    2.0056E+29    4.0397E+28    4.3882E+27    1.2152E+28    2.8631E+28    5.4782E+28    7.7918E+28    8.0239E+28    5.8632E+28    3.5371E+28
    7.7573E+01    7.2671E+01    4.5162E+02    3.4331E+05    2.5780E-01    2.4130E-01    8.0390E+27    2.7841E+28    9.2403E+28    2.5941E+29    3.5622E+29    2.0703E+29    5.0045E+28    4.7108E+27    4.8100E+27    1.5245E+28    4.6733E+28    1.2981E+29    2.9816E+29    3.8891E+29    1.9276E+29    3.8816E+28    4.2106E+27    1.1660E+28    2.7497E+28    5.2645E+28    7.4883E+28    7.7136E+28    5.6394E+28    3.4005E+28
    7.2062E+01    7.9248E+01    4.5667E+02    3.2846E+05    2.5472E-01    2.3979E-01    7.7559E+27    2.6822E+28    8.8931E+28    2.4960E+29    3.4266E+29    1.9912E+29    4.8133E+28    4.5347E+27    4.6416E+27    1.4698E+28    4.4993E+28    1.2491E+29    2.8683E+29    3.7407E+29    1.8545E+29    3.7335E+28    4.0658E+27    1.1251E+28    2.6488E+28    5.0672E+28    7.2078E+28    7.4220E+28    5.4289E+28    3.2746E+28
    6.6144E+01    8.5317E+01    4.6177E+02    3.1410E+05    2.5182E-01    2.3828E-01    7.4323E+27    2.5739E+28    8.5421E+28    2.3972E+29    3.2911E+29    1.9119E+29    4.6190E+28    4.3468E+27    4.4456E+27    1.4090E+28    4.3194E+28    1.1996E+29    2.7549E+29    3.5922E+29    1.7802E+29    3.5841E+28    3.8920E+27    1.0778E+28    2.5415E+28    4.8642E+28    6.9186E+28    7.1257E+28    5.2166E+28    3.1448E+28
    5.9872E+01    9.0837E+01    4.6691E+02    3.0045E+05    2.4815E-01    2.3673E-01    7.1470E+27    2.4748E+28    8.2126E+28    2.3046E+29    3.1637E+29    1.8373E+29    4.4376E+28    4.1763E+27    4.2753E+27    1.3548E+28    4.1526E+28    1.1533E+29    2.6483E+29    3.4527E+29    1.7111E+29    3.4446E+28    3.7430E+27    1.0362E+28    2.4430E+28    4.6759E+28    6.6510E+28    6.8503E+28    5.0183E+28    3.0249E+28
    5.3296E+01    9.5777E+01    4.7211E+02    2.8690E+05    2.4434E-01    2.3519E-01    6.8664E+27    2.3752E+28    7.8745E+28    2.2092E+29    3.0320E+29    1.7608E+29    4.2530E+28    4.0050E+27    4.1070E+27    1.3010E+28    3.9823E+28    1.1056E+29    2.5383E+29    3.3086E+29    1.6401E+29    3.3011E+28    3.5979E+27    9.9591E+27    2.3439E+28    4.4832E+28    6.3766E+28    6.5656E+28    4.8121E+28    2.9002E+28
    4.6476E+01    1.0012E+02    4.7737E+02    2.7359E+05    2.4069E-01    2.3362E-01    6.5530E+27    2.2703E+28    7.5354E+28    2.1144E+29    2.9022E+29    1.6846E+29    4.0668E+28    3.8259E+27    3.9178E+27    1.2420E+28    3.8088E+28    1.0580E+29    2.4295E+29    3.1663E+29    1.5690E+29    3.1584E+28    3.4296E+27    9.4969E+27    2.2396E+28    4.2877E+28    6.0991E+28    6.2824E+28    4.6082E+28    2.7773E+28
    3.9461E+01    1.0387E+02    4.8267E+02    2.6061E+05    2.3729E-01    2.3203E-01    6.3040E+27    2.1833E+28    7.2443E+28    2.0322E+29    2.7883E+29    1.6189E+29    3.9079E+28    3.6771E+27    3.7688E+27    1.1946E+28    3.6619E+28    1.0169E+29    2.3348E+29    3.0426E+29    1.5081E+29    3.0350E+28    3.2998E+27    9.1366E+27    2.1539E+28    4.1211E+28    5.8623E+28    6.0377E+28    4.4271E+28    2.6703E+28
    3.2297E+01    1.0704E+02    4.8803E+02    2.4789E+05    2.3401E-01    2.3048E-01    6.0530E+27    2.0950E+28    6.9458E+28    1.9481E+29    2.6721E+29    1.5515E+29    3.7454E+28    3.5251E+27    3.6186E+27    1.1468E+28    3.5115E+28    9.7483E+28    2.2379E+29    2.9159E+29    1.4455E+29    2.9093E+28    3.1700E+27    8.7776E+27    2.0661E+28    3.9511E+28    5.6199E+28    5.7872E+28    4.2431E+28    2.5615E+28
    2.5021E+01    1.0964E+02    4.9345E+02    2.3520E+05    2.3086E-01    2.2890E-01    5.7886E+27    2.0058E+28    6.6582E+28    1.8679E+29    2.5626E+29    1.4875E+29    3.5883E+28    3.3751E+27    3.4592E+27    1.0968E+28    3.3643E+28    9.3468E+28    2.1461E+29    2.7960E+29    1.3856E+29    2.7885E+28    3.0280E+27    8.3845E+27    1.9772E+28    3.7857E+28    5.3857E+28    5.5474E+28    4.0705E+28    2.4565E+28
    1.7665E+01    1.1171E+02    4.9892E+02    2.2273E+05    2.2730E-01    2.2732E-01    5.5725E+27    1.9301E+28    6.4050E+28    1.7966E+29    2.4637E+29    1.4303E+29    3.4505E+28    3.2457E+27    3.3300E+27    1.0557E+28    3.2365E+28    8.9896E+28    2.0637E+29    2.6884E+29    1.3327E+29    2.6818E+28    2.9155E+27    8.0722E+27    1.9026E+28    3.6411E+28    5.1800E+28    5.3359E+28    3.9134E+28    2.3641E+28
