    1.8285E+01   -8.4767E+01    1.2931E+02    1.1257E+08    1.1245E+00    3.3499E-01    1.3308E+29    4.6569E+29    1.5764E+30    4.4028E+30    6.1798E+30    3.7033E+30    9.1919E+29    8.6476E+28    7.8518E+28    2.4848E+29    7.7439E+29    2.2207E+30    5.0947E+30    6.6612E+30    3.3521E+30    6.6065E+29    6.8630E+28    1.8728E+29    4.3454E+29    8.3343E+29    1.1904E+30    1.2260E+30    8.8774E+29    5.3426E+29
    2.4508E+01   -8.3067E+01    1.2962E+02    1.1084E+08    1.1208E+00    3.3509E-01    1.2751E+29    4.4652E+29    1.5140E+30    4.2302E+30    5.9408E+30    3.5499E+30    8.7796E+29    8.2489E+28    7.5030E+28    2.3770E+29    7.4153E+29    2.1323E+30    4.8883E+30    6.3855E+30    3.2102E+30    6.3183E+29    6.5506E+28    1.7861E+29    4.1395E+29    7.9760E+29    1.1397E+30    1.1732E+30    8.5442E+29    5.1303E+29
    3.0615E+01   -8.0906E+01    1.2993E+02    1.0917E+08    1.1171E+00    3.3518E-01    1.2733E+29    4.4565E+29    1.5100E+30    4.2203E+30    5.9229E+30    3.5404E+30    8.7602E+29    8.2305E+28    7.4911E+28    2.3726E+29    7.4000E+29    2.1259E+30    4.8763E+30    6.3671E+30    3.2023E+30    6.3052E+29    6.5439E+28    1.7843E+29    4.1353E+29    7.9564E+29    1.1375E+30    1.1712E+30    8.5178E+29    5.1195E+29
    3.6571E+01   -7.8288E+01    1.3024E+02    1.0754E+08    1.1134E+00    3.3527E-01    1.2705E+29    4.4483E+29    1.5065E+30    4.2096E+30    5.9044E+30    3.5306E+30    8.7395E+29    8.2032E+28    7.4780E+28    2.3692E+29    7.3862E+29    2.1198E+30    4.8629E+30    6.3556E+30    3.1932E+30    6.2875E+29    6.5342E+28    1.7833E+29    4.1340E+29    7.9394E+29    1.1345E+30    1.1695E+30    8.4842E+29    5.1102E+29
    4.2330E+01   -7.5223E+01    1.3056E+02    1.0592E+08    1.1097E+00    3.3535E-01    1.2630E+29    4.4221E+29    1.4982E+30    4.1895E+30    5.8876E+30    3.5173E+30    8.7000E+29    8.1774E+28    7.4431E+28    2.3576E+29    7.3484E+29    2.1111E+30    4.8427E+30    6.3277E+30    3.1837E+30    6.2646E+29    6.4947E+28    1.7719E+29    4.1051E+29    7.9073E+29    1.1311E+30    1.1641E+30    8.4848E+29    5.0903E+29
    4.7854E+01   -7.1727E+01    1.3088E+02    1.0432E+08    1.1060E+00    3.3543E-01    1.2633E+29    4.4174E+29    1.4956E+30    4.1815E+30    5.8675E+30    3.5080E+30    8.6839E+29    8.1557E+28    7.4463E+28    2.3568E+29    7.3379E+29    2.1057E+30    4.8318E+30    6.3161E+30    3.1758E+30    6.2522E+29    6.5057E+28    1.7742E+29    4.1073E+29    7.8950E+29    1.1288E+30    1.1633E+30    8.4441E+29    5.0805E+29
    5.3101E+01   -6.7821E+01    1.3122E+02    1.0268E+08    1.1022E+00    3.3551E-01    1.2558E+29    4.3913E+29    1.4869E+30    4.1577E+30    5.8372E+30    3.4892E+30    8.6403E+29    8.1112E+28    7.4015E+28    2.3437E+29    7.2978E+29    2.0937E+30    4.8034E+30    6.2820E+30    3.1600E+30    6.2215E+29    6.4632E+28    1.7635E+29    4.0850E+29    7.8529E+29    1.1226E+30    1.1569E+30    8.4016E+29    5.0540E+29
    5.8033E+01   -6.3532E+01    1.3156E+02    1.0107E+08    1.0985E+00    3.3559E-01    1.2501E+29    4.3749E+29    1.4818E+30    4.1436E+30    5.8245E+30    3.4810E+30    8.6128E+29    8.0890E+28    7.3821E+28    2.3365E+29    7.2788E+29    2.0882E+30    4.7929E+30    6.2627E+30    3.1530E+30    6.2086E+29    6.4372E+28    1.7556E+29    4.0719E+29    7.8369E+29    1.1219E+30    1.1543E+30    8.4057E+29    5.0425E+29
    6.2624E+01   -5.8883E+01    1.3191E+02    9.9443E+07    1.0947E+00    3.3567E-01    1.2490E+29    4.3649E+29    1.4765E+30    4.1298E+30    5.7961E+30    3.4679E+30    8.5873E+29    8.0578E+28    7.3662E+28    2.3329E+29    7.2588E+29    2.0801E+30    4.7725E+30    6.2449E+30    3.1413E+30    6.1872E+29    6.4310E+28    1.7562E+29    4.0688E+29    7.8167E+29    1.1170E+30    1.1514E+30    8.3493E+29    5.0290E+29
    6.6847E+01   -5.3902E+01    1.3227E+02    9.7800E+07    1.0911E+00    3.3574E-01    1.2417E+29    4.3405E+29    1.4693E+30    4.1113E+30    5.7770E+30    3.4537E+30    8.5470E+29    8.0206E+28    7.3288E+28    2.3201E+29    7.2273E+29    2.0715E+30    4.7525E+30    6.2167E+30    3.1293E+30    6.1633E+29    6.3945E+28    1.7445E+29    4.0489E+29    7.7894E+29    1.1136E+30    1.1468E+30    8.3378E+29    5.0103E+29
    7.0682E+01   -4.8615E+01    1.3264E+02    9.6156E+07    1.0876E+00    3.3582E-01    1.2349E+29    4.3175E+29    1.4616E+30    4.0928E+30    5.7514E+30    3.4398E+30    8.5096E+29    7.9842E+28    7.2927E+28    2.3092E+29    7.1952E+29    2.0625E+30    4.7351E+30    6.1873E+30    3.1178E+30    6.1401E+29    6.3566E+28    1.7354E+29    4.0301E+29    7.7588E+29    1.1110E+30    1.1430E+30    8.3098E+29    4.9915E+29
    7.4106E+01   -4.3057E+01    1.3300E+02    9.4590E+07    1.0841E+00    3.3588E-01    1.2343E+29    4.3180E+29    1.4605E+30    4.0870E+30    5.7382E+30    3.4323E+30    8.5067E+29    7.9812E+28    7.2844E+28    2.3086E+29    7.1941E+29    2.0597E+30    4.7233E+30    6.1831E+30    3.1115E+30    6.1367E+29    6.3558E+28    1.7375E+29    4.0379E+29    7.7613E+29    1.1080E+30    1.1419E+30    8.2857E+29    4.9862E+29
    7.7106E+01   -3.7252E+01    1.3337E+02    9.3037E+07    1.0806E+00    3.3595E-01    1.2273E+29    4.2896E+29    1.4515E+30    4.0642E+30    5.7171E+30    3.4176E+30    8.4582E+29    7.9332E+28    7.2486E+28    2.2966E+29    7.1509E+29    2.0487E+30    4.7033E+30    6.1519E+30    3.1002E+30    6.1076E+29    6.3177E+28    1.7265E+29    4.0095E+29    7.7188E+29    1.1058E+30    1.1383E+30    8.2744E+29    4.9647E+29
    7.9662E+01   -3.1238E+01    1.3373E+02    9.1570E+07    1.0772E+00    3.3600E-01    1.2254E+29    4.2821E+29    1.4483E+30    4.0561E+30    5.7004E+30    3.4108E+30    8.4437E+29    7.9236E+28    7.2372E+28    2.2927E+29    7.1395E+29    2.0446E+30    4.6915E+30    6.1441E+30    3.0947E+30    6.1002E+29    6.3099E+28    1.7244E+29    4.0065E+29    7.7131E+29    1.1033E+30    1.1370E+30    8.2495E+29    4.9614E+29
    8.1762E+01   -2.5053E+01    1.3408E+02    9.0199E+07    1.0741E+00    3.3605E-01    1.2227E+29    4.2738E+29    1.4442E+30    4.0471E+30    5.6862E+30    3.4004E+30    8.4280E+29    7.9059E+28    7.2236E+28    2.2878E+29    7.1201E+29    2.0397E+30    4.6799E+30    6.1284E+30    3.0870E+30    6.0878E+29    6.3013E+28    1.7224E+29    3.9985E+29    7.6971E+29    1.1010E+30    1.1337E+30    8.2262E+29    4.9473E+29
    8.3396E+01   -1.8724E+01    1.3441E+02    8.8953E+07    1.0711E+00    3.3609E-01    1.2179E+29    4.2599E+29    1.4421E+30    4.0355E+30    5.6843E+30    3.3997E+30    8.4099E+29    7.8813E+28    7.2009E+28    2.2818E+29    7.1129E+29    2.0366E+30    4.6734E+30    6.1188E+30    3.0875E+30    6.0868E+29    6.2711E+28    1.7143E+29    3.9903E+29    7.6915E+29    1.0994E+30    1.1334E+30    8.2499E+29    4.9465E+29
    8.4556E+01   -1.2290E+01    1.3473E+02    8.7804E+07    1.0683E+00    3.3612E-01    1.2187E+29    4.2552E+29    1.4380E+30    4.0304E+30    5.6649E+30    3.3889E+30    8.3928E+29    7.8775E+28    7.2041E+28    2.2808E+29    7.0942E+29    2.0313E+30    4.6620E+30    6.1082E+30    3.0782E+30    6.0734E+29    6.2827E+28    1.7168E+29    3.9849E+29    7.6718E+29    1.0979E+30    1.1315E+30    8.2115E+29    4.9424E+29
    8.5237E+01   -5.7924E+00    1.3503E+02    8.6789E+07    1.0658E+00    3.3613E-01    1.2160E+29    4.2497E+29    1.4360E+30    4.0226E+30    5.6625E+30    3.3852E+30    8.3794E+29    7.8577E+28    7.1889E+28    2.2781E+29    7.0870E+29    2.0275E+30    4.6531E+30    6.0993E+30    3.0755E+30    6.0675E+29    6.2688E+28    1.7147E+29    3.9832E+29    7.6586E+29    1.0963E+30    1.1302E+30    8.2175E+29    4.9358E+29
    8.5437E+01    7.4534E-01    1.3531E+02    8.5908E+07    1.0636E+00    3.3614E-01    1.2112E+29    4.2342E+29    1.4329E+30    4.0169E+30    5.6517E+30    3.3838E+30    8.3729E+29    7.8446E+28    7.1652E+28    2.2688E+29    7.0710E+29    2.0259E+30    4.6477E+30    6.0815E+30    3.0726E+30    6.0735E+29    6.2392E+28    1.7047E+29    3.9687E+29    7.6650E+29    1.0950E+30    1.1278E+30    8.2148E+29    4.9433E+29
    8.5156E+01    7.2872E+00    1.3557E+02    8.5164E+07    1.0616E+00    3.3613E-01    1.2138E+29    4.2412E+29    1.4319E+30    4.0102E+30    5.6459E+30    3.3743E+30    8.3540E+29    7.8358E+28    7.1766E+28    2.2749E+29    7.0712E+29    2.0208E+30    4.6389E+30    6.0827E+30    3.0664E+30    6.0579E+29    6.2592E+28    1.7135E+29    3.9777E+29    7.6368E+29    1.0933E+30    1.1280E+30    8.1950E+29    4.9298E+29
    8.4395E+01    1.3796E+01    1.3582E+02    8.4527E+07    1.0599E+00    3.3610E-01    1.2076E+29    4.2209E+29    1.4270E+30    3.9969E+30    5.6275E+30    3.3663E+30    8.3283E+29    7.8053E+28    7.1381E+28    2.2616E+29    7.0426E+29    2.0155E+30    4.6253E+30    6.0592E+30    3.0576E+30    6.0434E+29    6.2207E+28    1.7009E+29    3.9575E+29    7.6247E+29    1.0907E+30    1.1241E+30    8.1851E+29    4.9213E+29
    8.3158E+01    2.0235E+01    1.3604E+02    8.4057E+07    1.0586E+00    3.3607E-01    1.2070E+29    4.2164E+29    1.4257E+30    3.9973E+30    5.6202E+30    3.3646E+30    8.3225E+29    7.8001E+28    7.1372E+28    2.2599E+29    7.0355E+29    2.0154E+30    4.6253E+30    6.0555E+30    3.0558E+30    6.0447E+29    6.2174E+28    1.6990E+29    3.9503E+29    7.6261E+29    1.0910E+30    1.1237E+30    8.1718E+29    4.9279E+29
    8.1454E+01    2.6558E+01    1.3625E+02    8.3687E+07    1.0575E+00    3.3602E-01    1.2049E+29    4.2159E+29    1.4240E+30    3.9845E+30    5.6102E+30    3.3508E+30    8.2951E+29    7.7713E+28    7.1201E+28    2.2596E+29    7.0322E+29    2.0077E+30    4.6079E+30    6.0429E+30    3.0474E+30    6.0205E+29    6.2086E+28    1.7016E+29    3.9581E+29    7.5901E+29    1.0860E+30    1.1212E+30    8.1548E+29    4.9015E+29
    7.9288E+01    3.2739E+01    1.3646E+02    8.3374E+07    1.0564E+00    3.3596E-01    1.1979E+29    4.1866E+29    1.4156E+30    3.9670E+30    5.5808E+30    3.3397E+30    8.2571E+29    7.7368E+28    7.0820E+28    2.2428E+29    6.9844E+29    2.0006E+30    4.5910E+30    6.0084E+30    3.0321E+30    5.9999E+29    6.1676E+28    1.6857E+29    3.9208E+29    7.5692E+29    1.0826E+30    1.1147E+30    8.1195E+29    4.8909E+29
    7.6669E+01    3.8737E+01    1.3667E+02    8.3098E+07    1.0555E+00    3.3589E-01    1.1952E+29    4.1758E+29    1.4107E+30    3.9534E+30    5.5570E+30    3.3243E+30    8.2236E+29    7.7084E+28    7.0631E+28    2.2375E+29    6.9631E+29    1.9925E+30    4.5725E+30    5.9901E+30    3.0195E+30    5.9750E+29    6.1562E+28    1.6830E+29    3.9120E+29    7.5339E+29    1.0782E+30    1.1119E+30    8.0795E+29    4.8734E+29
    7.3613E+01    4.4509E+01    1.3688E+02    8.2839E+07    1.0546E+00    3.3582E-01    1.1911E+29    4.1644E+29    1.4075E+30    3.9387E+30    5.5447E+30    3.3123E+30    8.1905E+29    7.6789E+28    7.0340E+28    2.2319E+29    6.9473E+29    1.9848E+30    4.5541E+30    5.9700E+30    3.0098E+30    5.9479E+29    6.1330E+28    1.6800E+29    3.9072E+29    7.5023E+29    1.0733E+30    1.1077E+30    8.0631E+29    4.8482E+29
    7.0132E+01    5.0020E+01    1.3710E+02    8.2528E+07    1.0536E+00    3.3576E-01    1.1846E+29    4.1396E+29    1.3995E+30    3.9258E+30    5.5152E+30    3.3005E+30    8.1572E+29    7.6437E+28    7.0080E+28    2.2177E+29    6.9046E+29    1.9781E+30    4.5405E+30    5.9362E+30    2.9960E+30    5.9309E+29    6.1020E+28    1.6666E+29    3.8743E+29    7.4824E+29    1.0711E+30    1.1020E+30    8.0247E+29    4.8427E+29
    6.6249E+01    5.5226E+01    1.3735E+02    8.2088E+07    1.0522E+00    3.3570E-01    1.1800E+29    4.1218E+29    1.3924E+30    3.8987E+30    5.4843E+30    3.2781E+30    8.1078E+29    7.6027E+28    6.9725E+28    2.2095E+29    6.8731E+29    1.9648E+30    4.5080E+30    5.9078E+30    2.9772E+30    5.8936E+29    6.0807E+28    1.6632E+29    3.8640E+29    7.4289E+29    1.0628E+30    1.0965E+30    7.9769E+29    4.8072E+29
    6.1985E+01    6.0095E+01    1.3761E+02    8.1558E+07    1.0507E+00    3.3565E-01    1.1753E+29    4.1075E+29    1.3883E+30    3.8860E+30    5.4710E+30    3.2700E+30    8.0832E+29    7.5804E+28    6.9447E+28    2.2014E+29    6.8525E+29    1.9589E+30    4.4937E+30    5.8892E+30    2.9696E+30    5.8772E+29    6.0551E+28    1.6566E+29    3.8525E+29    7.4098E+29    1.0597E+30    1.0933E+30    7.9672E+29    4.7925E+29
    5.7371E+01    6.4595E+01    1.3791E+02    8.0837E+07    1.0487E+00    3.3562E-01    1.1663E+29    4.0760E+29    1.3766E+30    3.8621E+30    5.4272E+30    3.2485E+30    8.0314E+29    7.5327E+28    6.9057E+28    2.1850E+29    6.7977E+29    1.9459E+30    4.4676E+30    5.8428E+30    2.9499E+30    5.8438E+29    6.0120E+28    1.6424E+29    3.8167E+29    7.3617E+29    1.0548E+30    1.0867E+30    7.8994E+29    4.7725E+29
    5.2435E+01    6.8700E+01    1.3822E+02    8.0004E+07    1.0464E+00    3.3561E-01    1.1664E+29    4.0730E+29    1.3760E+30    3.8511E+30    5.4215E+30    3.2412E+30    8.0184E+29    7.5240E+28    6.8954E+28    2.1853E+29    6.7970E+29    1.9418E+30    4.4529E+30    5.8384E+30    2.9458E+30    5.8361E+29    6.0133E+28    1.6457E+29    3.8260E+29    7.3555E+29    1.0509E+30    1.0842E+30    7.8986E+29    4.7576E+29
    4.7215E+01    7.2388E+01    1.3856E+02    7.9007E+07    1.0437E+00    3.3561E-01    1.1593E+29    4.0489E+29    1.3677E+30    3.8303E+30    5.3921E+30    3.2264E+30    7.9783E+29    7.4878E+28    6.8601E+28    2.1729E+29    6.7581E+29    1.9317E+30    4.4326E+30    5.8059E+30    2.9306E+30    5.8097E+29    5.9789E+28    1.6353E+29    3.8025E+29    7.3215E+29    1.0475E+30    1.0790E+30    7.8606E+29    4.7366E+29
    4.1738E+01    7.5649E+01    1.3892E+02    7.7888E+07    1.0407E+00    3.3563E-01    1.1533E+29    4.0310E+29    1.3609E+30    3.8155E+30    5.3680E+30    3.2139E+30    7.9528E+29    7.4670E+28    6.8340E+28    2.1648E+29    6.7321E+29    1.9232E+30    4.4157E+30    5.7857E+30    2.9213E+30    5.7938E+29    5.9501E+28    1.6280E+29    3.7875E+29    7.2868E+29    1.0441E+30    1.0765E+30    7.8249E+29    4.7264E+29
    3.6041E+01    7.8470E+01    1.3929E+02    7.6693E+07    1.0375E+00    3.3566E-01    1.1527E+29    4.0229E+29    1.3581E+30    3.8052E+30    5.3575E+30    3.2066E+30    7.9407E+29    7.4580E+28    6.8272E+28    2.1607E+29    6.7152E+29    1.9191E+30    4.3999E+30    5.7703E+30    2.9149E+30    5.7841E+29    5.9524E+28    1.6276E+29    3.7834E+29    7.2882E+29    1.0409E+30    1.0726E+30    7.8142E+29    4.7109E+29
    3.0157E+01    8.0847E+01    1.3968E+02    7.5421E+07    1.0340E+00    3.3570E-01    1.1453E+29    4.0008E+29    1.3507E+30    3.7828E+30    5.3299E+30    3.1923E+30    7.9005E+29    7.4184E+28    6.7856E+28    2.1501E+29    6.6871E+29    1.9089E+30    4.3810E+30    5.7420E+30    2.9004E+30    5.7596E+29    5.9098E+28    1.6181E+29    3.7689E+29    7.2496E+29    1.0375E+30    1.0687E+30    7.7808E+29    4.6941E+29
    2.4118E+01    8.2776E+01    1.4006E+02    7.4176E+07    1.0306E+00    3.3574E-01    1.1438E+29    3.9933E+29    1.3489E+30    3.7801E+30    5.3211E+30    3.1885E+30    7.8958E+29    7.4162E+28    6.7814E+28    2.1479E+29    6.6803E+29    1.9068E+30    4.3751E+30    5.7370E+30    2.8989E+30    5.7623E+29    5.9043E+28    1.6161E+29    3.7654E+29    7.2471E+29    1.0366E+30    1.0682E+30    7.7730E+29    4.6987E+29
    1.7954E+01    8.4256E+01    1.4045E+02    7.2930E+07    1.0271E+00    3.3579E-01    1.1414E+29    3.9866E+29    1.3426E+30    3.7631E+30    5.3023E+30    3.1749E+30    7.8651E+29    7.3909E+28    6.7705E+28    2.1445E+29    6.6568E+29    1.8974E+30    4.3547E+30    5.7105E+30    2.8870E+30    5.7359E+29    5.9000E+28    1.6165E+29    3.7594E+29    7.2163E+29    1.0334E+30    1.0640E+30    7.7489E+29    4.6710E+29
    1.1693E+01    8.5286E+01    1.4083E+02    7.1747E+07    1.0237E+00    3.3582E-01    1.1360E+29    3.9651E+29    1.3395E+30    3.7546E+30    5.2868E+30    3.1684E+30    7.8470E+29    7.3736E+28    6.7398E+28    2.1342E+29    6.6357E+29    1.8940E+30    4.3459E+30    5.6946E+30    2.8804E+30    5.7306E+29    5.8662E+28    1.6056E+29    3.7428E+29    7.2104E+29    1.0312E+30    1.0615E+30    7.7332E+29    4.6735E+29
    5.3735E+00    8.5863E+01    1.4120E+02    7.0643E+07    1.0205E+00    3.3585E-01    1.1336E+29    3.9559E+29    1.3353E+30    3.7446E+30    5.2732E+30    3.1585E+30    7.8241E+29    7.3598E+28    6.7270E+28    2.1301E+29    6.6166E+29    1.8887E+30    4.3340E+30    5.6820E+30    2.8718E+30    5.7184E+29    5.8555E+28    1.6030E+29    3.7322E+29    7.1938E+29    1.0291E+30    1.0592E+30    7.7152E+29    4.6602E+29
   -9.7882E-01    8.5987E+01    1.4155E+02    6.9646E+07    1.0176E+00    3.3587E-01    1.1336E+29    3.9597E+29    1.3353E+30    3.7373E+30    5.2718E+30    3.1553E+30    7.8151E+29    7.3468E+28    6.7253E+28    2.1321E+29    6.6250E+29    1.8848E+30    4.3277E+30    5.6756E+30    2.8709E+30    5.7085E+29    5.8584E+28    1.6072E+29    3.7487E+29    7.1802E+29    1.0280E+30    1.0594E+30    7.7244E+29    4.6536E+29
   -7.7287E+00    8.5620E+01    1.4192E+02    6.8648E+07    1.0146E+00    3.3588E-01    1.1277E+29    3.9324E+29    1.3257E+30    3.7207E+30    5.2327E+30    3.1366E+30    7.7711E+29    7.3073E+28    6.7019E+28    2.1192E+29    6.5734E+29    1.8758E+30    4.3050E+30    5.6420E+30    2.8539E+30    5.6847E+29    5.8335E+28    1.5953E+29    3.7100E+29    7.1514E+29    1.0234E+30    1.0539E+30    7.6659E+29    4.6389E+29
   -1.4437E+01    8.4739E+01    1.4227E+02    6.7763E+07    1.0118E+00    3.3588E-01    1.1266E+29    3.9277E+29    1.3245E+30    3.7103E+30    5.2291E+30    3.1297E+30    7.7525E+29    7.2990E+28    6.6885E+28    2.1170E+29    6.5720E+29    1.8720E+30    4.2953E+30    5.6323E+30    2.8485E+30    5.6713E+29    5.8268E+28    1.5952E+29    3.7162E+29    7.1403E+29    1.0214E+30    1.0516E+30    7.6631E+29    4.6233E+29
   -2.1059E+01    8.3346E+01    1.4261E+02    6.6950E+07    1.0093E+00    3.3587E-01    1.1226E+29    3.9158E+29    1.3205E+30    3.6981E+30    5.2142E+30    3.1223E+30    7.7335E+29    7.2763E+28    6.6647E+28    2.1101E+29    6.5509E+29    1.8666E+30    4.2833E+30    5.6148E+30    2.8409E+30    5.6588E+29    5.8048E+28    1.5898E+29    3.7045E+29    7.1233E+29    1.0188E+30    1.0485E+30    7.6464E+29    4.6134E+29
   -2.7550E+01    8.1444E+01    1.4294E+02    6.6188E+07    1.0069E+00    3.3586E-01    1.1182E+29    3.9055E+29    1.3157E+30    3.6932E+30    5.1934E+30    3.1121E+30    7.7117E+29    7.2607E+28    6.6422E+28    2.1047E+29    6.5335E+29    1.8614E+30    4.2738E+30    5.6039E+30    2.8324E+30    5.6459E+29    5.7777E+28    1.5842E+29    3.6920E+29    7.1038E+29    1.0172E+30    1.0475E+30    7.6168E+29    4.6071E+29
   -3.3866E+01    7.9041E+01    1.4326E+02    6.5471E+07    1.0045E+00    3.3585E-01    1.1198E+29    3.9039E+29    1.3154E+30    3.6833E+30    5.1932E+30    3.1087E+30    7.6971E+29    7.2534E+28    6.6528E+28    2.1048E+29    6.5277E+29    1.8591E+30    4.2643E+30    5.5922E+30    2.8297E+30    5.6348E+29    5.7975E+28    1.5872E+29    3.6952E+29    7.1031E+29    1.0154E+30    1.0454E+30    7.6236E+29    4.5979E+29
   -3.9961E+01    7.6148E+01    1.4359E+02    6.4722E+07    1.0020E+00    3.3584E-01    1.1133E+29    3.8840E+29    1.3091E+30    3.6711E+30    5.1677E+30    3.0947E+30    7.6671E+29    7.2183E+28    6.6146E+28    2.0940E+29    6.5008E+29    1.8507E+30    4.2490E+30    5.5674E+30    2.8176E+30    5.6153E+29    5.7570E+28    1.5770E+29    3.6789E+29    7.0715E+29    1.0124E+30    1.0424E+30    7.5875E+29    4.5845E+29
   -4.5793E+01    7.2781E+01    1.4391E+02    6.3972E+07    9.9951E-01    3.3584E-01    1.1132E+29    3.8807E+29    1.3081E+30    3.6685E+30    5.1648E+30    3.0914E+30    7.6609E+29    7.2188E+28    6.6165E+28    2.0934E+29    6.4971E+29    1.8501E+30    4.2461E+30    5.5653E+30    2.8155E+30    5.6130E+29    5.7588E+28    1.5768E+29    3.6776E+29    7.0749E+29    1.0124E+30    1.0420E+30    7.5862E+29    4.5805E+29
   -5.1318E+01    6.8963E+01    1.4425E+02    6.3152E+07    9.9670E-01    3.3585E-01    1.1106E+29    3.8725E+29    1.3027E+30    3.6500E+30    5.1461E+30    3.0821E+30    7.6342E+29    7.1971E+28    6.6062E+28    2.0899E+29    6.4732E+29    1.8424E+30    4.2280E+30    5.5424E+30    2.8058E+30    5.5916E+29    5.7558E+28    1.5769E+29    3.6683E+29    7.0506E+29    1.0089E+30    1.0372E+30    7.5635E+29    4.5614E+29
   -5.6502E+01    6.4719E+01    1.4459E+02    6.2295E+07    9.9374E-01    3.3586E-01    1.1069E+29    3.8579E+29    1.3011E+30    3.6470E+30    5.1327E+30    3.0753E+30    7.6223E+29    7.1851E+28    6.5905E+28    2.0835E+29    6.4667E+29    1.8398E+30    4.2221E+30    5.5397E+30    2.8011E+30    5.5880E+29    5.7333E+28    1.5692E+29    3.6637E+29    7.0473E+29    1.0078E+30    1.0379E+30    7.5505E+29    4.5614E+29
   -6.1311E+01    6.0077E+01    1.4495E+02    6.1350E+07    9.9047E-01    3.3590E-01    1.1063E+29    3.8516E+29    1.2963E+30    3.6332E+30    5.1200E+30    3.0661E+30    7.5976E+29    7.1710E+28    6.5876E+28    2.0825E+29    6.4510E+29    1.8336E+30    4.2067E+30    5.5159E+30    2.7935E+30    5.5698E+29    5.7386E+28    1.5712E+29    3.6602E+29    7.0304E+29    1.0052E+30    1.0340E+30    7.5343E+29    4.5449E+29
   -6.5718E+01    5.5069E+01    1.4531E+02    6.0376E+07    9.8713E-01    3.3594E-01    1.1047E+29    3.8477E+29    1.2943E+30    3.6287E+30    5.1140E+30    3.0646E+30    7.5959E+29    7.1701E+28    6.5799E+28    2.0810E+29    6.4479E+29    1.8307E+30    4.2026E+30    5.5090E+30    2.7920E+30    5.5692E+29    5.7310E+28    1.5704E+29    3.6612E+29    7.0212E+29    1.0048E+30    1.0327E+30    7.5282E+29    4.5446E+29
   -6.9701E+01    4.9731E+01    1.4569E+02    5.9337E+07    9.8355E-01    3.3599E-01    1.0982E+29    3.8289E+29    1.2885E+30    3.6142E+30    5.0915E+30    3.0495E+30    7.5668E+29    7.1497E+28    6.5543E+28    2.0718E+29    6.4164E+29    1.8242E+30    4.1854E+30    5.4933E+30    2.7791E+30    5.5511E+29    5.7013E+28    1.5616E+29    3.6397E+29    7.0074E+29    1.0020E+30    1.0306E+30    7.5002E+29    4.5289E+29
   -7.3240E+01    4.4097E+01    1.4607E+02    5.8279E+07    9.7991E-01    3.3605E-01    1.1002E+29    3.8289E+29    1.2876E+30    3.6062E+30    5.0892E+30    3.0492E+30    7.5619E+29    7.1438E+28    6.5611E+28    2.0733E+29    6.4183E+29    1.8212E+30    4.1803E+30    5.4823E+30    2.7787E+30    5.5490E+29    5.7155E+28    1.5659E+29    3.6508E+29    7.0003E+29    1.0017E+30    1.0288E+30    7.5025E+29    4.5235E+29
   -7.6321E+01    3.8205E+01    1.4645E+02    5.7221E+07    9.7631E-01    3.3611E-01    1.0966E+29    3.8188E+29    1.2842E+30    3.6023E+30    5.0742E+30    3.0421E+30    7.5465E+29    7.1329E+28    6.5431E+28    2.0686E+29    6.4055E+29    1.8179E+30    4.1718E+30    5.4743E+30    2.7733E+30    5.5405E+29    5.6962E+28    1.5612E+29    3.6434E+29    6.9969E+29    1.0007E+30    1.0290E+30    7.4839E+29    4.5205E+29
   -7.8934E+01    3.2087E+01    1.4683E+02    5.6177E+07    9.7274E-01    3.3617E-01    1.0937E+29    3.8073E+29    1.2809E+30    3.5916E+30    5.0632E+30    3.0337E+30    7.5279E+29    7.1249E+28    6.5308E+28    2.0636E+29    6.3916E+29    1.8134E+30    4.1602E+30    5.4610E+30    2.7665E+30    5.5286E+29    5.6830E+28    1.5569E+29    3.6371E+29    6.9855E+29    9.9849E+29    1.0265E+30    7.4702E+29    4.5093E+29
   -8.1070E+01    2.5780E+01    1.4721E+02    5.5160E+07    9.6921E-01    3.3623E-01    1.0935E+29    3.8068E+29    1.2777E+30    3.5802E+30    5.0496E+30    3.0290E+30    7.5142E+29    7.1094E+28    6.5288E+28    2.0641E+29    6.3778E+29    1.8083E+30    4.1498E+30    5.4393E+30    2.7610E+30    5.5219E+29    5.6874E+28    1.5606E+29    3.6360E+29    6.9767E+29    9.9682E+29    1.0221E+30    7.4581E+29    4.5019E+29
   -8.2722E+01    1.9320E+01    1.4758E+02    5.4204E+07    9.6582E-01    3.3627E-01    1.0889E+29    3.7883E+29    1.2744E+30    3.5726E+30    5.0375E+30    3.0160E+30    7.4869E+29    7.0894E+28    6.5102E+28    2.0555E+29    6.3597E+29    1.8037E+30    4.1381E+30    5.4341E+30    2.7505E+30    5.5034E+29    5.6650E+28    1.5516E+29    3.6225E+29    6.9605E+29    9.9499E+29    1.0227E+30    7.4387E+29    4.4904E+29
   -8.3886E+01    1.2740E+01    1.4794E+02    5.3323E+07    9.6265E-01    3.3631E-01    1.0880E+29    3.7830E+29    1.2710E+30    3.5610E+30    5.0226E+30    3.0105E+30    7.4658E+29    7.0704E+28    6.5012E+28    2.0533E+29    6.3472E+29    1.7984E+30    4.1263E+30    5.4150E+30    2.7451E+30    5.4889E+29    5.6618E+28    1.5518E+29    3.6206E+29    6.9456E+29    9.9290E+29    1.0197E+30    7.4235E+29    4.4781E+29
   -8.4559E+01    6.0750E+00    1.4829E+02    5.2530E+07    9.5980E-01    3.3633E-01    1.0859E+29    3.7736E+29    1.2670E+30    3.5504E+30    5.0037E+30    3.0007E+30    7.4429E+29    7.0446E+28    6.4886E+28    2.0482E+29    6.3284E+29    1.7924E+30    4.1124E+30    5.3940E+30    2.7356E+30    5.4726E+29    5.6534E+28    1.5489E+29    3.6133E+29    6.9268E+29    9.8955E+29    1.0165E+30    7.3997E+29    4.4673E+29
   -8.4737E+01   -6.3862E-01    1.4863E+02    5.1833E+07    9.5724E-01    3.3633E-01    1.0789E+29    3.7548E+29    1.2612E+30    3.5354E+30    4.9885E+30    2.9836E+30    7.4031E+29    7.0175E+28    6.4516E+28    2.0373E+29    6.2999E+29    1.7850E+30    4.0946E+30    5.3781E+30    2.7237E+30    5.4471E+29    5.6145E+28    1.5387E+29    3.5936E+29    6.9011E+29    9.8590E+29    1.0133E+30    7.3727E+29    4.4475E+29
   -8.4422E+01   -7.3659E+00    1.4896E+02    5.1247E+07    9.5502E-01    3.3631E-01    1.0778E+29    3.7463E+29    1.2573E+30    3.5203E+30    4.9612E+30    2.9746E+30    7.3777E+29    6.9830E+28    6.4353E+28    2.0329E+29    6.2777E+29    1.7773E+30    4.0776E+30    5.3433E+30    2.7120E+30    5.4255E+29    5.6091E+28    1.5386E+29    3.5872E+29    6.8758E+29    9.8161E+29    1.0072E+30    7.3418E+29    4.4290E+29
   -8.3617E+01   -1.4071E+01    1.4926E+02    5.0811E+07    9.5330E-01    3.3627E-01    1.0723E+29    3.7322E+29    1.2534E+30    3.5113E+30    4.9495E+30    2.9622E+30    7.3454E+29    6.9580E+28    6.4016E+28    2.0234E+29    6.2594E+29    1.7727E+30    4.0657E+30    5.3380E+30    2.7020E+30    5.4062E+29    5.5749E+28    1.5292E+29    3.5740E+29    6.8582E+29    9.7932E+29    1.0061E+30    7.3205E+29    4.4199E+29
   -8.2323E+01   -2.0718E+01    1.4956E+02    5.0475E+07    9.5189E-01    3.3620E-01    1.0658E+29    3.7093E+29    1.2454E+30    3.4874E+30    4.9181E+30    2.9425E+30    7.2908E+29    6.9092E+28    6.3624E+28    2.0109E+29    6.2200E+29    1.7610E+30    4.0377E+30    5.3004E+30    2.6838E+30    5.3680E+29    5.5410E+28    1.5198E+29    3.5521E+29    6.8137E+29    9.7289E+29    9.9919E+29    7.2771E+29    4.3900E+29
   -8.0547E+01   -2.7268E+01    1.4985E+02    5.0261E+07    9.5086E-01    3.3611E-01    1.0614E+29    3.6946E+29    1.2396E+30    3.4711E+30    4.8843E+30    2.9271E+30    7.2559E+29    6.8614E+28    6.3307E+28    2.0025E+29    6.1870E+29    1.7511E+30    4.0165E+30    5.2591E+30    2.6685E+30    5.3394E+29    5.5179E+28    1.5155E+29    3.5361E+29    6.7750E+29    9.6686E+29    9.9234E+29    7.2321E+29    4.3681E+29
   -7.8293E+01   -3.3678E+01    1.5013E+02    5.0153E+07    9.5017E-01    3.3600E-01    1.0528E+29    3.6659E+29    1.2311E+30    3.4490E+30    4.8612E+30    2.9036E+30    7.1962E+29    6.8157E+28    6.2815E+28    1.9860E+29    6.1454E+29    1.7403E+30    3.9904E+30    5.2383E+30    2.6510E+30    5.3018E+29    5.4679E+28    1.5000E+29    3.5061E+29    6.7278E+29    9.6030E+29    9.8776E+29    7.1936E+29    4.3389E+29
   -7.5571E+01   -3.9907E+01    1.5042E+02    5.0108E+07    9.4966E-01    3.3587E-01    1.0464E+29    3.6404E+29    1.2219E+30    3.4190E+30    4.8153E+30    2.8824E+30    7.1369E+29    6.7524E+28    6.2382E+28    1.9723E+29    6.0959E+29    1.7261E+30    3.9592E+30    5.1884E+30    2.6279E+30    5.2569E+29    5.4369E+28    1.4917E+29    3.4796E+29    6.6717E+29    9.5259E+29    9.7813E+29    7.1311E+29    4.3041E+29
   -7.2393E+01   -4.5910E+01    1.5072E+02    5.0111E+07    9.4930E-01    3.3572E-01    1.0376E+29    3.6110E+29    1.2123E+30    3.3935E+30    4.7731E+30    2.8563E+30    7.0723E+29    6.6879E+28    6.1845E+28    1.9555E+29    6.0467E+29    1.7121E+30    3.9265E+30    5.1478E+30    2.6043E+30    5.2098E+29    5.3893E+28    1.4784E+29    3.4502E+29    6.6142E+29    9.4456E+29    9.7067E+29    7.0660E+29    4.2698E+29
   -6.8775E+01   -5.1644E+01    1.5103E+02    5.0140E+07    9.4902E-01    3.3556E-01    1.0282E+29    3.5802E+29    1.2023E+30    3.3671E+30    4.7420E+30    2.8311E+30    7.0094E+29    6.6317E+28    6.1288E+28    1.9380E+29    5.9968E+29    1.6986E+30    3.8937E+30    5.1081E+30    2.5830E+30    5.1653E+29    5.3355E+28    1.4634E+29    3.4181E+29    6.5582E+29    9.3621E+29    9.6308E+29    7.0186E+29    4.2334E+29
   -6.4739E+01   -5.7061E+01    1.5138E+02    5.0087E+07    9.4839E-01    3.3540E-01    1.0190E+29    3.5481E+29    1.1904E+30    3.3322E+30    4.6846E+30    2.8031E+30    6.9378E+29    6.5532E+28    6.0669E+28    1.9199E+29    5.9352E+29    1.6800E+30    3.8533E+30    5.0418E+30    2.5550E+30    5.1103E+29    5.2880E+28    1.4521E+29    3.3871E+29    6.4863E+29    9.2610E+29    9.5104E+29    6.9359E+29    4.1901E+29
   -6.0312E+01   -6.2118E+01    1.5175E+02    4.9990E+07    9.4763E-01    3.3523E-01    1.0091E+29    3.5134E+29    1.1802E+30    3.3042E+30    4.6482E+30    2.7758E+30    6.8705E+29    6.4971E+28    6.0093E+28    1.9005E+29    5.8839E+29    1.6665E+30    3.8203E+30    5.0102E+30    2.5307E+30    5.0639E+29    5.2336E+28    1.4350E+29    3.3532E+29    6.4314E+29    9.1853E+29    9.4446E+29    6.8765E+29    4.1523E+29
   -5.5523E+01   -6.6779E+01    1.5217E+02    4.9775E+07    9.4646E-01    3.3508E-01    9.9832E+28    3.4750E+29    1.1667E+30    3.2657E+30    4.5959E+30    2.7452E+30    6.7901E+29    6.4217E+28    5.9440E+28    1.8800E+29    5.8173E+29    1.6475E+30    3.7763E+30    4.9514E+30    2.5026E+30    5.0073E+29    5.1772E+28    1.4197E+29    3.3148E+29    6.3576E+29    9.0813E+29    9.3344E+29    6.8029E+29    4.1058E+29
   -5.0408E+01   -7.1011E+01    1.5263E+02    4.9437E+07    9.4482E-01    3.3493E-01    9.8977E+28    3.4485E+29    1.1570E+30    3.2377E+30    4.5489E+30    2.7212E+30    6.7342E+29    6.3591E+28    5.8903E+28    1.8649E+29    5.7685E+29    1.6322E+30    3.7423E+30    4.8952E+30    2.4811E+30    4.9634E+29    5.1337E+28    1.4103E+29    3.2923E+29    6.3009E+29    8.9952E+29    9.2452E+29    6.7372E+29    4.0726E+29
   -4.5005E+01   -7.4787E+01    1.5313E+02    4.8965E+07    9.4275E-01    3.3480E-01    9.7948E+28    3.4112E+29    1.1453E+30    3.2056E+30    4.5109E+30    2.6913E+30    6.6639E+29    6.3004E+28    5.8342E+28    1.8462E+29    5.7127E+29    1.6172E+30    3.7061E+30    4.8608E+30    2.4559E+30    4.9140E+29    5.0798E+28    1.3943E+29    3.2569E+29    6.2455E+29    8.9123E+29    9.1717E+29    6.6805E+29    4.0299E+29
   -3.9356E+01   -7.8087E+01    1.5368E+02    4.8339E+07    9.4017E-01    3.3469E-01    9.7135E+28    3.3804E+29    1.1340E+30    3.1712E+30    4.4618E+30    2.6671E+30    6.5989E+29    6.2402E+28    5.7834E+28    1.8300E+29    5.6560E+29    1.6006E+30    3.6679E+30    4.8063E+30    2.4320E+30    4.8683E+29    5.0417E+28    1.3839E+29    3.2282E+29    6.1850E+29    8.8266E+29    9.0687E+29    6.6157E+29    3.9942E+29
   -3.3503E+01   -8.0900E+01    1.5426E+02    4.7597E+07    9.3717E-01    3.3460E-01    9.6342E+28    3.3546E+29    1.1256E+30    3.1485E+30    4.4244E+30    2.6463E+30    6.5507E+29    6.1899E+28    5.7325E+28    1.8157E+29    5.6157E+29    1.5884E+30    3.6404E+30    4.7692E+30    2.4139E+30    4.8308E+29    4.9963E+28    1.3734E+29    3.2084E+29    6.1426E+29    8.7624E+29    9.0121E+29    6.5602E+29    3.9639E+29
   -2.7480E+01   -8.3222E+01    1.5486E+02    4.6764E+07    9.3388E-01    3.3452E-01    9.5476E+28    3.3284E+29    1.1178E+30    3.1271E+30    4.4033E+30    2.6277E+30    6.5031E+29    6.1551E+28    5.6879E+28    1.8012E+29    5.5797E+29    1.5786E+30    3.6148E+30    4.7436E+30    2.3986E+30    4.8000E+29    4.9520E+28    1.3604E+29    3.1869E+29    6.1096E+29    8.7075E+29    8.9613E+29    6.5310E+29    3.9364E+29
   -2.1327E+01   -8.5051E+01    1.5549E+02    4.5835E+07    9.3024E-01    3.3446E-01    9.4968E+28    3.3070E+29    1.1099E+30    3.1028E+30    4.3631E+30    2.6094E+30    6.4602E+29    6.1116E+28    5.6549E+28    1.7910E+29    5.5408E+29    1.5664E+30    3.5891E+30    4.7018E+30    2.3808E+30    4.7681E+29    4.9301E+28    1.3554E+29    3.1709E+29    6.0669E+29    8.6521E+29    8.8869E+29    6.4785E+29    3.9118E+29
   -1.5076E+01   -8.6390E+01    1.5612E+02    4.4871E+07    9.2647E-01    3.3442E-01    9.4490E+28    3.2913E+29    1.1058E+30    3.0927E+30    4.3456E+30    2.5988E+30    6.4383E+29    6.0899E+28    5.6271E+28    1.7822E+29    5.5210E+29    1.5606E+30    3.5750E+30    4.6882E+30    2.3710E+30    4.7507E+29    4.9046E+28    1.3483E+29    3.1621E+29    6.0513E+29    8.6233E+29    8.8666E+29    6.4507E+29    3.8963E+29
   -8.7609E+00   -8.7241E+01    1.5675E+02    4.3886E+07    9.2260E-01    3.3438E-01    9.3828E+28    3.2718E+29    1.1012E+30    3.0786E+30    4.3352E+30    2.5895E+30    6.4036E+29    6.0752E+28    5.5935E+28    1.7710E+29    5.4966E+29    1.5549E+30    3.5579E+30    4.6715E+30    2.3646E+30    4.7318E+29    4.8690E+28    1.3376E+29    3.1473E+29    6.0356E+29    8.5973E+29    8.8382E+29    6.4416E+29    3.8851E+29
   -2.4143E+00   -8.7610E+01    1.5739E+02    4.2880E+07    9.1863E-01    3.3436E-01    9.3482E+28    3.2558E+29    1.0957E+30    3.0650E+30    4.3051E+30    2.5754E+30    6.3833E+29    6.0413E+28    5.5670E+28    1.7632E+29    5.4662E+29    1.5461E+30    3.5414E+30    4.6403E+30    2.3507E+30    4.7112E+29    4.8522E+28    1.3339E+29    3.1341E+29    6.0094E+29    8.5581E+29    8.7895E+29    6.3992E+29    3.8666E+29
    3.9314E+00   -8.7503E+01    1.5801E+02    4.1907E+07    9.1472E-01    3.3434E-01    9.3165E+28    3.2467E+29    1.0937E+30    3.0591E+30    4.3023E+30    2.5703E+30    6.3709E+29    6.0328E+28    5.5501E+28    1.7579E+29    5.4531E+29    1.5438E+30    3.5351E+30    4.6379E+30    2.3476E+30    4.7040E+29    4.8361E+28    1.3292E+29    3.1257E+29    6.0071E+29    8.5497E+29    8.7858E+29    6.3956E+29    3.8600E+29
    1.0252E+01   -8.6926E+01    1.5863E+02    4.0965E+07    9.1016E-01    3.3432E-01    9.2515E+28    3.2259E+29    1.0877E+30    3.0414E+30    4.2845E+30    2.5612E+30    6.3340E+29    6.0091E+28    5.5150E+28    1.7465E+29    5.4223E+29    1.5366E+30    3.5175E+30    4.6164E+30    2.3398E+30    4.6828E+29    4.8002E+28    1.3190E+29    3.1055E+29    5.9847E+29    8.5181E+29    8.7468E+29    6.3762E+29    3.8474E+29
    1.6514E+01   -8.5886E+01    1.5925E+02    4.0051E+07    9.0532E-01    3.3431E-01    9.2207E+28    3.2134E+29    1.0827E+30    3.0323E+30    4.2585E+30    2.5470E+30    6.3181E+29    5.9904E+28    5.4900E+28    1.7397E+29    5.3966E+29    1.5285E+30    3.5019E+30    4.5974E+30    2.3258E+30    4.6645E+29    4.7842E+28    1.3160E+29    3.0949E+29    5.9561E+29    8.4758E+29    8.7217E+29    6.3342E+29    3.8279E+29
    2.2684E+01   -8.4391E+01    1.5985E+02    3.9201E+07    9.0048E-01    3.3429E-01    9.1867E+28    3.2018E+29    1.0794E+30    3.0234E+30    4.2543E+30    2.5427E+30    6.2987E+29    5.9758E+28    5.4724E+28    1.7334E+29    5.3799E+29    1.5250E+30    3.4929E+30    4.5864E+30    2.3238E+30    4.6541E+29    4.7670E+28    1.3101E+29    3.0830E+29    5.9438E+29    8.4599E+29    8.6955E+29    6.3318E+29    3.8215E+29
    2.8736E+01   -8.2449E+01    1.6046E+02    3.8379E+07    8.9581E-01    3.3428E-01    9.1077E+28    3.1758E+29    1.0711E+30    3.0008E+30    4.2251E+30    2.5274E+30    6.2561E+29    5.9306E+28    5.4270E+28    1.7190E+29    5.3379E+29    1.5147E+30    3.4700E+30    4.5533E+30    2.3094E+30    4.6243E+29    4.7237E+28    1.2980E+29    3.0562E+29    5.9048E+29    8.4121E+29    8.6317E+29    6.2959E+29    3.8000E+29
    3.4636E+01   -8.0071E+01    1.6106E+02    3.7596E+07    8.9132E-01    3.3426E-01    9.0818E+28    3.1678E+29    1.0676E+30    2.9929E+30    4.2100E+30    2.5139E+30    6.2373E+29    5.9270E+28    5.4049E+28    1.7135E+29    5.3199E+29    1.5080E+30    3.4560E+30    4.5450E+30    2.2972E+30    4.6066E+29    4.7087E+28    1.2956E+29    3.0507E+29    5.8798E+29    8.3715E+29    8.6235E+29    6.2617E+29    3.7820E+29
    4.0351E+01   -7.7268E+01    1.6166E+02    3.6837E+07    8.8703E-01    3.3424E-01    9.0194E+28    3.1449E+29    1.0607E+30    2.9744E+30    4.1864E+30    2.5047E+30    6.1985E+29    5.8871E+28    5.3708E+28    1.7015E+29    5.2851E+29    1.5000E+30    3.4359E+30    4.5139E+30    2.2887E+30    4.5823E+29    4.6765E+28    1.2851E+29    3.0271E+29    5.8508E+29    8.3318E+29    8.5636E+29    6.2367E+29    3.7658E+29
    4.5848E+01   -7.4053E+01    1.6227E+02    3.6078E+07    8.8279E-01    3.3421E-01    8.9517E+28    3.1216E+29    1.0530E+30    2.9549E+30    4.1569E+30    2.4873E+30    6.1657E+29    5.8529E+28    5.3318E+28    1.6891E+29    5.2462E+29    1.4896E+30    3.4148E+30    4.4807E+30    2.2729E+30    4.5562E+29    4.6417E+28    1.2755E+29    3.0037E+29    5.8115E+29    8.2814E+29    8.5031E+29    6.1950E+29    3.7418E+29
    5.1093E+01   -7.0445E+01    1.6289E+02    3.5318E+07    8.7861E-01    3.3419E-01    8.8946E+28    3.1035E+29    1.0461E+30    2.9350E+30    4.1347E+30    2.4673E+30    6.1208E+29    5.8222E+28    5.2920E+28    1.6780E+29    5.2121E+29    1.4786E+30    3.3888E+30    4.4614E+30    2.2590E+30    4.5205E+29    4.6096E+28    1.2684E+29    2.9880E+29    5.7674E+29    8.2122E+29    8.4644E+29    6.1531E+29    3.7129E+29
    5.6058E+01   -6.6459E+01    1.6352E+02    3.4548E+07    8.7432E-01    3.3416E-01    8.8185E+28    3.0761E+29    1.0379E+30    2.9130E+30    4.1002E+30    2.4538E+30    6.0861E+29    5.7754E+28    5.2513E+28    1.6640E+29    5.1703E+29    1.4687E+30    3.3693E+30    4.4242E+30    2.2423E+30    4.4961E+29    4.5711E+28    1.2562E+29    2.9597E+29    5.7313E+29    8.1701E+29    8.3926E+29    6.1112E+29    3.6926E+29
    6.0711E+01   -6.2121E+01    1.6416E+02    3.3775E+07    8.7000E-01    3.3413E-01    8.7624E+28    3.0555E+29    1.0307E+30    2.8949E+30    4.0726E+30    2.4366E+30    6.0444E+29    5.7445E+28    5.2159E+28    1.6526E+29    5.1345E+29    1.4584E+30    3.3454E+30    4.3980E+30    2.2266E+30    4.4642E+29    4.5413E+28    1.2480E+29    2.9402E+29    5.6925E+29    8.1119E+29    8.3419E+29    6.0679E+29    3.6681E+29
    6.5028E+01   -5.7454E+01    1.6482E+02    3.2987E+07    8.6567E-01    3.3410E-01    8.6885E+28    3.0318E+29    1.0222E+30    2.8694E+30    4.0437E+30    2.4195E+30    5.9867E+29    5.6967E+28    5.1685E+28    1.6391E+29    5.0921E+29    1.4457E+30    3.3129E+30    4.3640E+30    2.2123E+30    4.4204E+29    4.5016E+28    1.2387E+29    2.9185E+29    5.6432E+29    8.0309E+29    8.2758E+29    6.0215E+29    3.6356E+29
    6.8983E+01   -5.2484E+01    1.6548E+02    3.2204E+07    8.6141E-01    3.3407E-01    8.6231E+28    3.0086E+29    1.0154E+30    2.8551E+30    4.0169E+30    2.4030E+30    5.9624E+29    5.6806E+28    5.1348E+28    1.6272E+29    5.0570E+29    1.4374E+30    3.2995E+30    4.3349E+30    2.1966E+30    4.4044E+29    4.4682E+28    1.2279E+29    2.8937E+29    5.6107E+29    8.0009E+29    8.2237E+29    5.9890E+29    3.6182E+29
    7.2554E+01   -4.7242E+01    1.6616E+02    3.1408E+07    8.5706E-01    3.3404E-01    8.5527E+28    2.9830E+29    1.0065E+30    2.8300E+30    3.9859E+30    2.3821E+30    5.9106E+29    5.6270E+28    5.0902E+28    1.6130E+29    5.0127E+29    1.4247E+30    3.2696E+30    4.3018E+30    2.1793E+30    4.3643E+29    4.4320E+28    1.2178E+29    2.8695E+29    5.5610E+29    7.9277E+29    8.1618E+29    5.9374E+29    3.5858E+29
    7.5726E+01   -4.1754E+01    1.6684E+02    3.0623E+07    8.5274E-01    3.3400E-01    8.5070E+28    2.9679E+29    1.0010E+30    2.8116E+30    3.9628E+30    2.3723E+30    5.8826E+29    5.5865E+28    5.0604E+28    1.6047E+29    4.9846E+29    1.4165E+30    3.2479E+30    4.2770E+30    2.1686E+30    4.3409E+29    4.4072E+28    1.2125E+29    2.8553E+29    5.5308E+29    7.8840E+29    8.1111E+29    5.9024E+29    3.5657E+29
    7.8482E+01   -3.6050E+01    1.6754E+02    2.9828E+07    8.4845E-01    3.3397E-01    8.4091E+28    2.9352E+29    9.9087E+29    2.7897E+30    3.9276E+30    2.3470E+30    5.8233E+29    5.5510E+28    5.0061E+28    1.5868E+29    4.9340E+29    1.4033E+30    3.2225E+30    4.2417E+30    2.1459E+30    4.3019E+29    4.3551E+28    1.1968E+29    2.8220E+29    5.4769E+29    7.8139E+29    8.0444E+29    5.8538E+29    3.5349E+29
    8.0809E+01   -3.0162E+01    1.6823E+02    2.9059E+07    8.4428E-01    3.3393E-01    8.3914E+28    2.9254E+29    9.8692E+29    2.7764E+30    3.9105E+30    2.3400E+30    5.8018E+29    5.5244E+28    4.9939E+28    1.5822E+29    4.9144E+29    1.3975E+30    3.2071E+30    4.2218E+30    2.1400E+30    4.2815E+29    4.3492E+28    1.1951E+29    2.8136E+29    5.4565E+29    7.7784E+29    8.0097E+29    5.8280E+29    3.5204E+29
    8.2696E+01   -2.4118E+01    1.6893E+02    2.8298E+07    8.4009E-01    3.3389E-01    8.3234E+28    2.9032E+29    9.7947E+29    2.7559E+30    3.8802E+30    2.3224E+30    5.7642E+29    5.4858E+28    4.9511E+28    1.5698E+29    4.8769E+29    1.3868E+30    3.1846E+30    4.1886E+30    2.1237E+30    4.2525E+29    4.3115E+28    1.1857E+29    2.7926E+29    5.4142E+29    7.7230E+29    7.9469E+29    5.7811E+29    3.4941E+29
    8.4135E+01   -1.7948E+01    1.6962E+02    2.7571E+07    8.3614E-01    3.3385E-01    8.2648E+28    2.8859E+29    9.7419E+29    2.7441E+30    3.8663E+30    2.3103E+30    5.7239E+29    5.4551E+28    4.9208E+28    1.5598E+29    4.8508E+29    1.3800E+30    3.1693E+30    4.1761E+30    2.1149E+30    4.2274E+29    4.2800E+28    1.1764E+29    2.7749E+29    5.3867E+29    7.6885E+29    7.9231E+29    5.7627E+29    3.4778E+29
    8.5122E+01   -1.1684E+01    1.7031E+02    2.6875E+07    8.3173E-01    3.3380E-01    8.2302E+28    2.8700E+29    9.6833E+29    2.7261E+30    3.8388E+30    2.2970E+30    5.7007E+29    5.4316E+28    4.8960E+28    1.5519E+29    4.8210E+29    1.3712E+30    3.1491E+30    4.1469E+30    2.1008E+30    4.2065E+29    4.2638E+28    1.1721E+29    2.7602E+29    5.3534E+29    7.6427E+29    7.8659E+29    5.7199E+29    3.4567E+29
    8.5656E+01   -5.3559E+00    1.7099E+02    2.6229E+07    8.2679E-01    3.3375E-01    8.1846E+28    2.8548E+29    9.6325E+29    2.7128E+30    3.8203E+30    2.2842E+30    5.6676E+29    5.4004E+28    4.8697E+28    1.5435E+29    4.7961E+29    1.3640E+30    3.1339E+30    4.1270E+30    2.0896E+30    4.1831E+29    4.2402E+28    1.1656E+29    2.7462E+29    5.3255E+29    7.6055E+29    7.8292E+29    5.6943E+29    3.4397E+29
    8.5739E+01    1.0029E+00    1.7166E+02    2.5652E+07    8.2137E-01    3.3369E-01    8.1199E+28    2.8347E+29    9.5714E+29    2.6968E+30    3.8004E+30    2.2726E+30    5.6320E+29    5.3564E+28    4.8323E+28    1.5320E+29    4.7645E+29    1.3562E+30    3.1143E+30    4.1058E+30    2.0798E+30    4.1590E+29    4.2038E+28    1.1554E+29    2.7253E+29    5.2954E+29    7.5568E+29    7.7919E+29    5.6671E+29    3.4245E+29
    8.5372E+01    7.3651E+00    1.7230E+02    2.5144E+07    8.1663E-01    3.3362E-01    8.1188E+28    2.8327E+29    9.5530E+29    2.6910E+30    3.7871E+30    2.2652E+30    5.6199E+29    5.3561E+28    4.8279E+28    1.5313E+29    4.7562E+29    1.3522E+30    3.1107E+30    4.0924E+30    2.0721E+30    4.1484E+29    4.2050E+28    1.1570E+29    2.7247E+29    5.2809E+29    7.5470E+29    7.7652E+29    5.6454E+29    3.4123E+29
    8.4560E+01    1.3698E+01    1.7293E+02    2.4693E+07    8.1246E-01    3.3354E-01    8.0530E+28    2.8109E+29    9.4878E+29    2.6739E+30    3.7656E+30    2.2512E+30    5.5789E+29    5.3134E+28    4.7890E+28    1.5186E+29    4.7223E+29    1.3434E+30    3.0884E+30    4.0683E+30    2.0602E+30    4.1207E+29    4.1686E+28    1.1461E+29    2.7026E+29    5.2450E+29    7.4942E+29    7.7184E+29    5.6174E+29    3.3928E+29
    8.3308E+01    1.9974E+01    1.7354E+02    2.4303E+07    8.0888E-01    3.3345E-01    8.0090E+28    2.7957E+29    9.4387E+29    2.6601E+30    3.7464E+30    2.2398E+30    5.5512E+29    5.2837E+28    4.7640E+28    1.5105E+29    4.6977E+29    1.3370E+30    3.0718E+30    4.0488E+30    2.0500E+30    4.1002E+29    4.1451E+28    1.1394E+29    2.6874E+29    5.2205E+29    7.4564E+29    7.6813E+29    5.5896E+29    3.3775E+29
    8.1622E+01    2.6160E+01    1.7413E+02    2.3966E+07    8.0572E-01    3.3335E-01    7.9842E+28    2.7872E+29    9.3991E+29    2.6484E+30    3.7264E+30    2.2267E+30    5.5212E+29    5.2593E+28    4.7446E+28    1.5053E+29    4.6782E+29    1.3296E+30    3.0602E+30    4.0282E+30    2.0380E+30    4.0774E+29    4.1319E+28    1.1372E+29    2.6799E+29    5.1908E+29    7.4222E+29    7.6410E+29    5.5580E+29    3.3606E+29
    7.9510E+01    3.2226E+01    1.7470E+02    2.3681E+07    8.0297E-01    3.3324E-01    7.9280E+28    2.7680E+29    9.3440E+29    2.6337E+30    3.7075E+30    2.2157E+30    5.4892E+29    5.2231E+28    4.7130E+28    1.4949E+29    4.6496E+29    1.3230E+30    3.0415E+30    4.0062E+30    2.0278E+30    4.0550E+29    4.1017E+28    1.1278E+29    2.6601E+29    5.1646E+29    7.3790E+29    7.6012E+29    5.5324E+29    3.3433E+29
    7.6984E+01    3.8137E+01    1.7526E+02    2.3440E+07    8.0056E-01    3.3311E-01    7.8770E+28    2.7497E+29    9.2805E+29    2.6159E+30    3.6805E+30    2.1994E+30    5.4484E+29    5.1855E+28    4.6811E+28    1.4849E+29    4.6179E+29    1.3138E+30    3.0213E+30    3.9776E+30    2.0131E+30    4.0261E+29    4.0744E+28    1.1204E+29    2.6418E+29    5.1287E+29    7.3309E+29    7.5481E+29    5.4934E+29    3.3196E+29
    7.4054E+01    4.3860E+01    1.7581E+02    2.3235E+07    7.9847E-01    3.3297E-01    7.8322E+28    2.7345E+29    9.2241E+29    2.5995E+30    3.6561E+30    2.1833E+30    5.4081E+29    5.1484E+28    4.6506E+28    1.4760E+29    4.5888E+29    1.3044E+30    3.0022E+30    3.9522E+30    1.9985E+30    3.9944E+29    4.0501E+28    1.1147E+29    2.6273E+29    5.0886E+29    7.2785E+29    7.4967E+29    5.4535E+29    3.2967E+29
    7.0735E+01    4.9359E+01    1.7635E+02    2.3058E+07    7.9665E-01    3.3283E-01    7.7665E+28    2.7122E+29    9.1571E+29    2.5814E+30    3.6318E+30    2.1690E+30    5.3713E+29    5.1137E+28    4.6159E+28    1.4640E+29    4.5544E+29    1.2962E+30    2.9798E+30    3.9249E+30    1.9855E+30    3.9694E+29    4.0165E+28    1.1039E+29    2.6036E+29    5.0572E+29    7.2283E+29    7.4501E+29    5.4235E+29    3.2781E+29
    6.7043E+01    5.4602E+01    1.7688E+02    2.2909E+07    7.9503E-01    3.3267E-01    7.7315E+28    2.6985E+29    9.1056E+29    2.5664E+30    3.6083E+30    2.1548E+30    5.3348E+29    5.0761E+28    4.5916E+28    1.4566E+29    4.5287E+29    1.2882E+30    2.9639E+30    3.9001E+30    1.9721E+30    3.9431E+29    3.9985E+28    1.0993E+29    2.5906E+29    5.0257E+29    7.1882E+29    7.4006E+29    5.3858E+29    3.2555E+29
    6.2998E+01    5.9552E+01    1.7742E+02    2.2767E+07    7.9346E-01    3.3251E-01    7.6650E+28    2.6757E+29    9.0281E+29    2.5445E+30    3.5775E+30    2.1349E+30    5.2844E+29    5.0267E+28    4.5489E+28    1.4437E+29    4.4890E+29    1.2765E+30    2.9378E+30    3.8668E+30    1.9542E+30    3.9058E+29    3.9614E+28    1.0898E+29    2.5679E+29    4.9786E+29    7.1210E+29    7.3353E+29    5.3399E+29    3.2271E+29
    5.8625E+01    6.4172E+01    1.7796E+02    2.2630E+07    7.9191E-01    3.3235E-01    7.5998E+28    2.6550E+29    8.9634E+29    2.5264E+30    3.5526E+30    2.1207E+30    5.2494E+29    4.9965E+28    4.5146E+28    1.4323E+29    4.4567E+29    1.2684E+30    2.9164E+30    3.8401E+30    1.9418E+30    3.8805E+29    3.9275E+28    1.0797E+29    2.5467E+29    4.9467E+29    7.0731E+29    7.2877E+29    5.3069E+29    3.2077E+29
    5.3950E+01    6.8435E+01    1.7851E+02    2.2484E+07    7.9039E-01    3.3219E-01    7.5600E+28    2.6381E+29    8.9000E+29    2.5085E+30    3.5256E+30    2.1040E+30    5.2080E+29    4.9544E+28    4.4878E+28    1.4236E+29    4.4247E+29    1.2587E+30    2.8970E+30    3.8111E+30    1.9258E+30    3.8497E+29    3.9086E+28    1.0745E+29    2.5302E+29    4.9084E+29    7.0216E+29    7.2317E+29    5.2626E+29    3.1826E+29
    4.9006E+01    7.2307E+01    1.7907E+02    2.2318E+07    7.8869E-01    3.3204E-01    7.5042E+28    2.6198E+29    8.8402E+29    2.4916E+30    3.5021E+30    2.0893E+30    5.1699E+29    4.9151E+28    4.4530E+28    1.4132E+29    4.3946E+29    1.2500E+30    2.8762E+30    3.7857E+30    1.9125E+30    3.8215E+29    3.8778E+28    1.0666E+29    2.5132E+29    4.8748E+29    6.9710E+29    7.1821E+29    5.2289E+29    3.1596E+29
    4.3821E+01    7.5771E+01    1.7965E+02    2.2122E+07    7.8673E-01    3.3188E-01    7.4321E+28    2.5968E+29    8.7652E+29    2.4710E+30    3.4731E+30    2.0727E+30    5.1301E+29    4.8834E+28    4.4149E+28    1.4006E+29    4.3585E+29    1.2403E+30    2.8526E+30    3.7549E+30    1.8981E+30    3.7938E+29    3.8408E+28    1.0558E+29    2.4905E+29    4.8369E+29    6.9176E+29    7.1254E+29    5.1903E+29    3.1366E+29
    3.8433E+01    7.8804E+01    1.8023E+02    2.1899E+07    7.8463E-01    3.3174E-01    7.4178E+28    2.5884E+29    8.7323E+29    2.4617E+30    3.4597E+30    2.0639E+30    5.1083E+29    4.8594E+28    4.4024E+28    1.3969E+29    4.3413E+29    1.2349E+30    2.8429E+30    3.7407E+30    1.8898E+30    3.7764E+29    3.8343E+28    1.0545E+29    2.4825E+29    4.8159E+29    6.8907E+29    7.0980E+29    5.1663E+29    3.1229E+29
    3.2876E+01    8.1397E+01    1.8083E+02    2.1637E+07    7.8223E-01    3.3161E-01    7.3625E+28    2.5697E+29    8.6712E+29    2.4446E+30    3.4362E+30    2.0499E+30    5.0730E+29    4.8242E+28    4.3697E+28    1.3867E+29    4.3111E+29    1.2264E+30    2.8223E+30    3.7152E+30    1.8771E+30    3.7503E+29    3.8051E+28    1.0466E+29    2.4654E+29    4.7838E+29    6.8423E+29    7.0499E+29    5.1331E+29    3.1018E+29
    2.7182E+01    8.3545E+01    1.8144E+02    2.1340E+07    7.7960E-01    3.3149E-01    7.3152E+28    2.5552E+29    8.6224E+29    2.4318E+30    3.4171E+30    2.0395E+30    5.0488E+29    4.8072E+28    4.3477E+28    1.3789E+29    4.2888E+29    1.2203E+30    2.8082E+30    3.6951E+30    1.8681E+30    3.7339E+29    3.7829E+28    1.0397E+29    2.4518E+29    4.7618E+29    6.8142E+29    7.0140E+29    5.1082E+29    3.0876E+29
    2.1386E+01    8.5248E+01    1.8206E+02    2.1011E+07    7.7676E-01    3.3139E-01    7.2910E+28    2.5440E+29    8.5806E+29    2.4196E+30    3.4010E+30    2.0292E+30    5.0230E+29    4.7810E+28    4.3296E+28    1.3736E+29    4.2675E+29    1.2137E+30    2.7944E+30    3.6780E+30    1.8588E+30    3.7142E+29    3.7709E+28    1.0371E+29    2.4413E+29    4.7365E+29    6.7778E+29    6.9823E+29    5.0823E+29    3.0719E+29
    1.5512E+01    8.6512E+01    1.8268E+02    2.0660E+07    7.7385E-01    3.3128E-01    7.2621E+28    2.5345E+29    8.5497E+29    2.4109E+30    3.3898E+30    2.0225E+30    5.0067E+29    4.7640E+28    4.3124E+28    1.3683E+29    4.2528E+29    1.2093E+30    2.7839E+30    3.6660E+30    1.8528E+30    3.7018E+29    3.7554E+28    1.0330E+29    2.4336E+29    4.7206E+29    6.7524E+29    6.9586E+29    5.0686E+29    3.0624E+29
    9.5917E+00    8.7344E+01    1.8330E+02    2.0294E+07    7.7087E-01    3.3119E-01    7.2198E+28    2.5216E+29    8.5101E+29    2.4010E+30    3.3744E+30    2.0135E+30    4.9852E+29    4.7471E+28    4.2924E+28    1.3613E+29    4.2341E+29    1.2044E+30    2.7737E+30    3.6503E+30    1.8452E+30    3.6869E+29    3.7342E+28    1.0265E+29    2.4215E+29    4.7027E+29    6.7359E+29    6.9337E+29    5.0468E+29    3.0497E+29
    3.6434E+00    8.7754E+01    1.8392E+02    1.9921E+07    7.6787E-01    3.3110E-01    7.2052E+28    2.5137E+29    8.4779E+29    2.3913E+30    3.3618E+30    2.0058E+30    4.9667E+29    4.7277E+28    4.2818E+28    1.3578E+29    4.2181E+29    1.1991E+30    2.7621E+30    3.6359E+30    1.8385E+30    3.6740E+29    3.7295E+28    1.0253E+29    2.4145E+29    4.6837E+29    6.7049E+29    6.9049E+29    5.0287E+29    3.0387E+29
   -2.3103E+00    8.7748E+01    1.8453E+02    1.9553E+07    7.6489E-01    3.3101E-01    7.1820E+28    2.5064E+29    8.4546E+29    2.3848E+30    3.3531E+30    2.0007E+30    4.9542E+29    4.7153E+28    4.2664E+28    1.3538E+29    4.2071E+29    1.1960E+30    2.7539E+30    3.6265E+30    1.8338E+30    3.6641E+29    3.7153E+28    1.0223E+29    2.4092E+29    4.6742E+29    6.6866E+29    6.8866E+29    5.0179E+29    3.0307E+29
   -8.2500E+00    8.7335E+01    1.8513E+02    1.9195E+07    7.6192E-01    3.3093E-01    7.1496E+28    2.4958E+29    8.4219E+29    2.3773E+30    3.3413E+30    1.9930E+30    4.9327E+29    4.6970E+28    4.2524E+28    1.3484E+29    4.1918E+29    1.1919E+30    2.7473E+30    3.6153E+30    1.8276E+30    3.6507E+29    3.6997E+28    1.0171E+29    2.3982E+29    4.6575E+29    6.6759E+29    6.8702E+29    5.0027E+29    3.0225E+29
   -1.4156E+01    8.6522E+01    1.8572E+02    1.8855E+07    7.5875E-01    3.3084E-01    7.1387E+28    2.4900E+29    8.3974E+29    2.3693E+30    3.3307E+30    1.9867E+30    4.9192E+29    4.6833E+28    4.2435E+28    1.3456E+29    4.1800E+29    1.1881E+30    2.7372E+30    3.6028E+30    1.8220E+30    3.6413E+29    3.6960E+28    1.0162E+29    2.3940E+29    4.6457E+29    6.6493E+29    6.8465E+29    4.9868E+29    3.0121E+29
   -2.0006E+01    8.5314E+01    1.8631E+02    1.8533E+07    7.5515E-01    3.3075E-01    7.0985E+28    2.4774E+29    8.3543E+29    2.3572E+30    3.3131E+30    1.9764E+30    4.8940E+29    4.6593E+28    4.2179E+28    1.3382E+29    4.1588E+29    1.1816E+30    2.7219E+30    3.5839E+30    1.8124E+30    3.6213E+29    3.6732E+28    1.0108E+29    2.3830E+29    4.6208E+29    6.6134E+29    6.8114E+29    4.9630E+29    2.9963E+29
   -2.5778E+01    8.3716E+01    1.8690E+02    1.8228E+07    7.5128E-01    3.3065E-01    7.0489E+28    2.4602E+29    8.2998E+29    2.3434E+30    3.2943E+30    1.9644E+30    4.8612E+29    4.6265E+28    4.1922E+28    1.3296E+29    4.1318E+29    1.1746E+30    2.7089E+30    3.5641E+30    1.8021E+30    3.5997E+29    3.6480E+28    1.0031E+29    2.3646E+29    4.5914E+29    6.5852E+29    6.7744E+29    4.9352E+29    2.9822E+29
   -3.1446E+01    8.1734E+01    1.8747E+02    1.7956E+07    7.4759E-01    3.3055E-01    7.0437E+28    2.4573E+29    8.2857E+29    2.3381E+30    3.2868E+30    1.9598E+30    4.8516E+29    4.6204E+28    4.1880E+28    1.3281E+29    4.1254E+29    1.1722E+30    2.7014E+30    3.5558E+30    1.7980E+30    3.5943E+29    3.6471E+28    1.0029E+29    2.3634E+29    4.5852E+29    6.5662E+29    6.7568E+29    4.9253E+29    2.9745E+29
   -3.6984E+01    7.9374E+01    1.8805E+02    1.7695E+07    7.4397E-01    3.3045E-01    6.9912E+28    2.4402E+29    8.2276E+29    2.3220E+30    3.2627E+30    1.9457E+30    4.8174E+29    4.5853E+28    4.1540E+28    1.3183E+29    4.0961E+29    1.1634E+30    2.6815E+30    3.5290E+30    1.7847E+30    3.5669E+29    3.6175E+28    9.9581E+28    2.3478E+29    4.5507E+29    6.5184E+29    6.7115E+29    4.8906E+29    2.9527E+29
   -4.7557E+01    7.3551E+01    1.8921E+02    1.7225E+07    7.3762E-01    3.3022E-01    6.8153E+28    2.3779E+29    8.0170E+29    2.2624E+30    3.1779E+30    1.8931E+30    4.6822E+29    4.4545E+28    4.0484E+28    1.2843E+29    3.9903E+29    1.1335E+30    2.6126E+30    3.4365E+30    1.7368E+30    3.4713E+29    3.5258E+28    9.6970E+28    2.2852E+29    4.4317E+29    6.3492E+29    6.5319E+29    4.7656E+29    2.8782E+29
   -5.7255E+01    6.6338E+01    1.9038E+02    1.6787E+07    7.3180E-01    3.2999E-01    6.7285E+28    2.3488E+29    7.9198E+29    2.2357E+30    3.1402E+30    1.8704E+30    4.6253E+29    4.4018E+28    3.9981E+28    1.2686E+29    3.9424E+29    1.1201E+30    2.5836E+30    3.3972E+30    1.7167E+30    3.4299E+29    3.4798E+28    9.5716E+28    2.2567E+29    4.3805E+29    6.2796E+29    6.4590E+29    4.7112E+29    2.8467E+29
   -6.5846E+01    5.7865E+01    1.9159E+02    1.6339E+07    7.2592E-01    3.2974E-01    6.6468E+28    2.3204E+29    7.8205E+29    2.2079E+30    3.0997E+30    1.8460E+30    4.5635E+29    4.3390E+28    3.9470E+28    1.2531E+29    3.8934E+29    1.1051E+30    2.5490E+30    3.3528E+30    1.6937E+30    3.3835E+29    3.4372E+28    9.4638E+28    2.2313E+29    4.3225E+29    6.1990E+29    6.3844E+29    4.6521E+29    2.8083E+29
   -7.3122E+01    4.8308E+01    1.9283E+02    1.5859E+07    7.1978E-01    3.2950E-01    6.5776E+28    2.2943E+29    7.7312E+29    2.1828E+30    3.0654E+30    1.8250E+30    4.5127E+29    4.2951E+28    3.9102E+28    1.2402E+29    3.8508E+29    1.0933E+30    2.5215E+30    3.3157E+30    1.6752E+30    3.3485E+29    3.4051E+28    9.3654E+28    2.2070E+29    4.2815E+29    6.1380E+29    6.3103E+29    4.6058E+29    2.7788E+29
   -7.8922E+01    3.7868E+01    1.9411E+02    1.5324E+07    7.1323E-01    3.2926E-01    6.5045E+28    2.2686E+29    7.6453E+29    2.1589E+30    3.0315E+30    1.8050E+30    4.4625E+29    4.2480E+28    3.8692E+28    1.2272E+29    3.8091E+29    1.0816E+30    2.4946E+30    3.2801E+30    1.6577E+30    3.3139E+29    3.3682E+28    9.2655E+28    2.1836E+29    4.2390E+29    6.0779E+29    6.2453E+29    4.5584E+29    2.7510E+29
   -8.3141E+01    2.6763E+01    1.9542E+02    1.4735E+07    7.0621E-01    3.2902E-01    6.4520E+28    2.2508E+29    7.5783E+29    2.1390E+30    3.0036E+30    1.7891E+30    4.4252E+29    4.2103E+28    3.8387E+28    1.2178E+29    3.7791E+29    1.0711E+30    2.4716E+30    3.2512E+30    1.6437E+30    3.2870E+29    3.3432E+28    9.2053E+28    2.1708E+29    4.2023E+29    6.0247E+29    6.2002E+29    4.5196E+29    2.7298E+29
   -8.5743E+01    1.5197E+01    1.9676E+02    1.4110E+07    6.9901E-01    3.2878E-01    6.3887E+28    2.2264E+29    7.4960E+29    2.1179E+30    2.9742E+30    1.7708E+30    4.3784E+29    4.1670E+28    3.8077E+28    1.2068E+29    3.7413E+29    1.0606E+30    2.4478E+30    3.2187E+30    1.6274E+30    3.2558E+29    3.3149E+28    9.1181E+28    2.1481E+29    4.1645E+29    5.9763E+29    6.1398E+29    4.4840E+29    2.7039E+29
   -8.6731E+01    3.3686E+00    1.9810E+02    1.3493E+07    6.9187E-01    3.2853E-01    6.3337E+28    2.2068E+29    7.4289E+29    2.0988E+30    2.9480E+30    1.7548E+30    4.3381E+29    4.1290E+28    3.7769E+28    1.1971E+29    3.7102E+29    1.0513E+30    2.4266E+30    3.1911E+30    1.6136E+30    3.2284E+29    3.2878E+28    9.0473E+28    2.1319E+29    4.1326E+29    5.9317E+29    6.0923E+29    4.4483E+29    2.6824E+29
   -8.6132E+01   -8.5417E+00    1.9945E+02    1.2920E+07    6.8473E-01    3.2825E-01    6.2708E+28    2.1849E+29    7.3501E+29    2.0752E+30    2.9120E+30    1.7339E+30    4.2877E+29    4.0790E+28    3.7427E+28    1.1866E+29    3.6748E+29    1.0398E+30    2.3994E+30    3.1544E+30    1.5953E+30    3.1942E+29    3.2584E+28    8.9754E+28    2.1157E+29    4.0937E+29    5.8715E+29    6.0281E+29    4.3968E+29    2.6559E+29
   -8.3982E+01   -2.0368E+01    2.0081E+02    1.2423E+07    6.7803E-01    3.2793E-01    6.1871E+28    2.1541E+29    7.2423E+29    2.0451E+30    2.8713E+30    1.7090E+30    4.2234E+29    4.0206E+28    3.6982E+28    1.1715E+29    3.6240E+29    1.0246E+30    2.3641E+30    3.1090E+30    1.5726E+30    3.1518E+29    3.2176E+28    8.8567E+28    2.0859E+29    4.0365E+29    5.7900E+29    5.9485E+29    4.3443E+29    2.6210E+29
   -8.0323E+01   -3.1920E+01    2.0217E+02    1.2022E+07    6.7222E-01    3.2759E-01    6.0941E+28    2.1217E+29    7.1342E+29    2.0140E+30    2.8257E+30    1.6814E+30    4.1539E+29    3.9525E+28    3.6446E+28    1.1546E+29    3.5733E+29    1.0095E+30    2.3287E+30    3.0609E+30    1.5476E+30    3.1025E+29    3.1706E+28    8.7286E+28    2.0577E+29    3.9800E+29    5.7086E+29    5.8609E+29    4.2772E+29    2.5827E+29
   -7.5213E+01   -4.2994E+01    2.0354E+02    1.1716E+07    6.6745E-01    3.2721E-01    5.9960E+28    2.0865E+29    7.0021E+29    1.9781E+30    2.7755E+30    1.6506E+30    4.0766E+29    3.8762E+28    3.5848E+28    1.1350E+29    3.5086E+29    9.9100E+29    2.2876E+30    3.0069E+30    1.5202E+30    3.0459E+29    3.1204E+28    8.5891E+28    2.0210E+29    3.9044E+29    5.6098E+29    5.7661E+29    4.2061E+29    2.5394E+29
   -6.8732E+01   -5.3369E+01    2.0493E+02    1.1492E+07    6.6366E-01    3.2679E-01    5.8635E+28    2.0413E+29    6.8665E+29    1.9395E+30    2.7173E+30    1.6149E+30    3.9858E+29    3.7906E+28    3.5053E+28    1.1108E+29    3.4398E+29    9.7261E+29    2.2418E+30    2.9450E+30    1.4874E+30    2.9817E+29    3.0496E+28    8.3952E+28    1.9796E+29    3.8391E+29    5.5033E+29    5.6484E+29    4.1191E+29    2.4885E+29
   -6.0994E+01   -6.2810E+01    2.0635E+02    1.1331E+07    6.6054E-01    3.2635E-01    5.7384E+28    1.9984E+29    6.7220E+29    1.8988E+30    2.6596E+30    1.5798E+30    3.8976E+29    3.7047E+28    3.4277E+28    1.0867E+29    3.3662E+29    9.5196E+29    2.1940E+30    2.8823E+30    1.4553E+30    2.9169E+29    2.9818E+28    8.2112E+28    1.9364E+29    3.7561E+29    5.3829E+29    5.5280E+29    4.0335E+29    2.4351E+29
   -5.2148E+01   -7.1092E+01    2.0781E+02    1.1195E+07    6.5774E-01    3.2589E-01    5.6367E+28    1.9630E+29    6.5873E+29    1.8583E+30    2.6039E+30    1.5471E+30    3.8168E+29    3.6267E+28    3.3669E+28    1.0676E+29    3.3020E+29    9.3068E+29    2.1476E+30    2.8220E+30    1.4251E+30    2.8575E+29    2.9302E+28    8.0771E+28    1.9031E+29    3.6640E+29    5.2630E+29    5.4178E+29    3.9512E+29    2.3880E+29
   -4.2397E+01   -7.8007E+01    2.0931E+02    1.1047E+07    6.5475E-01    3.2541E-01    5.5150E+28    1.9202E+29    6.4566E+29    1.8246E+30    2.5534E+30    1.5155E+30    3.7358E+29    3.5507E+28    3.2936E+28    1.0440E+29    3.2327E+29    9.1437E+29    2.1081E+30    2.7684E+30    1.3966E+30    2.7980E+29    2.8652E+28    7.8881E+28    1.8586E+29    3.6062E+29    5.1765E+29    5.3171E+29    3.8755E+29    2.3408E+29
   -3.1972E+01   -8.3391E+01    2.1088E+02    1.0846E+07    6.5101E-01    3.2493E-01    5.4155E+28    1.8848E+29    6.3339E+29    1.7890E+30    2.5041E+30    1.4866E+30    3.6650E+29    3.4812E+28    3.2347E+28    1.0248E+29    3.1722E+29    8.9652E+29    2.0665E+30    2.7138E+30    1.3699E+30    2.7468E+29    2.8152E+28    7.7466E+28    1.8252E+29    3.5357E+29    5.0688E+29    5.2100E+29    3.8041E+29    2.2970E+29
   -2.1116E+01   -8.7148E+01    2.1251E+02    1.0571E+07    6.4618E-01    3.2444E-01    5.3363E+28    1.8581E+29    6.2406E+29    1.7607E+30    2.4649E+30    1.4638E+30    3.6095E+29    3.4295E+28    3.1884E+28    1.0112E+29    3.1291E+29    8.8236E+29    2.0340E+30    2.6721E+30    1.3493E+30    2.7077E+29    2.7748E+28    7.6496E+28    1.8034E+29    3.4817E+29    4.9900E+29    5.1348E+29    3.7466E+29    2.2648E+29
   -1.0031E+01   -8.9282E+01    2.1422E+02    1.0215E+07    6.4004E-01    3.2396E-01    5.2570E+28    1.8273E+29    6.1279E+29    1.7321E+30    2.4280E+30    1.4424E+30    3.5544E+29    3.3785E+28    3.1481E+28    9.9554E+28    3.0740E+29    8.6819E+29    2.0019E+30    2.6313E+30    1.3296E+30    2.6736E+29    2.7391E+28    7.5290E+28    1.7693E+29    3.4269E+29    4.9198E+29    5.0652E+29    3.6993E+29    2.2399E+29
    1.0961E+00   -8.9849E+01    2.1599E+02    9.7996E+06    6.3293E-01    3.2346E-01    5.1775E+28    1.8010E+29    6.0493E+29    1.7085E+30    2.3930E+30    1.4218E+30    3.5041E+29    3.3329E+28    3.0994E+28    9.8166E+28    3.0365E+29    8.5661E+29    1.9738E+30    2.5950E+30    1.3108E+30    2.6390E+29    2.6967E+28    7.4271E+28    1.7520E+29    3.3907E+29    4.8582E+29    5.0014E+29    3.6465E+29    2.2065E+29
    1.2129E+01   -8.8933E+01    2.1779E+02    9.3541E+06    6.2575E-01    3.2294E-01    5.1255E+28    1.7818E+29    5.9774E+29    1.6871E+30    2.3635E+30    1.4045E+30    3.4612E+29    3.2969E+28    3.0734E+28    9.7322E+28    3.0067E+29    8.4668E+29    1.9497E+30    2.5630E+30    1.2953E+30    2.6108E+29    2.6743E+28    7.3682E+28    1.7375E+29    3.3563E+29    4.8067E+29    4.9455E+29    3.6086E+29    2.1863E+29
    2.2947E+01   -8.6603E+01    2.1965E+02    8.8897E+06    6.1865E-01    3.2240E-01    5.0557E+28    1.7553E+29    5.8834E+29    1.6599E+30    2.3255E+30    1.3821E+30    3.4048E+29    3.2418E+28    3.0364E+28    9.6038E+28    2.9614E+29    8.3334E+29    1.9174E+30    2.5218E+30    1.2746E+30    2.5731E+29    2.6432E+28    7.2783E+28    1.7135E+29    3.3097E+29    4.7337E+29    4.8735E+29    3.5565E+29    2.1567E+29
    3.3414E+01   -8.2915E+01    2.2154E+02    8.4243E+06    6.1168E-01    3.2182E-01    4.9942E+28    1.7335E+29    5.8026E+29    1.6368E+30    2.2921E+30    1.3623E+30    3.3558E+29    3.1958E+28    3.0031E+28    9.4989E+28    2.9264E+29    8.2199E+29    1.8904E+30    2.4864E+30    1.2567E+30    2.5403E+29    2.6144E+28    7.2059E+28    1.6970E+29    3.2702E+29    4.6765E+29    4.8143E+29    3.5098E+29    2.1284E+29
    4.3390E+01   -7.7962E+01    2.2346E+02    7.9771E+06    6.0506E-01    3.2120E-01    4.9233E+28    1.7084E+29    5.7074E+29    1.6095E+30    2.2544E+30    1.3394E+30    3.2981E+29    3.1409E+28    2.9646E+28    9.3763E+28    2.8833E+29    8.0869E+29    1.8590E+30    2.4462E+30    1.2362E+30    2.4995E+29    2.5803E+28    7.1167E+28    1.6739E+29    3.2232E+29    4.6064E+29    4.7427E+29    3.4582E+29    2.0978E+29
    5.2736E+01   -7.1820E+01    2.2541E+02    7.5561E+06    5.9878E-01    3.2056E-01    4.8541E+28    1.6812E+29    5.6140E+29    1.5821E+30    2.2148E+30    1.3152E+30    3.2373E+29    3.0794E+28    2.9243E+28    9.2419E+28    2.8363E+29    7.9500E+29    1.8262E+30    2.4030E+30    1.2139E+30    2.4563E+29    2.5474E+28    7.0243E+28    1.6489E+29    3.1753E+29    4.5346E+29    4.6719E+29    3.4028E+29    2.0636E+29
    6.1283E+01   -6.4591E+01    2.2736E+02    7.1686E+06    5.9289E-01    3.1990E-01    4.7840E+28    1.6552E+29    5.5290E+29    1.5575E+30    2.1794E+30    1.2942E+30    3.1845E+29    3.0319E+28    2.8888E+28    9.1123E+28    2.7964E+29    7.8338E+29    1.7979E+30    2.3651E+30    1.1950E+30    2.4204E+29    2.5161E+28    6.9245E+28    1.6278E+29    3.1353E+29    4.4724E+29    4.6032E+29    3.3537E+29    2.0351E+29
    6.8895E+01   -5.6381E+01    2.2934E+02    6.8082E+06    5.8723E-01    3.1921E-01    4.7057E+28    1.6280E+29    5.4319E+29    1.5285E+30    2.1383E+30    1.2695E+30    3.1226E+29    2.9714E+28    2.8429E+28    8.9710E+28    2.7510E+29    7.6916E+29    1.7644E+30    2.3208E+30    1.1722E+30    2.3757E+29    2.4773E+28    6.8256E+28    1.6042E+29    3.0837E+29    4.3956E+29    4.5242E+29    3.2945E+29    2.0002E+29
    7.5421E+01   -4.7323E+01    2.3133E+02    6.4735E+06    5.8175E-01    3.1852E-01    4.6451E+28    1.6048E+29    5.3478E+29    1.5041E+30    2.1030E+30    1.2481E+30    3.0688E+29    2.9203E+28    2.8088E+28    8.8590E+28    2.7116E+29    7.5717E+29    1.7355E+30    2.2825E+30    1.1524E+30    2.3375E+29    2.4487E+28    6.7485E+28    1.5840E+29    3.0418E+29    4.3315E+29    4.4594E+29    3.2442E+29    1.9692E+29
    8.0748E+01   -3.7542E+01    2.3336E+02    6.1584E+06    5.7626E-01    3.1779E-01    4.5637E+28    1.5771E+29    5.2528E+29    1.4766E+30    2.0642E+30    1.2246E+30    3.0103E+29    2.8646E+28    2.7634E+28    8.7135E+28    2.6670E+29    7.4382E+29    1.7038E+30    2.2406E+30    1.1311E+30    2.2961E+29    2.4085E+28    6.6383E+28    1.5602E+29    2.9943E+29    4.2604E+29    4.3818E+29    3.1876E+29    1.9359E+29
    8.4779E+01   -2.7195E+01    2.3541E+02    5.8698E+06    5.6862E-01    3.1706E-01    4.5096E+28    1.5576E+29    5.1777E+29    1.4540E+30    2.0323E+30    1.2052E+30    2.9620E+29    2.8164E+28    2.7320E+28    8.6133E+28    2.6318E+29    7.3254E+29    1.6772E+30    2.2061E+30    1.1136E+30    2.2597E+29    2.3826E+28    6.5742E+28    1.5439E+29    2.9539E+29    4.2007E+29    4.3234E+29    3.1416E+29    1.9073E+29
    8.7461E+01   -1.6432E+01    2.3751E+02    5.6031E+06    5.6107E-01    3.1630E-01    4.4392E+28    1.5315E+29    5.0852E+29    1.4276E+30    1.9949E+30    1.1825E+30    2.9051E+29    2.7641E+28    2.6934E+28    8.4876E+28    2.5870E+29    7.1981E+29    1.6467E+30    2.1652E+30    1.0927E+30    2.2198E+29    2.3496E+28    6.4845E+28    1.5190E+29    2.9090E+29    4.1324E+29    4.2492E+29    3.0900E+29    1.8749E+29
    8.8765E+01   -5.4221E+00    2.3964E+02    5.3570E+06    5.5419E-01    3.1552E-01    4.3840E+28    1.5100E+29    5.0065E+29    1.4036E+30    1.9607E+30    1.1620E+30    2.8543E+29    2.7151E+28    2.6611E+28    8.3754E+28    2.5496E+29    7.0826E+29    1.6189E+30    2.1288E+30    1.0740E+30    2.1818E+29    2.3242E+28    6.4107E+28    1.5008E+29    2.8692E+29    4.0690E+29    4.1822E+29    3.0392E+29    1.8449E+29
    8.8704E+01    5.6956E+00    2.4181E+02    5.1250E+06    5.4794E-01    3.1473E-01    4.3214E+28    1.4869E+29    4.9209E+29    1.3779E+30    1.9239E+30    1.1398E+30    2.7987E+29    2.6619E+28    2.6235E+28    8.2539E+28    2.5082E+29    6.9563E+29    1.5885E+30    2.0887E+30    1.0538E+30    2.1410E+29    2.2941E+28    6.3299E+28    1.4803E+29    2.8232E+29    3.9991E+29    4.1090E+29    2.9860E+29    1.8118E+29
    8.7319E+01    1.6758E+01    2.4400E+02    4.9103E+06    5.4217E-01    3.1394E-01    4.2488E+28    1.4608E+29    4.8321E+29    1.3523E+30    1.8873E+30    1.1173E+30    2.7421E+29    2.6079E+28    2.5778E+28    8.1142E+28    2.4649E+29    6.8298E+29    1.5587E+30    2.0486E+30    1.0332E+30    2.0995E+29    2.2548E+28    6.2283E+28    1.4571E+29    2.7775E+29    3.9306E+29    4.0352E+29    2.9335E+29    1.7783E+29
    8.4658E+01    2.7630E+01    2.4621E+02    4.7175E+06    5.3706E-01    3.1314E-01    4.1682E+28    1.4354E+29    4.7400E+29    1.3246E+30    1.8473E+30    1.0933E+30    2.6835E+29    2.5500E+28    2.5260E+28    7.9648E+28    2.4192E+29    6.6902E+29    1.5260E+30    2.0052E+30    1.0112E+30    2.0547E+29    2.2116E+28    6.1254E+28    1.4342E+29    2.7244E+29    3.8513E+29    3.9525E+29    2.8715E+29    1.7418E+29
    8.0778E+01    3.8156E+01    2.4842E+02    4.5526E+06    5.3269E-01    3.1237E-01    4.0800E+28    1.4060E+29    4.6446E+29    1.2973E+30    1.8088E+30    1.0699E+30    2.6236E+29    2.4944E+28    2.4728E+28    7.7982E+28    2.3699E+29    6.5569E+29    1.4949E+30    1.9634E+30    9.8960E+29    2.0111E+29    2.1640E+28    5.9949E+28    1.4051E+29    2.6740E+29    3.7759E+29    3.8714E+29    2.8150E+29    1.7075E+29
    7.5747E+01    4.8196E+01    2.5063E+02    4.4195E+06    5.2904E-01    3.1162E-01    3.9911E+28    1.3764E+29    4.5493E+29    1.2694E+30    1.7690E+30    1.0455E+30    2.5636E+29    2.4366E+28    2.4172E+28    7.6254E+28    2.3202E+29    6.4151E+29    1.4621E+30    1.9197E+30    9.6729E+29    1.9655E+29    2.1166E+28    5.8649E+28    1.3774E+29    2.6179E+29    3.6937E+29    3.7875E+29    2.7545E+29    1.6693E+29
    6.9644E+01    5.7600E+01    2.5284E+02    4.3161E+06    5.2608E-01    3.1090E-01    3.9010E+28    1.3456E+29    4.4491E+29    1.2412E+30    1.7285E+30    1.0211E+30    2.5029E+29    2.3783E+28    2.3616E+28    7.4507E+28    2.2689E+29    6.2721E+29    1.4291E+30    1.8757E+30    9.4477E+29    1.9193E+29    2.0681E+28    5.7302E+28    1.3474E+29    2.5604E+29    3.6106E+29    3.7021E+29    2.6920E+29    1.6320E+29
    6.2560E+01    6.6225E+01    2.5506E+02    4.2361E+06    5.2302E-01    3.1020E-01    3.8066E+28    1.3132E+29    4.3456E+29    1.2120E+30    1.6873E+30    9.9646E+29    2.4409E+29    2.3195E+28    2.3040E+28    7.2693E+28    2.2157E+29    6.1253E+29    1.3955E+30    1.8313E+30    9.2197E+29    1.8731E+29    2.0168E+28    5.5870E+28    1.3156E+29    2.5001E+29    3.5254E+29    3.6143E+29    2.6297E+29    1.5953E+29
    5.4606E+01    7.3920E+01    2.5729E+02    4.1688E+06    5.1969E-01    3.0950E-01    3.7190E+28    1.2838E+29    4.2497E+29    1.1847E+30    1.6484E+30    9.7306E+29    2.3834E+29    2.2624E+28    2.2493E+28    7.1005E+28    2.1661E+29    5.9847E+29    1.3637E+30    1.7894E+30    9.0038E+29    1.8289E+29    1.9695E+28    5.4587E+28    1.2869E+29    2.4432E+29    3.4451E+29    3.5326E+29    2.5691E+29    1.5570E+29
    4.5913E+01    8.0539E+01    2.5956E+02    4.1032E+06    5.1633E-01    3.0879E-01    3.6278E+28    1.2518E+29    4.1460E+29    1.1556E+30    1.6076E+30    9.4848E+29    2.3225E+29    2.2062E+28    2.1948E+28    6.9251E+28    2.1127E+29    5.8406E+29    1.3303E+30    1.7448E+30    8.7798E+29    1.7826E+29    1.9212E+28    5.3206E+28    1.2544E+29    2.3846E+29    3.3610E+29    3.4460E+29    2.5082E+29    1.5202E+29
    3.6633E+01    8.5959E+01    2.6187E+02    4.0275E+06    5.1272E-01    3.0806E-01    3.5452E+28    1.2239E+29    4.0549E+29    1.1298E+30    1.5714E+30    9.2693E+29    2.2692E+29    2.1541E+28    2.1432E+28    6.7666E+28    2.0654E+29    5.7083E+29    1.3005E+30    1.7056E+30    8.5777E+29    1.7419E+29    1.8767E+28    5.2010E+28    1.2270E+29    2.3314E+29    3.2852E+29    3.3694E+29    2.4515E+29    1.4848E+29
    2.6940E+01    9.0102E+01    2.6422E+02    3.9373E+06    5.0874E-01    3.0730E-01    3.4719E+28    1.1979E+29    3.9692E+29    1.1059E+30    1.5382E+30    9.0710E+29    2.2208E+29    2.1100E+28    2.0996E+28    6.6259E+28    2.0215E+29    5.5900E+29    1.2730E+30    1.6693E+30    8.3983E+29    1.7050E+29    1.8382E+28    5.0916E+28    1.2005E+29    2.2838E+29    3.2175E+29    3.2978E+29    2.4011E+29    1.4546E+29
    1.6999E+01    9.2955E+01    2.6662E+02    3.8306E+06    5.0438E-01    3.0651E-01    3.3966E+28    1.1725E+29    3.8862E+29    1.0828E+30    1.5059E+30    8.8794E+29    2.1735E+29    2.0642E+28    2.0533E+28    6.4826E+28    1.9786E+29    5.4723E+29    1.2463E+30    1.6344E+30    8.2196E+29    1.6687E+29    1.7980E+28    4.9823E+28    1.1753E+29    2.2364E+29    3.1502E+29    3.2294E+29    2.3514E+29    1.4242E+29
    6.9449E+00    9.4566E+01    2.6906E+02    3.7104E+06    4.9960E-01    3.0569E-01    3.3308E+28    1.1489E+29    3.8081E+29    1.0614E+30    1.4760E+30    8.7020E+29    2.1301E+29    2.0244E+28    2.0140E+28    6.3556E+28    1.9388E+29    5.3656E+29    1.2218E+30    1.6018E+30    8.0577E+29    1.6357E+29    1.7636E+28    4.8846E+28    1.1513E+29    2.1942E+29    3.0900E+29    3.1656E+29    2.3058E+29    1.3959E+29
   -3.1214E+00    9.5003E+01    2.7154E+02    3.5806E+06    4.9465E-01    3.0484E-01    3.2591E+28    1.1252E+29    3.7303E+29    1.0399E+30    1.4461E+30    8.5244E+29    2.0866E+29    1.9816E+28    1.9697E+28    6.2197E+28    1.8986E+29    5.2562E+29    1.1971E+30    1.5695E+30    7.8936E+29    1.6016E+29    1.7246E+28    4.7794E+28    1.1273E+29    2.1499E+29    3.0270E+29    3.1017E+29    2.2594E+29    1.3677E+29
   -1.3105E+01    9.4334E+01    2.7404E+02    3.4468E+06    4.8967E-01    3.0397E-01    3.2002E+28    1.1040E+29    3.6595E+29    1.0206E+30    1.4190E+30    8.3623E+29    2.0466E+29    1.9443E+28    1.9345E+28    6.1055E+28    1.8628E+29    5.1591E+29    1.1750E+30    1.5398E+30    7.7442E+29    1.5716E+29    1.6939E+28    4.6915E+28    1.1058E+29    2.1112E+29    2.9719E+29    3.0443E+29    2.2183E+29    1.3425E+29
   -2.2925E+01    9.2619E+01    2.7657E+02    3.3133E+06    4.8476E-01    3.0309E-01    3.1305E+28    1.0809E+29    3.5835E+29    9.9940E+29    1.3893E+30    8.1859E+29    2.0028E+29    1.9007E+28    1.8913E+28    5.9730E+28    1.8235E+29    5.0520E+29    1.1506E+30    1.5080E+30    7.5810E+29    1.5372E+29    1.6560E+28    4.5891E+28    1.0824E+29    2.0674E+29    2.9096E+29    2.9803E+29    2.1719E+29    1.3143E+29
   -3.2501E+01    8.9906E+01    2.7913E+02    3.1847E+06    4.8008E-01    3.0220E-01    3.0664E+28    1.0580E+29    3.5072E+29    9.7852E+29    1.3600E+30    8.0092E+29    1.9588E+29    1.8594E+28    1.8528E+28    5.8485E+28    1.7847E+29    4.9463E+29    1.1266E+30    1.4759E+30    7.4184E+29    1.5047E+29    1.6224E+28    4.4930E+28    1.0590E+29    2.0246E+29    2.8491E+29    2.9182E+29    2.1277E+29    1.2869E+29
   -4.1748E+01    8.6236E+01    2.8170E+02    3.0655E+06    4.7457E-01    3.0131E-01    3.0049E+28    1.0377E+29    3.4403E+29    9.5979E+29    1.3333E+30    7.8507E+29    1.9193E+29    1.8201E+28    1.8147E+28    5.7318E+28    1.7502E+29    4.8515E+29    1.1051E+30    1.4476E+30    7.2730E+29    1.4740E+29    1.5889E+28    4.4029E+28    1.0385E+29    1.9857E+29    2.7945E+29    2.8613E+29    2.0852E+29    1.2621E+29
   -5.0568E+01    8.1655E+01    2.8429E+02    2.9551E+06    4.6897E-01    3.0041E-01    2.9455E+28    1.0164E+29    3.3694E+29    9.4039E+29    1.3059E+30    7.6868E+29    1.8784E+29    1.7817E+28    1.7790E+28    5.6164E+28    1.7142E+29    4.7532E+29    1.0828E+30    1.4179E+30    7.1218E+29    1.4436E+29    1.5577E+28    4.3138E+28    1.0167E+29    1.9453E+29    2.7376E+29    2.8036E+29    2.0435E+29    1.2368E+29
   -5.8871E+01    7.6208E+01    2.8691E+02    2.8511E+06    4.6375E-01    2.9951E-01    2.8792E+28    9.9448E+28    3.2975E+29    9.2024E+29    1.2773E+30    7.5165E+29    1.8362E+29    1.7397E+28    1.7379E+28    5.4903E+28    1.6770E+29    4.6508E+29    1.0597E+30    1.3872E+30    6.9653E+29    1.4114E+29    1.5216E+28    4.2163E+28    9.9469E+28    1.9029E+29    2.6786E+29    2.7420E+29    1.9977E+29    1.2095E+29
   -6.6560E+01    6.9950E+01    2.8956E+02    2.7516E+06    4.5884E-01    2.9860E-01    2.8215E+28    9.7373E+28    3.2276E+29    9.0105E+29    1.2503E+30    7.3548E+29    1.7959E+29    1.7024E+28    1.7033E+28    5.3785E+28    1.6417E+29    4.5539E+29    1.0375E+30    1.3579E+30    6.8162E+29    1.3809E+29    1.4915E+28    4.1305E+28    9.7341E+28    1.8630E+29    2.6228E+29    2.6848E+29    1.9569E+29    1.1851E+29
   -7.3541E+01    6.2937E+01    2.9225E+02    2.6523E+06    4.5410E-01    2.9767E-01    2.7575E+28    9.5243E+28    3.1583E+29    8.8170E+29    1.2229E+30    7.1930E+29    1.7559E+29    1.6627E+28    1.6638E+28    5.2565E+28    1.6058E+29    4.4547E+29    1.0154E+30    1.3285E+30    6.6670E+29    1.3504E+29    1.4567E+28    4.0362E+28    9.5213E+28    1.8215E+29    2.5657E+29    2.6262E+29    1.9128E+29    1.1585E+29
   -7.9725E+01    5.5238E+01    2.9498E+02    2.5505E+06    4.4926E-01    2.9672E-01    2.7021E+28    9.3280E+28    3.0925E+29    8.6374E+29    1.1977E+30    7.0423E+29    1.7186E+29    1.6282E+28    1.6307E+28    5.1497E+28    1.5727E+29    4.3637E+29    9.9470E+29    1.3012E+30    6.5291E+29    1.3221E+29    1.4277E+28    3.9532E+28    9.3206E+28    1.7839E+29    2.5141E+29    2.5725E+29    1.8744E+29    1.1358E+29
   -8.5031E+01    4.6942E+01    2.9776E+02    2.4440E+06    4.4447E-01    2.9574E-01    2.6413E+28    9.1246E+28    3.0262E+29    8.4518E+29    1.1716E+30    6.8877E+29    1.6801E+29    1.5901E+28    1.5930E+28    5.0337E+28    1.5383E+29    4.2681E+29    9.7341E+29    1.2732E+30    6.3852E+29    1.2927E+29    1.3948E+28    3.8641E+28    9.1175E+28    1.7444E+29    2.4589E+29    2.5167E+29    1.8330E+29    1.1105E+29
   -8.9399E+01    3.8145E+01    3.0060E+02    2.3351E+06    4.3957E-01    2.9471E-01    2.5841E+28    8.9219E+28    2.9579E+29    8.2651E+29    1.1453E+30    6.7319E+29    1.6420E+29    1.5550E+28    1.5590E+28    4.9238E+28    1.5039E+29    4.1733E+29    9.5216E+29    1.2449E+30    6.2423E+29    1.2636E+29    1.3648E+28    3.7790E+28    8.9096E+28    1.7054E+29    2.4055E+29    2.4605E+29    1.7924E+29    1.0866E+29
   -9.2787E+01    2.8951E+01    3.0348E+02    2.2267E+06    4.3404E-01    2.9366E-01    2.5287E+28    8.7375E+28    2.8983E+29    8.0984E+29    1.1220E+30    6.5933E+29    1.6073E+29    1.5206E+28    1.5246E+28    4.8186E+28    1.4730E+29    4.0872E+29    9.3300E+29    1.2199E+30    6.1128E+29    1.2374E+29    1.3347E+28    3.6979E+28    8.7275E+28    1.6699E+29    2.3564E+29    2.4106E+29    1.7556E+29    1.0641E+29
   -9.5181E+01    1.9469E+01    3.0642E+02    2.1204E+06    4.2728E-01    2.9257E-01    2.4720E+28    8.5362E+28    2.8303E+29    7.9141E+29    1.0959E+30    6.4386E+29    1.5695E+29    1.4860E+28    1.4910E+28    4.7099E+28    1.4387E+29    3.9931E+29    9.1191E+29    1.1916E+30    5.9709E+29    1.2083E+29    1.3052E+28    3.6139E+28    8.5192E+28    1.6310E+29    2.3030E+29    2.3549E+29    1.7149E+29    1.0404E+29
   -9.6582E+01    9.7897E+00    3.0940E+02    2.0181E+06    4.2102E-01    2.9146E-01    2.4165E+28    8.3517E+28    2.7705E+29    7.7459E+29    1.0724E+30    6.3004E+29    1.5349E+29    1.4515E+28    1.4565E+28    4.6042E+28    1.4078E+29    3.9065E+29    8.9276E+29    1.1667E+30    5.8413E+29    1.1821E+29    1.2750E+28    3.5323E+28    8.3374E+28    1.5953E+29    2.2537E+29    2.3044E+29    1.6777E+29    1.0179E+29
   -9.6996E+01    1.0286E-02    3.1244E+02    1.9212E+06    4.1510E-01    2.9033E-01    2.3604E+28    8.1506E+28    2.7024E+29    7.5608E+29    1.0463E+30    6.1442E+29    1.4968E+29    1.4167E+28    1.4229E+28    4.4959E+28    1.3734E+29    3.8118E+29    8.7142E+29    1.1382E+30    5.6985E+29    1.1532E+29    1.2456E+28    3.4491E+28    8.1298E+28    1.5564E+29    2.2004E+29    2.2495E+29    1.6374E+29    9.9368E+28
   -9.6441E+01   -9.7788E+00    3.1554E+02    1.8275E+06    4.0962E-01    2.8917E-01    2.2971E+28    7.9402E+28    2.6341E+29    7.3693E+29    1.0194E+30    5.9866E+29    1.4575E+29    1.3779E+28    1.3838E+28    4.3753E+28    1.3381E+29    3.7132E+29    8.4953E+29    1.1095E+30    5.5513E+29    1.1229E+29    1.2113E+28    3.3559E+28    7.9209E+28    1.5157E+29    2.1437E+29    2.1913E+29    1.5946E+29    9.6877E+28
   -9.4961E+01   -1.9496E+01    3.1867E+02    1.7399E+06    4.0445E-01    2.8801E-01    2.2450E+28    7.7545E+28    2.5714E+29    7.1982E+29    9.9545E+29    5.8422E+29    1.4223E+29    1.3456E+28    1.3528E+28    4.2750E+28    1.3064E+29    3.6263E+29    8.2993E+29    1.0834E+30    5.4184E+29    1.0966E+29    1.1841E+28    3.2784E+28    7.7285E+28    1.4797E+29    2.0944E+29    2.1402E+29    1.5583E+29    9.4607E+28
   -9.2595E+01   -2.9056E+01    3.2183E+02    1.6605E+06    3.9991E-01    2.8686E-01    2.1863E+28    7.5579E+28    2.5074E+29    7.0187E+29    9.6999E+29    5.6924E+29    1.3851E+29    1.3088E+28    1.3162E+28    4.1625E+28    1.2733E+29    3.5336E+29    8.0916E+29    1.0561E+30    5.2797E+29    1.0679E+29    1.1522E+28    3.1920E+28    7.5336E+28    1.4416E+29    2.0413E+29    2.0864E+29    1.5175E+29    9.2247E+28
   -8.9369E+01   -3.8379E+01    3.2503E+02    1.5898E+06    3.9480E-01    2.8572E-01    2.1295E+28    7.3570E+28    2.4396E+29    6.8321E+29    9.4390E+29    5.5361E+29    1.3470E+29    1.2738E+28    1.2824E+28    4.0533E+28    1.2391E+29    3.4392E+29    7.8776E+29    1.0277E+30    5.1353E+29    1.0392E+29    1.1225E+28    3.1077E+28    7.3267E+28    1.4026E+29    1.9871E+29    2.0305E+29    1.4779E+29    8.9788E+28
   -8.5321E+01   -4.7385E+01    3.2827E+02    1.5272E+06    3.8969E-01    2.8460E-01    2.0687E+28    7.1513E+28    2.3722E+29    6.6425E+29    9.1724E+29    5.3786E+29    1.3083E+29    1.2357E+28    1.2448E+28    3.9371E+28    1.2044E+29    3.3420E+29    7.6593E+29    9.9914E+29    4.9895E+29    1.0090E+29    1.0898E+28    3.0188E+28    7.1228E+28    1.3627E+29    1.9313E+29    1.9739E+29    1.4354E+29    8.7252E+28
   -8.0493E+01   -5.5995E+01    3.3154E+02    1.4723E+06    3.8513E-01    2.8349E-01    2.0136E+28    6.9569E+28    2.3071E+29    6.4628E+29    8.9200E+29    5.2278E+29    1.2711E+29    1.2015E+28    1.2119E+28    3.8310E+28    1.1713E+29    3.2511E+29    7.4519E+29    9.7168E+29    4.8504E+29    9.8122E+28    1.0609E+28    2.9367E+28    6.9237E+28    1.3253E+29    1.8793E+29    1.9201E+29    1.3971E+29    8.4875E+28
   -7.4928E+01   -6.4129E+01    3.3486E+02    1.4237E+06    3.8117E-01    2.8240E-01    1.9515E+28    6.7473E+28    2.2379E+29    6.2679E+29    8.6477E+29    5.0662E+29    1.2316E+29    1.1629E+28    1.1736E+28    3.7130E+28    1.1358E+29    3.1520E+29    7.2281E+29    9.4234E+29    4.7009E+29    9.5069E+28    1.0275E+28    2.8466E+28    6.7141E+28    1.2845E+29    1.8219E+29    1.8619E+29    1.3543E+29    8.2265E+28
   -6.8691E+01   -7.1703E+01    3.3822E+02    1.3806E+06    3.7763E-01    2.8131E-01    1.8951E+28    6.5478E+28    2.1709E+29    6.0823E+29    8.3880E+29    4.9122E+29    1.1938E+29    1.1279E+28    1.1398E+28    3.6042E+28    1.1017E+29    3.0579E+29    7.0126E+29    9.1401E+29    4.5587E+29    9.2212E+28    9.9798E+27    2.7632E+28    6.5096E+28    1.2460E+29    1.7678E+29    1.8065E+29    1.3144E+29    7.9838E+28
   -6.1839E+01   -7.8644E+01    3.4162E+02    1.3411E+06    3.7434E-01    2.8023E-01    1.8365E+28    6.3510E+28    2.1064E+29    5.9004E+29    8.1351E+29    4.7617E+29    1.1570E+29    1.0921E+28    1.1039E+28    3.4931E+28    1.0688E+29    2.9660E+29    6.8038E+29    8.8667E+29    4.4195E+29    8.9368E+28    9.6644E+27    2.6773E+28    6.3155E+28    1.2081E+29    1.7146E+29    1.7521E+29    1.2749E+29    7.7395E+28
   -5.4450E+01   -8.4871E+01    3.4507E+02    1.3027E+06    3.7125E-01    2.7913E-01    1.7796E+28    6.1521E+28    2.0400E+29    5.7163E+29    7.8772E+29    4.6093E+29    1.1196E+29    1.0571E+28    1.0696E+28    3.3840E+28    1.0350E+29    2.8727E+29    6.5908E+29    8.5866E+29    4.2787E+29    8.6531E+28    9.3651E+27    2.5937E+28    6.1126E+28    1.1699E+29    1.6607E+29    1.6975E+29    1.2350E+29    7.4995E+28
   -4.6610E+01   -9.0313E+01    3.4856E+02    1.2643E+06    3.6823E-01    2.7802E-01    1.7262E+28    5.9675E+28    1.9784E+29    5.5438E+29    7.6376E+29    4.4671E+29    1.0850E+29    1.0242E+28    1.0373E+28    3.2822E+28    1.0036E+29    2.7855E+29    6.3920E+29    8.3264E+29    4.1475E+29    8.3882E+28    9.0828E+27    2.5160E+28    5.9278E+28    1.1342E+29    1.6106E+29    1.6463E+29    1.1980E+29    7.2690E+28
   -3.8414E+01   -9.4914E+01    3.5210E+02    1.2246E+06    3.6513E-01    2.7688E-01    1.6698E+28    5.7756E+28    1.9159E+29    5.3694E+29    7.3953E+29    4.3245E+29    1.0499E+29    9.9056E+27    1.0031E+28    3.1748E+28    9.7182E+28    2.6973E+29    6.1911E+29    8.0635E+29    4.0151E+29    8.1191E+28    8.7808E+27    2.4323E+28    5.7380E+28    1.0979E+29    1.5595E+29    1.5945E+29    1.1600E+29    7.0402E+28
   -2.9962E+01   -9.8639E+01    3.5569E+02    1.1831E+06    3.6150E-01    2.7570E-01    1.6203E+28    5.5987E+28    1.8560E+29    5.2022E+29    7.1635E+29    4.1871E+29    1.0167E+29    9.5984E+27    9.7359E+27    3.0793E+28    9.4151E+28    2.6129E+29    5.9977E+29    7.8114E+29    3.8886E+29    7.8633E+28    8.5264E+27    2.3602E+28    5.5593E+28    1.0636E+29    1.5112E+29    1.5448E+29    1.1244E+29    6.8175E+28
   -2.1345E+01   -1.0148E+02    3.5933E+02    1.1397E+06    3.5689E-01    2.7449E-01    1.5660E+28    5.4176E+28    1.7976E+29    5.0398E+29    6.9377E+29    4.0548E+29    9.8401E+28    9.2799E+27    9.4025E+27    2.9766E+28    9.1155E+28    2.5307E+29    5.8115E+29    7.5678E+29    3.7656E+29    7.6111E+28    8.2298E+27    2.2796E+28    5.3788E+28    1.0296E+29    1.4633E+29    1.4964E+29    1.0884E+29    6.6055E+28
   -1.2650E+01   -1.0345E+02    3.6302E+02    1.0950E+06    3.5225E-01    2.7324E-01    1.5215E+28    5.2577E+28    1.7429E+29    4.8870E+29    6.7265E+29    3.9297E+29    9.5396E+28    9.0041E+27    9.1389E+27    2.8911E+28    8.8405E+28    2.4536E+29    5.6344E+29    7.3365E+29    3.6503E+29    7.3786E+28    8.0032E+27    2.2157E+28    5.2184E+28    9.9841E+28    1.4194E+29    1.4512E+29    1.0564E+29    6.4014E+28
   -3.9403E+00   -1.0458E+02    3.6676E+02    1.0498E+06    3.4782E-01    2.7196E-01    1.4728E+28    5.0947E+28    1.6902E+29    4.7399E+29    6.5224E+29    3.8106E+29    9.2471E+28    8.7201E+27    8.8412E+27    2.7990E+28    8.5705E+28    2.3789E+29    5.4650E+29    7.1166E+29    3.5396E+29    7.1514E+28    7.7396E+27    2.1437E+28    5.0575E+28    9.6764E+28    1.3759E+29    1.4075E+29    1.0238E+29    6.2089E+28
    4.7302E+00   -1.0492E+02    3.7055E+02    1.0045E+06    3.4342E-01    2.7065E-01    1.4286E+28    4.9421E+28    1.6396E+29    4.5991E+29    6.3279E+29    3.6952E+29    8.9663E+28    8.4550E+27    8.5759E+27    2.7150E+28    8.3133E+28    2.3078E+29    5.3023E+29    6.9047E+29    3.4330E+29    6.9349E+28    7.5069E+27    2.0790E+28    4.9042E+28    9.3856E+28    1.3346E+29    1.3658E+29    9.9393E+28    6.0217E+28
    1.3320E+01   -1.0450E+02    3.7440E+02    9.5828E+05    3.3917E-01    2.6930E-01    1.3884E+28    4.7977E+28    1.5903E+29    4.4623E+29    6.1371E+29    3.5838E+29    8.6962E+28    8.2061E+27    8.3360E+27    2.6375E+28    8.0651E+28    2.2385E+29    5.1431E+29    6.6986E+29    3.3300E+29    6.7270E+28    7.3007E+27    2.0210E+28    4.7585E+28    9.1043E+28    1.2947E+29    1.3256E+29    9.6408E+28    5.8426E+28
    2.1790E+01   -1.0335E+02    3.7830E+02    9.1219E+05    3.3499E-01    2.6792E-01    1.3454E+28    4.6555E+28    1.5449E+29    4.3363E+29    5.9637E+29    3.4803E+29    8.4423E+28    7.9576E+27    8.0721E+27    2.5563E+28    7.8311E+28    2.1745E+29    4.9974E+29    6.5096E+29    3.2340E+29    6.5299E+28    7.0650E+27    1.9568E+28    4.6168E+28    8.8393E+28    1.2570E+29    1.2879E+29    9.3719E+28    5.6738E+28
    3.0103E+01   -1.0148E+02    3.8228E+02    8.6627E+05    3.3083E-01    2.6649E-01    1.3077E+28    4.5202E+28    1.4984E+29    4.2059E+29    5.7824E+29    3.3750E+29    8.1873E+28    7.7232E+27    7.8494E+27    2.4840E+28    7.5981E+28    2.1089E+29    4.8452E+29    6.3139E+29    3.1369E+29    6.3337E+28    6.8739E+27    1.9030E+28    4.4817E+28    8.5745E+28    1.2194E+29    1.2497E+29    9.0880E+28    5.5047E+28
    3.8223E+01   -9.8950E+01    3.8630E+02    8.2249E+05    3.2554E-01    2.6506E-01    1.2711E+28    4.3970E+28    1.4584E+29    4.0942E+29    5.6286E+29    3.2839E+29    7.9647E+28    7.5078E+27    7.6268E+27    2.4147E+28    7.3940E+28    2.0524E+29    4.7157E+29    6.1464E+29    3.0524E+29    6.1608E+28    6.6769E+27    1.8490E+28    4.3601E+28    8.3419E+28    1.1863E+29    1.2168E+29    8.8496E+28    5.3568E+28
    4.6114E+01   -9.5790E+01    3.9038E+02    7.8097E+05    3.2055E-01    2.6360E-01    1.2328E+28    4.2661E+28    1.4154E+29    3.9742E+29    5.4623E+29    3.1859E+29    7.7234E+28    7.2789E+27    7.3947E+27    2.3421E+28    7.1742E+28    1.9918E+29    4.5765E+29    5.9661E+29    2.9614E+29    5.9774E+28    6.4726E+27    1.7927E+28    4.2287E+28    8.0938E+28    1.1510E+29    1.1813E+29    8.5904E+28    5.1979E+28
    5.3730E+01   -9.2026E+01    3.9450E+02    7.4214E+05    3.1598E-01    2.6214E-01    1.2031E+28    4.1573E+28    1.3780E+29    3.8695E+29    5.3166E+29    3.0999E+29    7.5168E+28    7.0898E+27    7.2175E+27    2.2840E+28    6.9866E+28    1.9390E+29    4.4541E+29    5.8074E+29    2.8825E+29    5.8154E+28    6.3216E+27    1.7497E+28    4.1199E+28    7.8806E+28    1.1207E+29    1.1506E+29    8.3665E+28    5.0621E+28
    6.1027E+01   -8.7684E+01    3.9867E+02    7.0489E+05    3.1164E-01    2.6067E-01    1.1654E+28    4.0336E+28    1.3383E+29    3.7588E+29    5.1637E+29    3.0103E+29    7.2943E+28    6.8726E+27    6.9876E+27    2.2135E+28    6.7818E+28    1.8830E+29    4.3263E+29    5.6418E+29    2.7989E+29    5.6471E+28    6.1163E+27    1.6940E+28    3.9961E+28    7.6489E+28    1.0878E+29    1.1179E+29    8.1257E+28    4.9159E+28
    6.7957E+01   -8.2791E+01    4.0289E+02    6.6883E+05    3.0757E-01    2.5918E-01    1.1336E+28    3.9220E+28    1.3006E+29    3.6529E+29    5.0175E+29    2.9240E+29    7.0856E+28    6.6781E+27    6.7973E+27    2.1528E+28    6.5918E+28    1.8299E+29    4.2033E+29    5.4827E+29    2.7194E+29    5.4850E+28    5.9509E+27    1.6481E+28    3.8849E+28    7.4333E+28    1.0571E+29    1.0867E+29    7.9010E+28    4.7783E+28
    7.4469E+01   -7.7371E+01    4.0716E+02    6.3436E+05    3.0366E-01    2.5768E-01    1.1027E+28    3.8139E+28    1.2644E+29    3.5511E+29    4.8767E+29    2.8416E+29    6.8851E+28    6.4903E+27    6.6115E+27    2.0938E+28    6.4083E+28    1.7786E+29    4.0853E+29    5.3296E+29    2.6432E+29    5.3307E+28    5.7896E+27    1.6033E+28    3.7770E+28    7.2249E+28    1.0275E+29    1.0568E+29    7.6813E+28    4.6446E+28
    8.0514E+01   -7.1451E+01    4.1149E+02    6.0152E+05    2.9930E-01    2.5615E-01    1.0684E+28    3.6978E+28    1.2271E+29    3.4474E+29    4.7347E+29    2.7572E+29    6.6771E+28    6.2907E+27    6.4032E+27    2.0284E+28    6.2161E+28    1.7264E+29    3.9659E+29    5.1741E+29    2.5646E+29    5.1709E+28    5.6046E+27    1.5519E+28    3.6604E+28    7.0088E+28    9.9683E+28    1.0262E+29    7.4630E+28    4.5087E+28
    8.6046E+01   -6.5066E+01    4.1588E+02    5.6938E+05    2.9441E-01    2.5460E-01    1.0407E+28    3.5981E+28    1.1928E+29    3.3505E+29    4.6003E+29    2.6793E+29    6.4894E+28    6.1185E+27    6.2387E+27    1.9752E+28    6.0443E+28    1.6778E+29    3.8535E+29    5.0288E+29    2.4929E+29    5.0261E+28    5.4636E+27    1.5125E+28    3.5613E+28    6.8134E+28    9.6908E+28    9.9762E+28    7.2531E+28    4.3835E+28
    9.1020E+01   -5.8255E+01    4.2033E+02    5.3818E+05    2.8980E-01    2.5302E-01    1.0096E+28    3.4938E+28    1.1590E+29    3.2555E+29    4.4704E+29    2.6027E+29    6.3019E+28    5.9372E+27    6.0508E+27    1.9166E+28    5.8717E+28    1.6301E+29    3.7442E+29    4.8867E+29    2.4217E+29    4.8809E+28    5.2971E+27    1.4667E+28    3.4586E+28    6.6179E+28    9.4119E+28    9.6957E+28    7.0510E+28    4.2595E+28
    9.5400E+01   -5.1059E+01    4.2484E+02    5.0835E+05    2.8554E-01    2.5142E-01    9.8120E+27    3.3962E+28    1.1269E+29    3.1655E+29    4.3475E+29    2.5304E+29    6.1252E+28    5.7699E+27    5.8787E+27    1.8625E+28    5.7077E+28    1.5850E+29    3.6406E+29    4.7519E+29    2.3546E+29    4.7457E+28    5.1456E+27    1.4249E+28    3.3607E+28    6.4336E+28    9.1496E+28    9.4269E+28    6.8603E+28    4.1419E+28
    9.9159E+01   -4.3536E+01    4.2943E+02    4.7913E+05    2.8136E-01    2.4980E-01    9.5369E+27    3.2961E+28    1.0926E+29    3.0685E+29    4.2134E+29    2.4522E+29    5.9369E+28    5.5975E+27    5.7152E+27    1.8090E+28    5.5351E+28    1.5364E+29    3.5284E+29    4.6057E+29    2.2824E+29    4.5986E+28    5.0064E+27    1.3853E+28    3.2609E+28    6.2378E+28    8.8722E+28    9.1385E+28    6.6524E+28    4.0170E+28
    1.0230E+02   -3.5745E+01    4.3408E+02    4.5089E+05    2.7744E-01    2.4814E-01    9.2275E+27    3.1949E+28    1.0602E+29    2.9777E+29    4.0902E+29    2.3797E+29    5.7581E+28    5.4231E+27    5.5271E+27    1.7514E+28    5.3681E+28    1.4908E+29    3.4243E+29    4.4697E+29    2.2147E+29    4.4631E+28    4.8379E+27    1.3398E+28    3.1601E+28    6.0496E+28    8.6043E+28    8.8656E+28    6.4623E+28    3.8989E+28
    1.0481E+02   -2.7740E+01    4.3879E+02    4.2447E+05    2.7301E-01    2.4647E-01    8.9634E+27    3.1026E+28    1.0292E+29    2.8900E+29    3.9696E+29    2.3092E+29    5.5876E+28    5.2640E+27    5.3694E+27    1.7011E+28    5.2113E+28    1.4470E+29    3.3231E+29    4.3373E+29    2.1496E+29    4.3302E+28    4.7006E+27    1.3017E+28    3.0685E+28    5.8719E+28    8.3519E+28    8.6032E+28    6.2743E+28    3.7857E+28
    1.0671E+02   -1.9571E+01    4.4356E+02    3.9954E+05    2.6792E-01    2.4478E-01    8.7022E+27    3.0106E+28    9.9814E+28    2.8023E+29    3.8488E+29    2.2387E+29    5.4165E+28    5.1036E+27    5.2130E+27    1.6511E+28    5.0542E+28    1.4030E+29    3.2218E+29    4.2046E+29    2.0843E+29    4.1982E+28    4.5655E+27    1.2641E+28    2.9770E+28    5.6944E+28    8.0990E+28    8.3404E+28    6.0869E+28    3.6715E+28
    1.0799E+02   -1.1288E+01    4.4838E+02    3.7644E+05    2.6337E-01    2.4309E-01    8.4240E+27    2.9166E+28    9.6806E+28    2.7185E+29    3.7352E+29    2.1710E+29    5.2497E+28    4.9438E+27    5.0435E+27    1.5981E+28    4.8991E+28    1.3608E+29    3.1257E+29    4.0783E+29    2.0213E+29    4.0705E+28    4.4146E+27    1.2223E+28    2.8829E+28    5.5207E+28    7.8525E+28    8.0898E+28    5.9136E+28    3.5627E+28
    1.0866E+02   -2.9288E+00    4.5327E+02    3.5525E+05    2.5926E-01    2.4142E-01    8.1739E+27    2.8276E+28    9.3760E+28    2.6320E+29    3.6149E+29    2.1018E+29    5.0828E+28    4.7891E+27    4.8950E+27    1.5503E+28    4.7461E+28    1.3176E+29    3.0256E+29    3.9477E+29    1.9571E+29    3.9413E+28    4.2870E+27    1.1867E+28    2.7949E+28    5.3465E+28    7.6048E+28    7.8310E+28    5.7241E+28    3.4517E+28
    1.0873E+02    5.4632E+00    4.5822E+02    3.3523E+05    2.5543E-01    2.3975E-01    7.9069E+27    2.7374E+28    9.0813E+28    2.5489E+29    3.5006E+29    2.0345E+29    4.9183E+28    4.6311E+27    4.7335E+27    1.4998E+28    4.5953E+28    1.2759E+29    2.9300E+29    3.8220E+29    1.8948E+29    3.8145E+28    4.1444E+27    1.1477E+28    2.7055E+28    5.1765E+28    7.3622E+28    7.5817E+28    5.5460E+28    3.3433E+28
    1.0821E+02    1.3848E+01    4.6324E+02    3.1634E+05    2.5193E-01    2.3809E-01    7.6356E+27    2.6444E+28    8.7768E+28    2.4637E+29    3.3841E+29    1.9662E+29    4.7513E+28    4.4726E+27    4.5693E+27    1.4481E+28    4.4396E+28    1.2331E+29    2.8320E+29    3.6937E+29    1.8310E+29    3.6868E+28    3.9997E+27    1.1076E+28    2.6124E+28    5.0011E+28    7.1137E+28    7.3276E+28    5.3657E+28    3.2331E+28
    1.0712E+02    2.2188E+01    4.6831E+02    2.9923E+05    2.4760E-01    2.3643E-01    7.4241E+27    2.5670E+28    8.5099E+28    2.3881E+29    3.2790E+29    1.9049E+29    4.6041E+28    4.3379E+27    4.4440E+27    1.4070E+28    4.3057E+28    1.1953E+29    2.7445E+29    3.5788E+29    1.7746E+29    3.5717E+28    3.8935E+27    1.0773E+28    2.5354E+28    4.8498E+28    6.8980E+28    7.1022E+28    5.2015E+28    3.1343E+28
    1.0545E+02    3.0445E+01    4.7344E+02    2.8318E+05    2.4331E-01    2.3478E-01    7.1691E+27    2.4823E+28    8.2378E+28    2.3118E+29    3.1744E+29    1.8437E+29    4.4534E+28    4.1916E+27    4.2893E+27    1.3592E+28    4.1659E+28    1.1569E+29    2.6569E+29    3.4641E+29    1.7173E+29    3.4571E+28    3.7554E+27    1.0397E+28    2.4515E+28    4.6923E+28    6.6739E+28    6.8738E+28    5.0385E+28    3.0364E+28
    1.0324E+02    3.8576E+01    4.7864E+02    2.6844E+05    2.3949E-01    2.3314E-01    6.9153E+27    2.3944E+28    7.9457E+28    2.2297E+29    3.0607E+29    1.7774E+29    4.2924E+28    4.0403E+27    4.1373E+27    1.3109E+28    4.0177E+28    1.1159E+29    2.5624E+29    3.3403E+29    1.6560E+29    3.3326E+28    3.6222E+27    1.0027E+28    2.3640E+28    4.5249E+28    6.4365E+28    6.6287E+28    4.8592E+28    2.9290E+28
    1.0052E+02    4.6545E+01    4.8389E+02    2.5502E+05    2.3602E-01    2.3153E-01    6.6969E+27    2.3164E+28    7.6790E+28    2.1542E+29    2.9557E+29    1.7167E+29    4.1460E+28    3.9043E+27    4.0062E+27    1.2690E+28    3.8836E+28    1.0781E+29    2.4754E+29    3.2262E+29    1.5996E+29    3.2199E+28    3.5098E+27    9.7161E+27    2.2864E+28    4.3732E+28    6.2200E+28    6.4032E+28    4.6930E+28    2.8320E+28
    9.7298E+01    5.4307E+01    4.8919E+02    2.4255E+05    2.3288E-01    2.2998E-01    6.4447E+27    2.2325E+28    7.4098E+28    2.0789E+29    2.8526E+29    1.6560E+29    3.9964E+28    3.7600E+27    3.8539E+27    1.2216E+28    3.7456E+28    1.0404E+29    2.3891E+29    3.1132E+29    1.5429E+29    3.1050E+28    3.3738E+27    9.3421E+27    2.2031E+28    4.2179E+28    5.9994E+28    6.1780E+28    4.5316E+28    2.7328E+28
    9.3599E+01    6.1820E+01    4.9455E+02    2.3066E+05    2.2989E-01    2.2846E-01    6.2145E+27    2.1519E+28    7.1390E+28    2.0022E+29    2.7457E+29    1.5942E+29    3.8473E+28    3.6196E+27    3.7165E+27    1.1777E+28    3.6092E+28    1.0021E+29    2.3005E+29    2.9971E+29    1.4858E+29    2.9898E+28    3.2546E+27    9.0105E+27    2.1241E+28    4.0630E+28    5.7785E+28    5.9501E+28    4.3617E+28    2.6339E+28
    8.9444E+01    6.9030E+01    4.9996E+02    2.1940E+05    2.2624E-01    2.2695E-01    5.9917E+27    2.0739E+28    6.8765E+28    1.9281E+29    2.6434E+29    1.5348E+29    3.7033E+28    3.4847E+27    3.5825E+27    1.1352E+28    3.4767E+28    9.6501E+28    2.2153E+29    2.8855E+29    1.4305E+29    2.8781E+28    3.1383E+27    8.6897E+27    2.0467E+28    3.9131E+28    5.5648E+28    5.7294E+28    4.2002E+28    2.5370E+28
